total cost: 345387
1 2 0
1 2 553
1 2 288
1 2 767
1 2 0
1 2 0
1 2 616
1 2 180
1 2 257
1 2 932
1 2 0
2 1 0
2 1 220
2 1 802
2 1 0
2 1 0
2 1 463
2 1 539
2 1 693
2 1 0
3 1 0
3 1 254
3 1 577
3 1 408
3 1 801
3 1 459
3 1 0
3 1 0
3 1 790
3 1 0
3 1 0
3 1 141
3 1 0
4 2 0
4 2 645
4 2 865
4 2 189
4 2 428
4 2 0
4 2 0
4 2 307
4 2 793
4 2 654
4 2 0
5 1 0
5 1 605
5 1 593
5 1 754
5 1 947
5 1 974
5 1 716
5 1 525
5 1 8
5 1 476
5 1 205
5 1 0
6 1 0
6 1 57
6 1 843
6 1 281
6 1 717
6 1 532
6 1 423
6 1 544
6 1 304
6 1 0
6 1 0
6 1 0
7 2 0
7 2 856
7 2 763
7 2 831
7 2 939
7 2 0
7 2 0
7 2 954
7 2 161
7 2 652
7 2 520
7 2 535
7 2 0
8 2 0
8 2 354
8 2 442
8 2 749
8 2 319
8 2 401
8 2 229
8 2 0
9 1 0
9 1 170
9 1 400
9 1 798
9 1 468
9 1 641
9 1 742
9 1 0
10 1 0
10 1 0
11 1 0
11 1 0
12 2 0
12 2 154
12 2 0
12 2 0
12 2 37
12 2 855
12 2 269
12 2 397
12 2 212
12 2 0
13 2 0
13 2 462
13 2 813
13 2 478
13 2 975
13 2 759
13 2 0
13 2 0
13 2 124
13 2 475
13 2 799
13 2 0
14 2 0
14 2 4
14 2 911
14 2 899
14 2 250
14 2 826
14 2 700
14 2 783
14 2 217
14 2 897
14 2 815
14 2 0
15 2 0
15 2 454
15 2 283
15 2 714
15 2 293
15 2 0
16 2 0
16 2 689
16 2 380
16 2 64
16 2 391
16 2 0
17 1 0
17 1 710
17 1 440
17 1 216
17 1 732
17 1 600
17 1 0
17 1 0
17 1 0
18 2 0
18 2 501
18 2 682
18 2 922
18 2 101
18 2 470
18 2 106
18 2 477
18 2 360
18 2 223
18 2 0
19 2 0
19 2 602
19 2 237
19 2 570
19 2 0
19 2 0
19 2 919
19 2 356
19 2 0
20 2 0
20 2 164
20 2 92
20 2 650
20 2 885
20 2 323
20 2 178
20 2 0
21 2 0
21 2 612
21 2 591
21 2 504
21 2 0
22 2 0
22 2 841
22 2 7
22 2 543
22 2 992
22 2 437
22 2 40
22 2 246
22 2 990
22 2 844
22 2 0
22 2 0
22 2 0
23 2 0
23 2 565
23 2 850
23 2 58
23 2 871
23 2 36
23 2 264
23 2 63
23 2 99
23 2 807
23 2 0
23 2 0
23 2 0
24 1 0
24 1 489
24 1 741
24 1 107
24 1 967
24 1 0
24 1 0
24 1 0
25 1 0
25 1 284
25 1 338
25 1 945
25 1 880
25 1 345
25 1 200
25 1 0
26 2 0
26 2 291
26 2 542
26 2 266
26 2 399
26 2 680
26 2 873
26 2 438
26 2 581
26 2 509
26 2 0
26 2 0
26 2 0
27 1 0
27 1 846
27 1 473
27 1 949
27 1 692
27 1 852
27 1 0
27 1 0
27 1 0
28 1 0
28 1 820
28 1 925
28 1 9
28 1 324
28 1 0
28 1 0
28 1 510
28 1 276
28 1 784
28 1 0
29 2 0
29 2 128
29 2 866
29 2 54
29 2 418
29 2 84
29 2 709
29 2 776
29 2 668
29 2 0
29 2 0
29 2 0
30 2 0
30 2 816
30 2 863
30 2 868
30 2 910
30 2 524
30 2 279
30 2 0
30 2 0
30 2 590
30 2 148
30 2 0
31 2 0
31 2 609
31 2 738
31 2 796
31 2 349
31 2 0
31 2 0
31 2 171
31 2 114
31 2 508
31 2 0
32 2 0
32 2 113
32 2 456
32 2 102
32 2 351
32 2 921
32 2 0
32 2 0
32 2 810
32 2 0
33 2 0
33 2 389
33 2 538
33 2 446
33 2 580
33 2 232
33 2 808
33 2 495
33 2 512
33 2 0
34 2 0
34 2 907
34 2 666
34 2 207
34 2 168
34 2 71
34 2 44
34 2 383
34 2 545
34 2 0
35 1 0
35 1 158
35 1 541
35 1 204
35 1 392
35 1 563
35 1 964
35 1 940
35 1 0
35 1 0
35 1 0
36 1 0
36 1 17
36 1 715
36 1 781
36 1 425
36 1 0
36 1 0
36 1 561
36 1 230
36 1 0
37 1 0
37 1 529
37 1 603
37 1 644
37 1 0
38 1 0
38 1 606
38 1 955
38 1 562
38 1 752
38 1 410
38 1 664
38 1 0
38 1 0
38 1 678
38 1 436
38 1 0
39 1 0
39 1 153
39 1 394
39 1 453
39 1 88
39 1 0
39 1 0
39 1 721
39 1 923
39 1 970
39 1 0
39 1 0
39 1 0
40 2 0
40 2 531
40 2 809
40 2 430
40 2 977
40 2 396
40 2 685
40 2 0
40 2 0
40 2 0
41 2 0
41 2 441
41 2 329
41 2 676
41 2 608
41 2 447
41 2 0
41 2 0
41 2 472
41 2 0
42 1 0
42 1 14
42 1 991
42 1 578
42 1 0
42 1 0
42 1 791
42 1 314
42 1 259
42 1 191
42 1 0
43 1 0
43 1 335
43 1 854
43 1 840
43 1 0
43 1 0
43 1 837
43 1 0
44 1 0
44 1 133
44 1 806
44 1 93
44 1 677
44 1 181
44 1 135
44 1 289
44 1 0
44 1 0
44 1 0
44 1 0
45 2 0
45 2 707
45 2 275
45 2 748
45 2 481
45 2 630
45 2 0
45 2 0
45 2 0
46 1 0
46 1 255
46 1 647
46 1 611
46 1 0
46 1 0
46 1 785
46 1 74
46 1 0
47 1 0
47 1 45
47 1 930
47 1 771
47 1 941
47 1 310
47 1 0
47 1 0
47 1 909
47 1 971
47 1 965
47 1 0
48 1 0
48 1 336
48 1 369
48 1 0
48 1 0
48 1 679
48 1 753
48 1 838
48 1 0
49 2 0
49 2 817
49 2 751
49 2 157
49 2 199
49 2 485
49 2 0
49 2 0
49 2 0
50 1 0
50 1 435
50 1 686
50 1 160
50 1 0
50 1 0
50 1 0
51 2 0
51 2 513
51 2 969
51 2 906
51 2 0
52 1 0
52 1 518
52 1 497
52 1 610
52 1 574
52 1 419
52 1 150
52 1 621
52 1 0
52 1 0
52 1 0
52 1 0
53 2 0
53 2 550
53 2 125
53 2 918
53 2 0
54 2 0
54 2 455
54 2 724
54 2 0
54 2 0
54 2 0
55 2 0
55 2 352
55 2 0
56 1 0
56 1 576
56 1 0
57 1 0
57 1 980
57 1 86
57 1 675
57 1 0
57 1 0
57 1 0
58 1 0
58 1 41
58 1 417
58 1 779
58 1 0
58 1 0
58 1 0
59 1 0
59 1 648
59 1 290
59 1 0
59 1 0
59 1 248
59 1 0
60 1 0
60 1 699
60 1 996
60 1 870
60 1 0
60 1 0
60 1 292
60 1 0
60 1 0
60 1 398
60 1 0
61 1 0
61 1 646
61 1 334
61 1 938
61 1 755
61 1 0
61 1 0
61 1 876
61 1 944
61 1 669
61 1 857
61 1 0
62 2 0
62 2 340
62 2 188
62 2 777
62 2 0
62 2 0
62 2 163
62 2 604
62 2 0
63 2 0
63 2 989
63 2 233
63 2 134
63 2 175
63 2 0
63 2 0
63 2 166
63 2 936
63 2 434
63 2 27
63 2 0
64 2 0
64 2 902
64 2 79
64 2 586
64 2 208
64 2 494
64 2 80
64 2 490
64 2 0
65 2 0
65 2 814
65 2 85
65 2 800
65 2 778
65 2 881
65 2 0
65 2 0
65 2 0
66 2 0
66 2 151
66 2 973
66 2 118
66 2 656
66 2 265
66 2 0
66 2 0
66 2 0
67 2 0
67 2 136
67 2 877
67 2 309
67 2 0
67 2 0
67 2 0
68 2 0
68 2 673
68 2 887
68 2 891
68 2 730
68 2 0
68 2 0
68 2 568
68 2 0
69 2 0
69 2 943
69 2 341
69 2 226
69 2 734
69 2 496
69 2 119
69 2 994
69 2 0
70 2 0
70 2 511
70 2 420
70 2 663
70 2 376
70 2 601
70 2 140
70 2 515
70 2 624
70 2 0
70 2 0
70 2 0
70 2 0
71 1 0
71 1 321
71 1 177
71 1 701
71 1 218
71 1 471
71 1 0
71 1 0
71 1 0
72 2 0
72 2 835
72 2 457
72 2 960
72 2 480
72 2 0
73 1 0
73 1 694
73 1 479
73 1 0
74 1 0
74 1 186
74 1 735
74 1 628
74 1 937
74 1 761
74 1 758
74 1 0
74 1 0
74 1 0
74 1 0
75 1 0
75 1 756
75 1 794
75 1 458
75 1 622
75 1 187
75 1 0
75 1 0
75 1 0
75 1 11
75 1 0
76 1 0
76 1 328
76 1 492
76 1 413
76 1 683
76 1 0
76 1 0
76 1 130
76 1 0
77 2 0
77 2 193
77 2 426
77 2 0
77 2 0
77 2 718
77 2 0
77 2 0
77 2 0
78 2 0
78 2 411
78 2 404
78 2 0
78 2 0
78 2 183
78 2 861
78 2 536
78 2 0
79 2 0
79 2 934
79 2 78
79 2 365
79 2 929
79 2 0
79 2 0
79 2 0
80 1 0
80 1 18
80 1 332
80 1 792
80 1 613
80 1 0
80 1 0
80 1 38
80 1 812
80 1 287
80 1 0
80 1 0
80 1 0
81 1 0
81 1 564
81 1 695
81 1 0
82 1 0
82 1 273
82 1 894
82 1 25
82 1 582
82 1 726
82 1 0
82 1 0
82 1 0
82 1 0
83 2 0
83 2 30
83 2 805
83 2 466
83 2 484
83 2 172
83 2 595
83 2 211
83 2 587
83 2 0
83 2 0
84 1 0
84 1 803
84 1 705
84 1 0
85 1 0
85 1 757
85 1 847
85 1 339
85 1 0
85 1 0
85 1 0
86 2 0
86 2 557
86 2 311
86 2 0
87 1 0
87 1 366
87 1 0
87 1 0
87 1 330
87 1 95
87 1 0
88 1 0
88 1 640
88 1 559
88 1 712
88 1 653
88 1 448
88 1 0
88 1 0
88 1 0
88 1 24
88 1 28
88 1 0
89 2 0
89 2 167
89 2 782
89 2 997
89 2 493
89 2 272
89 2 0
89 2 0
89 2 661
89 2 516
89 2 0
90 1 0
90 1 999
90 1 819
90 1 764
90 1 126
90 1 0
90 1 0
90 1 948
90 1 0
91 1 0
91 1 697
91 1 950
91 1 927
91 1 318
91 1 0
91 1 0
91 1 94
91 1 0
92 1 0
92 1 797
92 1 988
92 1 429
92 1 81
92 1 97
92 1 465
92 1 0
92 1 0
92 1 0
92 1 0
93 2 0
93 2 31
93 2 849
93 2 660
93 2 402
93 2 983
93 2 558
93 2 706
93 2 83
93 2 0
93 2 0
94 2 0
94 2 282
94 2 296
94 2 0
94 2 0
94 2 393
94 2 301
94 2 626
94 2 0
94 2 0
94 2 0
95 1 0
95 1 746
95 1 720
95 1 842
95 1 298
95 1 346
95 1 461
95 1 0
95 1 0
96 2 0
96 2 247
96 2 908
96 2 728
96 2 498
96 2 0
96 2 0
96 2 662
96 2 619
96 2 895
96 2 0
97 2 0
97 2 874
97 2 828
97 2 0
97 2 0
97 2 173
97 2 659
97 2 848
97 2 342
97 2 607
97 2 0
98 1 0
98 1 0
99 1 0
99 1 0
100 2 0
100 2 657
100 2 0
100 2 0
100 2 655
100 2 34
100 2 116
100 2 526
100 2 0
100 2 0
100 2 0
101 1 0
101 1 59
101 1 627
101 1 750
101 1 91
101 1 23
101 1 789
101 1 0
101 1 0
102 2 0
102 2 830
102 2 862
102 2 596
102 2 467
102 2 0
102 2 0
102 2 546
102 2 182
102 2 0
103 2 0
103 2 149
103 2 534
103 2 634
103 2 825
103 2 387
103 2 0
103 2 0
103 2 367
103 2 942
103 2 883
103 2 0
104 2 0
104 2 294
104 2 409
104 2 860
104 2 723
104 2 236
104 2 104
104 2 46
104 2 90
104 2 0
104 2 0
105 2 0
105 2 642
105 2 190
105 2 615
105 2 327
105 2 617
105 2 503
105 2 0
106 2 0
106 2 951
106 2 144
106 2 823
106 2 548
106 2 740
106 2 0
106 2 0
106 2 0
107 2 0
107 2 665
107 2 554
107 2 522
107 2 979
107 2 928
107 2 0
107 2 0
107 2 0
107 2 0
108 1 0
108 1 445
108 1 523
108 1 348
108 1 5
108 1 569
108 1 68
108 1 0
108 1 0
109 2 0
109 2 10
109 2 727
109 2 824
109 2 412
109 2 0
109 2 0
109 2 0
110 1 0
110 1 214
110 1 571
110 1 672
110 1 406
110 1 0
110 1 0
111 1 0
111 1 703
111 1 407
111 1 976
111 1 122
111 1 875
111 1 0
111 1 0
111 1 0
111 1 0
112 2 0
112 2 251
112 2 986
112 2 635
112 2 98
112 2 0
112 2 0
112 2 898
112 2 0
113 2 0
113 2 245
113 2 156
113 2 53
113 2 505
113 2 0
114 1 0
114 1 414
114 1 221
114 1 112
114 1 0
114 1 0
114 1 0
114 1 0
115 1 0
115 1 313
115 1 903
115 1 0
115 1 0
115 1 904
115 1 322
115 1 499
115 1 0
115 1 0
116 1 0
116 1 109
116 1 853
116 1 972
116 1 884
116 1 0
116 1 0
116 1 0
116 1 530
116 1 772
116 1 0
117 2 0
117 2 719
117 2 839
117 2 966
117 2 859
117 2 6
117 2 912
117 2 0
117 2 0
118 2 0
118 2 142
118 2 320
118 2 460
118 2 725
118 2 0
118 2 0
118 2 82
118 2 0
119 1 0
119 1 998
119 1 555
119 1 872
119 1 331
119 1 326
119 1 373
119 1 0
119 1 0
119 1 0
119 1 0
120 1 0
120 1 502
120 1 773
120 1 464
120 1 0
120 1 0
120 1 0
120 1 818
120 1 0
120 1 0
120 1 0
121 1 0
121 1 271
121 1 827
121 1 73
121 1 834
121 1 760
121 1 579
121 1 829
121 1 0
121 1 0
121 1 0
121 1 0
122 1 0
122 1 145
122 1 60
122 1 917
122 1 32
122 1 382
122 1 0
122 1 0
123 1 0
123 1 364
123 1 743
123 1 238
123 1 0
123 1 0
123 1 0
123 1 920
123 1 317
123 1 0
123 1 0
123 1 0
124 1 0
124 1 385
124 1 832
124 1 253
124 1 651
124 1 263
124 1 905
124 1 890
124 1 0
124 1 0
124 1 0
124 1 0
125 1 0
125 1 432
125 1 811
125 1 638
125 1 305
125 1 0
125 1 0
125 1 0
125 1 0
126 2 0
126 2 42
126 2 698
126 2 35
126 2 993
126 2 0
126 2 0
126 2 0
127 2 0
127 2 488
127 2 573
127 2 924
127 2 882
127 2 491
127 2 433
127 2 242
127 2 0
127 2 0
127 2 0
127 2 0
128 2 0
128 2 670
128 2 914
128 2 123
128 2 381
128 2 0
129 2 0
129 2 240
129 2 196
129 2 598
129 2 978
129 2 0
129 2 0
129 2 0
129 2 0
130 1 0
130 1 744
130 1 625
130 1 981
130 1 507
130 1 649
130 1 0
130 1 0
130 1 0
130 1 66
130 1 0
131 1 0
131 1 384
131 1 198
131 1 416
131 1 900
131 1 0
131 1 0
131 1 0
131 1 127
131 1 0
132 2 0
132 2 514
132 2 916
132 2 56
132 2 162
132 2 962
132 2 633
132 2 795
132 2 295
132 2 0
132 2 0
132 2 0
132 2 0
133 1 0
133 1 15
133 1 681
133 1 69
133 1 1000
133 1 0
133 1 0
133 1 0
133 1 0
134 2 0
134 2 722
134 2 482
134 2 303
134 2 450
134 2 72
134 2 308
134 2 105
134 2 961
134 2 629
134 2 0
134 2 0
135 2 0
135 2 995
135 2 786
135 2 0
135 2 0
135 2 0
136 1 0
136 1 982
136 1 953
136 1 357
136 1 0
136 1 0
136 1 0
136 1 765
136 1 0
136 1 0
136 1 0
137 1 0
137 1 374
137 1 788
137 1 137
137 1 316
137 1 867
137 1 0
137 1 0
137 1 0
137 1 222
137 1 0
137 1 0
137 1 0
138 2 0
138 2 22
138 2 566
138 2 0
138 2 0
138 2 588
138 2 415
138 2 632
138 2 0
139 2 0
139 2 690
139 2 277
139 2 984
139 2 560
139 2 858
139 2 0
139 2 0
140 2 0
140 2 377
140 2 325
140 2 0
140 2 0
140 2 913
140 2 87
140 2 0
140 2 0
140 2 0
141 1 0
141 1 449
141 1 893
141 1 747
141 1 597
141 1 517
141 1 286
141 1 486
141 1 915
141 1 0
141 1 0
141 1 0
141 1 0
142 2 0
142 2 372
142 2 252
142 2 241
142 2 0
143 2 0
143 2 506
143 2 201
143 2 386
143 2 0
143 2 0
144 2 0
144 2 243
144 2 684
144 2 0
144 2 0
144 2 202
144 2 55
144 2 0
144 2 0
144 2 0
145 2 0
145 2 370
145 2 636
145 2 244
145 2 946
145 2 353
145 2 361
145 2 0
145 2 0
145 2 0
145 2 0
146 1 0
146 1 0
147 1 0
147 1 0
148 1 0
148 1 0
149 1 0
149 1 0
150 2 0
150 2 745
150 2 0
150 2 0
150 2 556
150 2 0
151 2 0
151 2 184
151 2 194
151 2 0
151 2 0
151 2 195
151 2 845
151 2 0
152 1 0
152 1 224
152 1 129
152 1 227
152 1 117
152 1 623
152 1 0
152 1 0
152 1 0
152 1 47
152 1 0
153 1 0
153 1 733
153 1 61
153 1 631
153 1 533
153 1 0
153 1 0
153 1 0
153 1 0
154 1 0
154 1 643
154 1 0
154 1 0
154 1 176
154 1 618
154 1 0
154 1 0
154 1 0
154 1 0
155 2 0
155 2 155
155 2 267
155 2 0
155 2 0
155 2 165
155 2 0
156 1 0
156 1 131
156 1 674
156 1 21
156 1 0
156 1 0
156 1 0
156 1 43
156 1 0
157 2 0
157 2 368
157 2 691
157 2 174
157 2 147
157 2 26
157 2 889
157 2 774
157 2 0
157 2 0
157 2 0
157 2 0
158 2 0
158 2 249
158 2 197
158 2 687
158 2 614
158 2 892
158 2 0
158 2 0
158 2 0
158 2 0
159 2 0
159 2 120
159 2 422
159 2 302
159 2 363
159 2 931
159 2 599
159 2 836
159 2 879
159 2 0
159 2 0
159 2 0
159 2 0
160 1 0
160 1 268
160 1 549
160 1 333
160 1 0
160 1 0
160 1 0
160 1 0
161 2 0
161 2 210
161 2 901
161 2 206
161 2 585
161 2 0
161 2 0
162 1 0
162 1 704
162 1 49
162 1 0
162 1 0
163 2 0
163 2 959
163 2 671
163 2 667
163 2 952
163 2 75
163 2 146
163 2 0
163 2 0
164 1 0
164 1 737
164 1 639
164 1 0
164 1 0
165 1 0
165 1 451
165 1 378
165 1 375
165 1 0
165 1 0
166 1 0
166 1 103
166 1 261
166 1 769
166 1 963
166 1 567
166 1 0
166 1 0
166 1 0
166 1 76
166 1 0
166 1 0
167 1 0
167 1 770
167 1 0
167 1 0
167 1 0
167 1 362
167 1 169
167 1 0
167 1 0
168 1 0
168 1 100
168 1 347
168 1 926
168 1 696
168 1 0
168 1 0
168 1 0
168 1 0
169 1 0
169 1 552
169 1 139
169 1 138
169 1 0
169 1 0
170 2 0
170 2 256
170 2 215
170 2 528
170 2 306
170 2 589
170 2 278
170 2 0
170 2 0
170 2 0
170 2 0
171 1 0
171 1 299
171 1 96
171 1 0
171 1 0
172 1 0
172 1 379
172 1 343
172 1 1
172 1 0
172 1 0
172 1 0
172 1 0
173 1 0
173 1 443
173 1 350
173 1 0
173 1 0
173 1 0
173 1 0
174 2 0
174 2 483
174 2 821
174 2 452
174 2 878
174 2 519
174 2 121
174 2 896
174 2 3
174 2 547
174 2 0
174 2 0
174 2 0
174 2 0
175 1 0
175 1 159
175 1 575
175 1 0
175 1 0
175 1 0
175 1 711
175 1 439
175 1 0
175 1 0
175 1 0
175 1 0
176 1 0
176 1 115
176 1 851
176 1 358
176 1 405
176 1 620
176 1 0
176 1 0
176 1 0
176 1 0
177 1 0
177 1 52
177 1 804
177 1 0
177 1 0
177 1 0
177 1 344
177 1 739
177 1 65
177 1 0
177 1 0
178 2 0
178 2 713
178 2 787
178 2 431
178 2 0
178 2 0
179 1 0
179 1 228
179 1 427
179 1 0
179 1 0
180 2 0
180 2 768
180 2 637
180 2 933
180 2 213
180 2 285
180 2 594
180 2 0
180 2 0
180 2 0
180 2 0
181 1 0
181 1 403
181 1 312
181 1 658
181 1 239
181 1 537
181 1 0
181 1 0
181 1 0
181 1 0
182 2 0
182 2 20
182 2 132
182 2 39
182 2 50
182 2 572
182 2 527
182 2 235
182 2 0
182 2 0
183 2 0
183 2 203
183 2 234
183 2 390
183 2 62
183 2 337
183 2 0
183 2 0
183 2 0
183 2 0
184 1 0
184 1 258
184 1 968
184 1 729
184 1 0
184 1 0
184 1 0
184 1 108
184 1 0
185 1 0
185 1 225
185 1 775
185 1 0
185 1 0
185 1 0
185 1 864
185 1 110
185 1 0
185 1 0
186 1 0
186 1 111
186 1 688
186 1 540
186 1 935
186 1 0
186 1 0
186 1 0
186 1 29
186 1 0
187 2 0
187 2 16
187 2 766
187 2 500
187 2 762
187 2 192
187 2 469
187 2 0
187 2 0
187 2 0
187 2 0
188 1 0
188 1 70
188 1 67
188 1 833
188 1 583
188 1 0
188 1 297
188 1 315
188 1 888
188 1 0
188 1 0
189 1 0
189 1 592
189 1 262
189 1 388
189 1 736
189 1 0
189 1 0
189 1 0
189 1 0
190 1 0
190 1 487
190 1 886
190 1 987
190 1 0
190 1 0
190 1 0
190 1 0
191 2 0
191 2 355
191 2 958
191 2 51
191 2 19
191 2 957
191 2 0
191 2 0
191 2 0
191 2 0
192 1 0
192 1 0
193 2 0
193 2 822
193 2 0
193 2 0
193 2 0
193 2 0
194 2 0
194 2 521
194 2 702
194 2 77
194 2 0
194 2 0
195 1 0
195 1 280
195 1 584
195 1 371
195 1 0
195 1 0
195 1 0
195 1 0
196 2 0
196 2 444
196 2 474
196 2 179
196 2 421
196 2 731
196 2 0
196 2 0
197 2 0
197 2 551
197 2 869
197 2 708
197 2 0
197 2 0
198 2 0
198 2 270
198 2 395
198 2 0
198 2 0
198 2 0
198 2 0
199 2 0
199 2 143
199 2 985
199 2 780
199 2 300
199 2 48
199 2 0
199 2 231
199 2 0
199 2 0
199 2 0
199 2 0
200 2 0
200 2 185
200 2 424
200 2 0
200 2 0
200 2 0
200 2 359
200 2 274
200 2 0
200 2 0
200 2 0
200 2 0
201 2 0
201 2 956
201 2 260
201 2 219
201 2 0
201 2 0
202 1 0
202 1 209
202 1 0
202 1 0
203 1 0
203 1 152
203 1 0
203 1 0
204 2 0
204 2 89
204 2 12
204 2 0
204 2 0
205 2 0
205 2 33
205 2 0
206 2 0
206 2 13
206 2 0
206 2 0
207 1 0
207 1 2
207 1 0
