total cost: 335996
1 2 0
1 2 553
1 2 288
1 2 767
1 2 0
1 2 0
1 2 307
1 2 793
1 2 0
1 2 0
1 2 141
1 2 0
2 1 0
2 1 220
2 1 802
2 1 577
2 1 254
2 1 0
2 1 0
2 1 180
2 1 257
2 1 932
2 1 0
3 1 0
3 1 616
3 1 161
3 1 652
3 1 0
3 1 0
3 1 0
4 2 0
4 2 954
4 2 654
4 2 520
4 2 0
5 1 0
5 1 463
5 1 539
5 1 459
5 1 693
5 1 454
5 1 0
5 1 0
5 1 790
5 1 0
5 1 0
5 1 0
6 1 0
6 1 408
6 1 801
6 1 754
6 1 593
6 1 475
6 1 510
6 1 356
6 1 0
7 1 0
7 1 645
7 1 865
7 1 189
7 1 442
7 1 92
7 1 0
7 1 0
7 1 612
7 1 0
8 1 0
8 1 605
8 1 974
8 1 401
8 1 229
8 1 0
9 1 0
9 1 57
9 1 281
9 1 843
9 1 170
9 1 749
9 1 689
9 1 525
9 1 476
9 1 0
9 1 0
9 1 0
10 1 0
10 1 856
10 1 4
10 1 501
10 1 250
10 1 911
10 1 468
10 1 700
10 1 0
10 1 0
10 1 230
10 1 0
11 2 0
11 2 354
11 2 154
11 2 0
11 2 0
11 2 319
11 2 8
11 2 0
12 1 0
12 1 164
12 1 717
12 1 532
12 1 423
12 1 0
13 1 0
13 1 37
13 1 389
13 1 855
13 1 808
13 1 512
13 1 397
13 1 212
13 1 0
14 2 0
14 2 124
14 2 919
14 2 799
14 2 148
14 2 0
15 1 0
15 1 462
15 1 813
15 1 478
15 1 0
15 1 0
15 1 591
15 1 504
15 1 0
16 2 0
16 2 947
16 2 716
16 2 400
16 2 380
16 2 798
16 2 641
16 2 742
16 2 0
17 1 0
17 1 763
17 1 831
17 1 602
17 1 284
17 1 759
17 1 0
17 1 0
17 1 561
17 1 535
17 1 0
18 1 0
18 1 710
18 1 440
18 1 216
18 1 650
18 1 95
18 1 323
18 1 178
18 1 0
19 2 0
19 2 544
19 2 64
19 2 304
19 2 205
19 2 114
19 2 0
20 1 0
20 1 391
20 1 94
20 1 732
20 1 600
20 1 0
20 1 0
20 1 0
21 2 0
21 2 714
21 2 248
21 2 0
22 1 0
22 1 841
22 1 7
22 1 101
22 1 543
22 1 437
22 1 992
22 1 923
22 1 0
22 1 0
22 1 0
23 1 0
23 1 570
23 1 975
23 1 810
23 1 276
23 1 0
23 1 0
23 1 0
24 2 0
24 2 565
24 2 871
24 2 850
24 2 58
24 2 237
24 2 0
24 2 0
24 2 283
24 2 590
24 2 269
24 2 0
25 1 0
25 1 899
25 1 826
25 1 922
25 1 531
25 1 217
25 1 0
25 1 0
25 1 352
25 1 678
25 1 967
25 1 0
26 2 0
26 2 428
26 2 820
26 2 128
26 2 741
26 2 0
26 2 0
26 2 43
26 2 0
27 2 0
27 2 473
27 2 738
27 2 609
27 2 863
27 2 349
27 2 0
27 2 0
27 2 107
27 2 0
28 1 0
28 1 291
28 1 542
28 1 707
28 1 246
28 1 40
28 1 360
28 1 0
28 1 0
28 1 0
29 1 0
29 1 866
29 1 9
29 1 721
29 1 0
30 2 0
30 2 682
30 2 338
30 2 939
30 2 36
30 2 264
30 2 63
30 2 807
30 2 0
31 2 0
31 2 816
31 2 113
31 2 910
31 2 868
31 2 335
31 2 293
31 2 163
31 2 0
31 2 0
31 2 0
32 1 0
32 1 158
32 1 541
32 1 204
32 1 563
32 1 964
32 1 940
32 1 314
32 1 0
32 1 0
32 1 0
33 1 0
33 1 54
33 1 925
33 1 418
33 1 902
33 1 84
33 1 885
33 1 398
33 1 208
33 1 0
34 2 0
34 2 14
34 2 538
34 2 446
34 2 495
34 2 949
34 2 692
34 2 852
34 2 0
35 1 0
35 1 907
35 1 846
35 1 0
36 1 0
36 1 17
36 1 715
36 1 489
36 1 783
36 1 470
36 1 897
36 1 345
36 1 0
36 1 0
36 1 0
37 1 0
37 1 529
37 1 603
37 1 796
37 1 0
38 1 0
38 1 524
38 1 279
38 1 99
38 1 785
38 1 0
38 1 0
38 1 0
39 1 0
39 1 606
39 1 955
39 1 266
39 1 562
39 1 664
39 1 752
39 1 0
39 1 0
39 1 0
40 2 0
40 2 153
40 2 394
40 2 580
40 2 666
40 2 207
40 2 676
40 2 168
40 2 803
40 2 0
40 2 0
40 2 0
41 2 0
41 2 441
41 2 644
41 2 608
41 2 447
41 2 545
41 2 0
41 2 0
41 2 477
41 2 0
42 2 0
42 2 232
42 2 969
42 2 44
42 2 516
42 2 0
43 1 0
43 1 133
43 1 815
43 1 508
43 1 0
44 2 0
44 2 106
44 2 171
44 2 945
44 2 191
44 2 259
44 2 0
45 2 0
45 2 837
45 2 909
45 2 0
46 2 0
46 2 791
46 2 880
46 2 136
46 2 0
47 2 0
47 2 677
47 2 41
47 2 0
48 1 0
48 1 472
48 1 513
48 1 906
48 1 679
48 1 0
49 2 0
49 2 456
49 2 102
49 2 351
49 2 921
49 2 0
49 2 0
49 2 784
49 2 125
49 2 0
50 1 0
50 1 45
50 1 809
50 1 814
50 1 430
50 1 977
50 1 396
50 1 844
50 1 438
50 1 0
51 1 0
51 1 336
51 1 369
51 1 854
51 1 0
51 1 0
51 1 255
51 1 980
51 1 74
51 1 724
51 1 0
52 2 0
52 2 817
52 2 157
52 2 199
52 2 324
52 2 648
52 2 290
52 2 0
52 2 0
52 2 0
53 1 0
53 1 806
53 1 990
53 1 873
53 1 694
53 1 223
53 1 0
54 1 0
54 1 518
54 1 497
54 1 411
54 1 574
54 1 419
54 1 0
54 1 0
54 1 550
54 1 86
54 1 0
55 2 0
55 2 611
55 2 647
55 2 455
55 2 0
55 2 0
55 2 436
55 2 0
56 2 0
56 2 435
56 2 686
56 2 160
56 2 183
56 2 835
56 2 490
56 2 471
56 2 0
57 1 0
57 1 576
57 1 0
58 2 0
58 2 93
58 2 417
58 2 181
58 2 0
59 2 0
59 2 200
59 2 0
60 1 0
60 1 399
60 1 680
60 1 748
60 1 166
60 1 27
60 1 434
60 1 0
61 1 0
61 1 292
61 1 38
61 1 0
61 1 0
61 1 0
62 1 0
62 1 699
62 1 646
62 1 392
62 1 30
62 1 628
62 1 937
62 1 0
62 1 0
62 1 0
63 1 0
63 1 340
63 1 781
63 1 188
63 1 425
63 1 776
63 1 668
63 1 0
63 1 0
63 1 0
64 1 0
64 1 876
64 1 753
64 1 0
65 1 0
65 1 989
65 1 751
65 1 673
65 1 485
65 1 0
65 1 0
65 1 130
65 1 0
66 1 0
66 1 996
66 1 697
66 1 870
66 1 81
66 1 289
66 1 211
66 1 0
67 1 0
67 1 275
67 1 310
67 1 973
67 1 0
67 1 0
67 1 970
67 1 0
68 1 0
68 1 151
68 1 734
68 1 965
68 1 971
68 1 480
68 1 0
69 1 0
69 1 568
69 1 918
69 1 309
69 1 0
69 1 0
69 1 0
70 1 0
70 1 511
70 1 777
70 1 79
70 1 663
70 1 0
70 1 0
70 1 47
70 1 0
71 2 0
71 2 410
71 2 887
71 2 341
71 2 891
71 2 118
71 2 656
71 2 936
71 2 581
71 2 509
71 2 0
72 1 0
72 1 943
72 1 941
72 1 282
72 1 771
72 1 0
72 1 0
72 1 29
72 1 11
72 1 0
73 2 0
73 2 233
73 2 134
73 2 175
73 2 420
73 2 376
73 2 601
73 2 140
73 2 515
73 2 0
73 2 0
73 2 0
74 1 0
74 1 756
74 1 177
74 1 701
74 1 218
74 1 80
74 1 709
74 1 0
75 2 0
75 2 321
75 2 655
75 2 0
75 2 0
75 2 33
75 2 675
75 2 0
76 1 0
76 1 794
76 1 874
76 1 828
76 1 445
76 1 0
76 1 0
76 1 2
76 1 481
76 1 0
76 1 0
76 1 0
77 1 0
77 1 328
77 1 755
77 1 997
77 1 493
77 1 778
77 1 0
77 1 0
77 1 0
78 2 0
78 2 226
78 2 457
78 2 24
78 2 960
78 2 0
79 2 0
79 2 193
79 2 426
79 2 0
79 2 0
79 2 757
79 2 494
79 2 287
79 2 0
79 2 0
79 2 0
80 1 0
80 1 930
80 1 764
80 1 492
80 1 413
80 1 0
80 1 0
80 1 0
81 2 0
81 2 610
81 2 746
81 2 894
81 2 25
81 2 172
81 2 761
81 2 595
81 2 758
81 2 587
81 2 0
82 2 0
82 2 18
82 2 496
82 2 119
82 2 28
82 2 630
82 2 0
83 1 0
83 1 329
83 1 453
83 1 991
83 1 88
83 1 78
83 1 71
83 1 383
83 1 0
83 1 0
83 1 0
83 1 0
84 1 0
84 1 564
84 1 840
84 1 929
84 1 705
84 1 0
84 1 0
84 1 0
85 2 0
85 2 273
85 2 429
85 2 735
85 2 466
85 2 0
86 2 0
86 2 934
86 2 578
86 2 365
86 2 23
86 2 91
86 2 0
86 2 0
86 2 0
87 1 0
87 1 186
87 1 484
87 1 948
87 1 135
87 1 0
87 1 0
87 1 0
88 2 0
88 2 404
88 2 247
88 2 190
88 2 0
88 2 0
88 2 150
88 2 944
88 2 669
88 2 857
88 2 0
89 2 0
89 2 861
89 2 393
89 2 536
89 2 0
90 2 0
90 2 718
90 2 0
90 2 0
90 2 0
91 1 0
91 1 366
91 1 0
91 1 0
91 1 85
91 1 800
91 1 881
91 1 298
91 1 0
91 1 0
91 1 0
92 2 0
92 2 640
92 2 665
92 2 554
92 2 586
92 2 904
92 2 624
92 2 847
92 2 0
92 2 0
92 2 0
92 2 0
93 1 0
93 1 695
93 1 0
94 2 0
94 2 334
94 2 938
94 2 294
94 2 97
94 2 465
94 2 0
94 2 0
94 2 604
94 2 182
94 2 0
95 2 0
95 2 167
95 2 782
95 2 126
95 2 819
95 2 730
95 2 0
95 2 0
95 2 557
95 2 812
95 2 0
96 1 0
96 1 59
96 1 0
97 1 0
97 1 685
97 1 214
97 1 683
97 1 0
97 1 0
97 1 779
97 1 0
97 1 0
97 1 0
98 1 0
98 1 999
98 1 719
98 1 622
98 1 573
98 1 883
98 1 942
98 1 994
98 1 824
98 1 265
98 1 0
98 1 0
98 1 0
98 1 0
99 1 0
99 1 877
99 1 0
100 1 0
100 1 797
100 1 272
100 1 0
100 1 0
100 1 661
100 1 750
100 1 607
100 1 0
101 2 0
101 2 31
101 2 660
101 2 582
101 2 726
101 2 83
101 2 415
101 2 201
101 2 0
101 2 0
102 1 0
102 1 173
102 1 0
103 1 0
103 1 838
103 1 0
104 1 0
104 1 662
104 1 706
104 1 983
104 1 0
105 2 0
105 2 621
105 2 951
105 2 659
105 2 0
105 2 0
105 2 0
106 1 0
106 1 848
106 1 0
107 2 0
107 2 458
107 2 534
107 2 792
107 2 332
107 2 613
107 2 995
107 2 0
107 2 0
107 2 0
108 2 0
108 2 657
108 2 0
108 2 0
108 2 342
108 2 221
108 2 789
108 2 0
109 2 0
109 2 546
109 2 66
109 2 0
110 2 0
110 2 830
110 2 596
110 2 364
110 2 467
110 2 10
110 2 0
110 2 0
110 2 0
111 2 0
111 2 149
111 2 142
111 2 634
111 2 825
111 2 387
111 2 0
111 2 0
111 2 479
111 2 727
111 2 0
111 2 0
111 2 0
112 2 0
112 2 642
112 2 908
112 2 144
112 2 245
112 2 414
112 2 53
112 2 619
112 2 895
112 2 0
112 2 0
112 2 0
112 2 0
113 2 0
113 2 842
113 2 0
114 1 0
114 1 898
114 1 0
115 1 0
115 1 805
115 1 927
115 1 318
115 1 0
115 1 0
115 1 530
115 1 920
115 1 0
116 2 0
116 2 251
116 2 988
116 2 0
117 1 0
117 1 703
117 1 627
117 1 976
117 1 1091
117 1 0
118 2 0
118 2 571
118 2 672
118 2 82
118 2 0
119 1 0
119 1 950
119 1 720
119 1 346
119 1 461
119 1 90
119 1 0
119 1 0
120 1 0
120 1 313
120 1 903
120 1 0
120 1 0
120 1 367
120 1 301
120 1 0
121 2 0
121 2 109
121 2 853
121 2 566
121 2 972
121 2 0
121 2 0
121 2 330
121 2 311
121 2 0
122 1 0
122 1 998
122 1 559
122 1 555
122 1 432
122 1 34
122 1 339
122 1 0
122 1 0
122 1 0
122 1 0
123 1 0
123 1 712
123 1 653
123 1 448
123 1 681
123 1 0
123 1 0
123 1 0
123 1 0
124 2 0
124 2 862
124 2 296
124 2 145
124 2 0
124 2 0
124 2 818
124 2 222
124 2 0
124 2 0
124 2 0
125 1 0
125 1 502
125 1 986
125 1 98
125 1 0
125 1 0
125 1 0
125 1 638
125 1 772
125 1 0
125 1 0
125 1 0
126 2 0
126 2 849
126 2 385
126 2 832
126 2 253
126 2 651
126 2 834
126 2 617
126 2 0
126 2 0
127 1 0
127 1 407
127 1 827
127 1 156
127 1 823
127 1 0
127 1 0
127 1 0
127 1 0
128 1 0
128 1 271
128 1 728
128 1 498
128 1 73
128 1 548
128 1 503
128 1 381
128 1 0
128 1 0
129 1 0
129 1 523
129 1 348
129 1 1000
129 1 69
129 1 165
129 1 305
129 1 0
129 1 0
129 1 0
129 1 0
130 1 0
130 1 488
130 1 320
130 1 187
130 1 725
130 1 0
130 1 0
131 2 0
131 2 42
131 2 615
131 2 327
131 2 740
131 2 505
131 2 0
132 1 0
132 1 240
132 1 15
132 1 0
132 1 0
132 1 875
132 1 558
132 1 0
133 1 0
133 1 32
133 1 917
133 1 6
133 1 89
133 1 0
133 1 0
134 2 0
134 2 670
134 2 698
134 2 35
134 2 122
134 2 263
134 2 760
134 2 297
134 2 905
134 2 845
134 2 295
134 2 0
134 2 0
135 2 0
135 2 409
135 2 743
135 2 860
135 2 236
135 2 104
135 2 46
135 2 0
136 1 0
136 1 744
136 1 839
136 1 966
136 1 238
136 1 0
136 1 0
136 1 0
136 1 406
136 1 412
136 1 0
136 1 0
136 1 0
137 1 0
137 1 384
137 1 382
137 1 0
138 2 0
138 2 514
138 2 914
138 2 123
138 2 0
139 1 0
139 1 402
139 1 733
139 1 636
139 1 0
139 1 0
139 1 0
139 1 127
139 1 626
139 1 0
139 1 0
139 1 0
140 2 0
140 2 722
140 2 981
140 2 723
140 2 912
140 2 0
141 1 0
141 1 811
141 1 317
141 1 0
141 1 0
141 1 0
142 1 0
142 1 982
142 1 368
142 1 357
142 1 0
142 1 0
142 1 0
142 1 765
142 1 68
142 1 0
143 1 0
143 1 374
143 1 788
143 1 131
143 1 249
143 1 0
143 1 0
143 1 0
143 1 588
143 1 506
143 1 0
144 1 0
144 1 773
144 1 635
144 1 464
144 1 632
144 1 0
144 1 0
144 1 0
144 1 0
145 1 0
145 1 277
145 1 916
145 1 56
145 1 162
145 1 633
145 1 984
145 1 579
145 1 0
145 1 0
145 1 0
145 1 0
146 2 0
146 2 690
146 2 256
146 2 890
146 2 560
146 2 858
146 2 0
146 2 0
147 2 0
147 2 22
147 2 316
147 2 978
147 2 325
147 2 176
147 2 5
147 2 0
147 2 0
147 2 0
148 2 0
148 2 786
148 2 0
148 2 0
148 2 0
149 1 0
149 1 377
149 1 872
149 1 331
149 1 326
149 1 373
149 1 0
149 1 0
149 1 0
149 1 0
150 2 0
150 2 913
150 2 0
151 1 0
151 1 449
151 1 460
151 1 0
151 1 0
151 1 372
151 1 0
151 1 0
151 1 0
152 1 0
152 1 450
152 1 303
152 1 959
152 1 308
152 1 49
152 1 704
152 1 386
152 1 0
152 1 0
153 2 0
153 2 116
153 2 526
153 2 928
153 2 0
154 1 0
154 1 60
154 1 859
154 1 924
154 1 0
154 1 0
154 1 0
154 1 112
154 1 0
155 1 0
155 1 625
155 1 224
155 1 198
155 1 416
155 1 900
155 1 433
155 1 491
155 1 299
155 1 0
155 1 0
155 1 0
155 1 0
156 1 0
156 1 243
156 1 884
156 1 867
156 1 0
156 1 0
156 1 0
156 1 202
156 1 146
156 1 242
156 1 0
156 1 0
157 1 0
157 1 196
157 1 522
157 1 979
157 1 0
157 1 0
157 1 0
157 1 0
158 2 0
158 2 370
158 2 61
158 2 528
158 2 567
158 2 361
158 2 353
158 2 443
158 2 711
158 2 0
158 2 0
158 2 0
158 2 0
159 2 0
159 2 598
159 2 137
159 2 556
159 2 499
159 2 0
159 2 0
160 2 0
160 2 184
160 2 893
160 2 747
160 2 674
160 2 517
160 2 0
160 2 0
160 2 0
160 2 87
160 2 0
160 2 0
160 2 0
161 2 0
161 2 643
161 2 0
161 2 0
161 2 745
161 2 0
161 2 0
161 2 993
161 2 0
162 2 0
162 2 569
162 2 0
163 2 0
163 2 155
163 2 618
163 2 0
163 2 0
163 2 0
164 2 0
164 2 267
164 2 197
164 2 286
164 2 915
164 2 552
164 2 252
164 2 0
164 2 0
164 2 0
164 2 0
165 2 0
165 2 268
165 2 333
165 2 451
165 2 55
165 2 241
165 2 0
165 2 0
166 2 0
166 2 684
166 2 194
166 2 597
166 2 623
166 2 117
166 2 169
166 2 378
166 2 0
166 2 0
167 2 0
167 2 120
167 2 21
167 2 851
167 2 931
167 2 363
167 2 892
167 2 139
167 2 260
167 2 0
167 2 0
168 1 0
168 1 482
168 1 72
168 1 901
168 1 667
168 1 96
168 1 76
168 1 75
168 1 0
168 1 0
169 2 0
169 2 210
169 2 649
169 2 0
170 1 0
170 1 737
170 1 639
170 1 961
170 1 0
170 1 0
171 2 0
171 2 882
171 2 0
172 1 0
172 1 362
172 1 0
173 1 0
173 1 507
173 1 227
173 1 347
173 1 878
173 1 206
173 1 0
173 1 0
173 1 0
173 1 0
174 2 0
174 2 103
174 2 946
174 2 631
174 2 963
174 2 769
174 2 427
174 2 228
174 2 0
174 2 0
175 1 0
175 1 100
175 1 549
175 1 486
175 1 599
175 1 3
175 1 879
175 1 0
175 1 0
175 1 0
175 1 0
176 2 0
176 2 770
176 2 422
176 2 687
176 2 138
176 2 375
176 2 0
176 2 0
176 2 0
176 2 0
177 1 0
177 1 322
177 1 0
177 1 0
178 2 0
178 2 129
178 2 203
178 2 115
178 2 225
178 2 358
178 2 696
178 2 519
178 2 0
178 2 0
178 2 0
178 2 0
179 1 0
179 1 671
179 1 209
179 1 0
179 1 0
180 2 0
180 2 244
180 2 261
180 2 533
180 2 344
180 2 739
180 2 0
180 2 0
180 2 0
180 2 0
181 2 0
181 2 953
181 2 20
181 2 215
181 2 962
181 2 829
181 2 795
181 2 0
181 2 0
182 2 0
182 2 379
182 2 768
182 2 159
182 2 285
182 2 0
182 2 0
183 1 0
183 1 483
183 1 343
183 1 452
183 1 926
183 1 0
183 1 0
183 1 0
183 1 0
184 2 0
184 2 52
184 2 592
184 2 258
184 2 121
184 2 896
184 2 836
184 2 585
184 2 0
184 2 0
184 2 0
184 2 0
185 1 0
185 1 105
185 1 350
185 1 0
185 1 0
185 1 0
185 1 0
186 1 0
186 1 713
186 1 0
186 1 0
187 2 0
187 2 952
187 2 629
187 2 0
187 2 0
188 2 0
188 2 403
188 2 302
188 2 614
188 2 833
188 2 300
188 2 537
188 2 620
188 2 231
188 2 0
188 2 0
189 1 0
189 1 821
189 1 62
189 1 405
189 1 239
189 1 337
189 1 0
189 1 0
189 1 0
189 1 0
190 2 0
190 2 864
190 2 547
190 2 0
190 2 0
191 2 0
191 2 111
191 2 933
191 2 0
191 2 0
191 2 0
191 2 280
191 2 594
191 2 0
191 2 0
192 1 0
192 1 312
192 1 70
192 1 48
192 1 658
192 1 0
192 1 0
192 1 0
192 1 0
193 2 0
193 2 16
193 2 388
193 2 736
193 2 766
193 2 888
193 2 572
193 2 395
193 2 0
193 2 0
194 2 0
194 2 691
194 2 174
194 2 355
194 2 306
194 2 589
194 2 278
194 2 787
194 2 0
194 2 0
194 2 0
194 2 0
195 2 0
195 2 439
195 2 822
195 2 0
195 2 0
195 2 0
195 2 0
196 1 0
196 1 575
196 1 804
196 1 0
196 1 0
196 1 0
196 1 219
196 1 110
196 1 0
196 1 0
197 2 0
197 2 1
197 2 637
197 2 262
197 2 213
197 2 551
197 2 0
197 2 0
198 1 0
198 1 487
198 1 500
198 1 987
198 1 0
198 1 0
198 1 0
198 1 195
198 1 65
198 1 0
198 1 0
199 1 0
199 1 234
199 1 688
199 1 968
199 1 390
199 1 0
199 1 0
199 1 0
199 1 0
200 2 0
200 2 729
200 2 775
200 2 935
200 2 583
200 2 731
200 2 0
200 2 0
200 2 0
200 2 0
201 2 0
201 2 521
201 2 315
201 2 0
201 2 0
202 2 0
202 2 702
202 2 774
202 2 431
202 2 0
202 2 0
203 2 0
203 2 886
203 2 780
203 2 50
203 2 527
203 2 469
203 2 0
203 2 0
204 1 0
204 1 444
204 1 132
204 1 147
204 1 0
204 1 0
204 1 0
204 1 0
205 1 0
205 1 143
205 1 26
205 1 39
205 1 359
205 1 0
205 1 0
205 1 0
205 1 0
206 2 0
206 2 67
206 2 540
206 2 424
206 2 762
206 2 192
206 2 19
206 2 957
206 2 0
206 2 0
206 2 0
206 2 0
207 1 0
207 1 584
207 1 371
207 1 0
207 1 0
208 2 0
208 2 185
208 2 958
208 2 985
208 2 51
208 2 869
208 2 889
208 2 235
208 2 0
208 2 0
208 2 0
208 2 0
209 1 0
209 1 421
209 1 270
209 1 0
209 1 0
209 1 0
209 1 0
210 1 0
210 1 956
210 1 474
210 1 0
210 1 0
210 1 0
210 1 77
210 1 708
210 1 0
210 1 0
211 1 0
211 1 179
211 1 274
211 1 0
211 1 0
212 1 0
212 1 152
212 1 0
212 1 0
213 1 0
213 1 108
213 1 12
213 1 0
213 1 0
214 1 0
214 1 13
214 1 0
214 1 0
