total cost: 342120
1 2 0
1 2 553
1 2 288
1 2 767
1 2 0
1 2 0
1 2 307
1 2 793
1 2 0
1 2 0
1 2 141
1 2 0
2 1 0
2 1 220
2 1 802
2 1 577
2 1 254
2 1 0
2 1 0
2 1 180
2 1 257
2 1 932
2 1 0
3 2 0
3 2 616
3 2 161
3 2 652
3 2 0
3 2 0
3 2 0
4 2 0
4 2 954
4 2 654
4 2 520
4 2 0
5 1 0
5 1 463
5 1 539
5 1 459
5 1 693
5 1 454
5 1 0
5 1 0
5 1 790
5 1 0
5 1 0
5 1 0
6 1 0
6 1 408
6 1 801
6 1 754
6 1 593
6 1 475
6 1 510
6 1 356
6 1 0
7 1 0
7 1 645
7 1 865
7 1 189
7 1 442
7 1 92
7 1 0
7 1 0
7 1 612
7 1 0
8 2 0
8 2 605
8 2 974
8 2 401
8 2 229
8 2 0
9 2 0
9 2 57
9 2 281
9 2 843
9 2 170
9 2 749
9 2 689
9 2 525
9 2 476
9 2 0
10 2 0
10 2 856
10 2 4
10 2 501
10 2 250
10 2 911
10 2 468
10 2 700
10 2 783
10 2 477
10 2 0
11 2 0
11 2 354
11 2 154
11 2 0
11 2 0
11 2 319
11 2 8
11 2 0
12 1 0
12 1 124
12 1 919
12 1 799
12 1 148
12 1 0
13 1 0
13 1 164
13 1 717
13 1 532
13 1 423
13 1 0
14 1 0
14 1 37
14 1 14
14 1 855
14 1 808
14 1 512
14 1 397
14 1 212
14 1 0
15 2 0
15 2 462
15 2 813
15 2 478
15 2 570
15 2 0
15 2 0
15 2 591
15 2 504
15 2 0
16 1 0
16 1 947
16 1 716
16 1 400
16 1 380
16 1 798
16 1 641
16 1 0
16 1 0
16 1 535
16 1 0
17 1 0
17 1 763
17 1 831
17 1 759
17 1 0
17 1 0
17 1 391
17 1 544
17 1 304
17 1 205
17 1 114
17 1 0
18 2 0
18 2 710
18 2 440
18 2 216
18 2 650
18 2 95
18 2 323
18 2 178
18 2 0
19 2 0
19 2 602
19 2 284
19 2 171
19 2 742
19 2 0
20 2 0
20 2 283
20 2 590
20 2 269
20 2 0
21 1 0
21 1 714
21 1 248
21 1 0
22 1 0
22 1 841
22 1 7
22 1 101
22 1 922
22 1 217
22 1 470
22 1 897
22 1 345
22 1 0
22 1 0
22 1 0
23 1 0
23 1 975
23 1 810
23 1 276
23 1 0
23 1 0
23 1 0
24 2 0
24 2 565
24 2 871
24 2 850
24 2 58
24 2 237
24 2 0
24 2 0
24 2 561
24 2 230
24 2 0
25 1 0
25 1 428
25 1 820
25 1 54
25 1 732
25 1 600
25 1 0
25 1 0
25 1 0
26 2 0
26 2 899
26 2 826
26 2 682
26 2 531
26 2 806
26 2 200
26 2 694
26 2 844
26 2 0
27 2 0
27 2 489
27 2 741
27 2 107
27 2 0
28 2 0
28 2 291
28 2 543
28 2 437
28 2 992
28 2 923
28 2 436
28 2 0
28 2 0
28 2 0
29 2 0
29 2 846
29 2 473
29 2 293
29 2 0
30 2 0
30 2 866
30 2 128
30 2 9
30 2 721
30 2 967
30 2 678
30 2 508
30 2 0
31 1 0
31 1 264
31 1 910
31 1 524
31 1 63
31 1 807
31 1 0
32 2 0
32 2 816
32 2 863
32 2 868
32 2 609
32 2 349
32 2 0
32 2 0
32 2 352
32 2 0
33 1 0
33 1 158
33 1 541
33 1 36
33 1 204
33 1 563
33 1 964
33 1 940
33 1 314
33 1 0
33 1 0
33 1 0
34 2 0
34 2 939
34 2 338
34 2 945
34 2 791
34 2 259
34 2 191
34 2 125
34 2 0
35 1 0
35 1 389
35 1 580
35 1 538
35 1 446
35 1 495
35 1 949
35 1 692
35 1 852
35 1 0
36 2 0
36 2 113
36 2 529
36 2 738
36 2 907
36 2 608
36 2 513
36 2 906
36 2 47
36 2 0
36 2 0
36 2 0
37 1 0
37 1 279
37 1 99
37 1 785
37 1 0
37 1 0
37 1 0
38 2 0
38 2 17
38 2 925
38 2 418
38 2 902
38 2 84
38 2 885
38 2 398
38 2 208
38 2 0
39 2 0
39 2 441
39 2 666
39 2 232
39 2 676
39 2 969
39 2 803
39 2 66
39 2 516
39 2 0
40 2 0
40 2 606
40 2 955
40 2 542
40 2 707
40 2 246
40 2 40
40 2 360
40 2 990
40 2 223
40 2 0
41 1 0
41 1 106
41 1 64
41 1 815
41 1 29
41 1 0
42 1 0
42 1 153
42 1 394
42 1 603
42 1 335
42 1 447
42 1 545
42 1 0
42 1 0
42 1 472
42 1 0
43 1 0
43 1 715
43 1 188
43 1 781
43 1 425
43 1 776
43 1 668
43 1 0
44 1 0
44 1 133
44 1 664
44 1 752
44 1 0
44 1 0
44 1 0
45 2 0
45 2 677
45 2 880
45 2 136
45 2 0
46 1 0
46 1 837
46 1 909
46 1 0
47 1 0
47 1 784
47 1 86
47 1 0
48 2 0
48 2 550
48 2 0
49 2 0
49 2 456
49 2 102
49 2 351
49 2 921
49 2 0
49 2 0
49 2 163
49 2 679
49 2 0
50 1 0
50 1 45
50 1 809
50 1 430
50 1 334
50 1 755
50 1 800
50 1 493
50 1 778
50 1 0
50 1 0
50 1 0
50 1 0
51 2 0
51 2 336
51 2 369
51 2 854
51 2 426
51 2 0
51 2 0
51 2 255
51 2 74
51 2 724
51 2 0
52 2 0
52 2 817
52 2 157
52 2 199
52 2 324
52 2 648
52 2 290
52 2 0
52 2 0
52 2 0
53 1 0
53 1 796
53 1 564
53 1 840
53 1 0
53 1 0
53 1 435
53 1 835
53 1 0
54 2 0
54 2 518
54 2 497
54 2 411
54 2 574
54 2 419
54 2 621
54 2 0
54 2 0
54 2 0
55 2 0
55 2 266
55 2 562
55 2 275
55 2 310
55 2 748
55 2 166
55 2 27
55 2 0
55 2 0
55 2 0
56 1 0
56 1 611
56 1 647
56 1 980
56 1 0
57 2 0
57 2 455
57 2 0
57 2 0
57 2 0
58 1 0
58 1 93
58 1 41
58 1 181
58 1 0
59 2 0
59 2 576
59 2 0
59 2 0
59 2 0
60 2 0
60 2 399
60 2 680
60 2 396
60 2 977
60 2 438
60 2 481
60 2 509
60 2 0
60 2 0
60 2 0
61 1 0
61 1 292
61 1 38
61 1 0
61 1 0
61 1 0
62 1 0
62 1 699
62 1 646
62 1 392
62 1 30
62 1 628
62 1 937
62 1 0
62 1 0
62 1 0
63 1 0
63 1 340
63 1 756
63 1 686
63 1 0
63 1 0
63 1 876
63 1 753
63 1 929
63 1 0
64 2 0
64 2 814
64 2 873
64 2 581
64 2 936
64 2 630
64 2 0
65 1 0
65 1 989
65 1 751
65 1 673
65 1 485
65 1 0
65 1 0
65 1 130
65 1 0
66 2 0
66 2 996
66 2 697
66 2 870
66 2 81
66 2 289
66 2 211
66 2 0
67 2 0
67 2 160
67 2 233
67 2 701
67 2 177
67 2 490
67 2 471
67 2 0
68 2 0
68 2 644
68 2 329
68 2 934
68 2 207
68 2 168
68 2 71
68 2 661
68 2 44
68 2 383
68 2 0
68 2 0
68 2 0
69 2 0
69 2 151
69 2 970
69 2 734
69 2 965
69 2 480
69 2 0
70 1 0
70 1 568
70 1 918
70 1 309
70 1 0
70 1 0
70 1 0
71 2 0
71 2 511
71 2 777
71 2 79
71 2 663
71 2 601
71 2 0
71 2 0
71 2 11
71 2 434
71 2 0
72 1 0
72 1 410
72 1 943
72 1 941
72 1 282
72 1 771
72 1 0
72 1 0
72 1 94
72 1 80
72 1 0
73 2 0
73 2 321
73 2 134
73 2 218
73 2 140
73 2 515
73 2 847
73 2 0
73 2 0
73 2 0
74 2 0
74 2 186
74 2 484
74 2 172
74 2 761
74 2 595
74 2 758
74 2 587
74 2 0
75 2 0
75 2 150
75 2 944
75 2 669
75 2 857
75 2 0
76 1 0
76 1 794
76 1 175
76 1 420
76 1 376
76 1 494
76 1 904
76 1 812
76 1 0
76 1 0
76 1 0
76 1 0
77 2 0
77 2 193
77 2 173
77 2 848
77 2 838
77 2 342
77 2 607
77 2 0
78 2 0
78 2 328
78 2 492
78 2 413
78 2 685
78 2 0
78 2 0
78 2 971
78 2 24
78 2 0
79 2 0
79 2 183
79 2 861
79 2 393
79 2 457
79 2 119
79 2 28
79 2 0
80 1 0
80 1 226
80 1 887
80 1 0
80 1 0
80 1 757
80 1 0
81 1 0
81 1 960
81 1 0
82 1 0
82 1 610
82 1 894
82 1 25
82 1 582
82 1 726
82 1 83
82 1 0
82 1 0
82 1 0
82 1 0
83 2 0
83 2 417
83 2 675
83 2 779
83 2 0
83 2 0
83 2 0
84 2 0
84 2 709
84 2 557
84 2 0
85 1 0
85 1 930
85 1 764
85 1 819
85 1 0
85 1 0
85 1 0
86 2 0
86 2 18
86 2 341
86 2 891
86 2 0
86 2 0
86 2 718
86 2 0
86 2 0
86 2 0
87 1 0
87 1 273
87 1 797
87 1 805
87 1 466
87 1 0
88 2 0
88 2 604
88 2 23
88 2 0
89 1 0
89 1 404
89 1 0
90 1 0
90 1 330
90 1 311
90 1 0
90 1 0
90 1 0
91 2 0
91 2 366
91 2 272
91 2 85
91 2 0
91 2 0
91 2 135
91 2 0
92 1 0
92 1 640
92 1 554
92 1 998
92 1 665
92 1 15
92 1 432
92 1 1088
92 1 0
92 1 1088
92 1 339
92 1 0
93 1 0
93 1 695
93 1 0
94 1 0
94 1 973
94 1 118
94 1 656
94 1 672
94 1 0
94 1 0
94 1 0
95 2 0
95 2 167
95 2 938
95 2 997
95 2 97
95 2 465
95 2 881
95 2 0
95 2 0
95 2 0
96 1 0
96 1 705
96 1 91
96 1 0
97 1 0
97 1 59
97 1 0
98 2 0
98 2 586
98 2 624
98 2 287
98 2 0
98 2 0
98 2 0
99 2 0
99 2 999
99 2 719
99 2 622
99 2 573
99 2 883
99 2 942
99 2 994
99 2 824
99 2 0
99 2 0
99 2 0
100 1 0
100 1 948
100 1 0
101 2 0
101 2 429
101 2 988
101 2 927
101 2 318
101 2 0
101 2 0
101 2 877
101 2 298
101 2 0
102 2 0
102 2 31
102 2 746
102 2 660
102 2 558
102 2 983
102 2 706
102 2 0
103 2 0
103 2 735
103 2 0
104 1 0
104 1 662
104 1 112
104 1 0
105 2 0
105 2 247
105 2 190
105 2 832
105 2 976
105 2 0
105 2 0
105 2 479
105 2 0
106 2 0
106 2 453
106 2 88
106 2 991
106 2 578
106 2 627
106 2 0
106 2 0
106 2 43
106 2 0
107 1 0
107 1 874
107 1 828
107 1 0
107 1 0
107 1 365
107 1 750
107 1 0
108 2 0
108 2 782
108 2 830
108 2 730
108 2 0
108 2 0
108 2 496
108 2 301
108 2 127
108 2 626
108 2 0
108 2 0
108 2 0
109 2 0
109 2 458
109 2 534
109 2 792
109 2 613
109 2 488
109 2 187
109 2 0
109 2 0
109 2 0
110 1 0
110 1 0
111 1 0
111 1 0
112 2 0
112 2 657
112 2 703
112 2 407
112 2 951
112 2 0
112 2 0
112 2 546
112 2 182
112 2 789
112 2 0
113 1 0
113 1 149
113 1 332
113 1 142
113 1 320
113 1 0
113 1 0
113 1 0
113 1 33
113 1 0
114 2 0
114 2 294
114 2 950
114 2 467
114 2 346
114 2 461
114 2 90
114 2 0
115 2 0
115 2 126
115 2 683
115 2 214
115 2 727
115 2 0
115 2 0
115 2 0
116 2 0
116 2 655
116 2 712
116 2 653
116 2 0
116 2 0
116 2 842
116 2 0
117 2 0
117 2 642
117 2 908
117 2 144
117 2 245
117 2 414
117 2 659
117 2 221
117 2 0
118 1 0
118 1 78
118 1 898
118 1 505
118 1 0
118 1 0
119 1 0
119 1 445
119 1 920
119 1 638
119 1 772
119 1 0
119 1 0
119 1 0
119 1 0
120 2 0
120 2 251
120 2 720
120 2 0
121 2 0
121 2 10
121 2 82
121 2 0
122 1 0
122 1 571
122 1 406
122 1 202
122 1 0
122 1 0
122 1 0
123 1 0
123 1 265
123 1 0
123 1 0
123 1 0
124 2 0
124 2 313
124 2 903
124 2 0
124 2 0
124 2 536
124 2 0
125 2 0
125 2 109
125 2 387
125 2 825
125 2 566
125 2 0
125 2 0
125 2 530
125 2 165
125 2 305
125 2 0
126 1 0
126 1 596
126 1 364
126 1 145
126 1 0
126 1 0
126 1 818
126 1 0
126 1 0
126 1 0
127 2 0
127 2 862
127 2 744
127 2 60
127 2 238
127 2 210
127 2 433
127 2 0
127 2 0
127 2 0
127 2 0
128 1 0
128 1 502
128 1 986
128 1 98
128 1 0
128 1 0
128 1 0
128 1 367
128 1 222
128 1 0
129 1 0
129 1 849
129 1 670
129 1 385
129 1 122
129 1 875
129 1 506
129 1 993
129 1 0
129 1 0
129 1 0
129 1 0
130 1 0
130 1 296
130 1 0
130 1 0
130 1 34
130 1 116
130 1 526
130 1 928
130 1 0
130 1 0
131 1 0
131 1 555
131 1 559
131 1 322
131 1 499
131 1 0
131 1 0
132 2 0
132 2 271
132 2 827
132 2 156
132 2 728
132 2 823
132 2 0
132 2 0
132 2 0
133 2 0
133 2 634
133 2 523
133 2 348
133 2 1000
133 2 913
133 2 0
133 2 0
133 2 0
134 1 0
134 1 42
134 1 615
134 1 327
134 1 619
134 1 53
134 1 503
134 1 0
134 1 0
135 2 0
135 2 240
135 2 249
135 2 0
135 2 0
135 2 811
135 2 317
135 2 0
136 1 0
136 1 409
136 1 743
136 1 860
136 1 236
136 1 104
136 1 46
136 1 0
136 1 0
137 1 0
137 1 853
137 1 972
137 1 978
137 1 0
137 1 0
137 1 0
137 1 412
137 1 0
138 2 0
138 2 384
138 2 382
138 2 0
139 2 0
139 2 514
139 2 498
139 2 357
139 2 73
139 2 548
139 2 617
139 2 381
139 2 0
139 2 0
139 2 0
139 2 0
140 2 0
140 2 402
140 2 636
140 2 733
140 2 464
140 2 415
140 2 201
140 2 0
140 2 0
140 2 0
140 2 0
141 1 0
141 1 32
141 1 839
141 1 6
141 1 912
141 1 0
141 1 0
142 2 0
142 2 917
142 2 859
142 2 882
142 2 299
142 2 491
142 2 146
142 2 0
142 2 0
143 1 0
143 1 995
143 1 0
144 1 0
144 1 448
144 1 196
144 1 131
144 1 522
144 1 872
144 1 331
144 1 326
144 1 0
144 1 0
144 1 0
144 1 0
145 1 0
145 1 681
145 1 598
145 1 373
145 1 0
145 1 0
145 1 0
145 1 0
146 2 0
146 2 722
146 2 981
146 2 723
146 2 362
146 2 0
147 2 0
147 2 69
147 2 765
147 2 68
147 2 0
148 2 0
148 2 982
148 2 123
148 2 914
148 2 834
148 2 651
148 2 760
148 2 0
148 2 0
149 1 0
149 1 374
149 1 788
149 1 137
149 1 377
149 1 0
149 1 0
149 1 0
149 1 588
149 1 0
150 1 0
150 1 773
150 1 635
150 1 370
150 1 632
150 1 0
150 1 0
150 1 0
150 1 0
151 1 0
151 1 277
151 1 690
151 1 253
151 1 263
151 1 905
151 1 890
151 1 0
151 1 0
151 1 0
151 1 0
152 1 0
152 1 22
152 1 316
152 1 325
152 1 176
152 1 5
152 1 155
152 1 0
152 1 0
152 1 0
152 1 0
153 2 0
153 2 786
153 2 0
153 2 0
153 2 0
154 1 0
154 1 449
154 1 460
154 1 0
154 1 0
154 1 740
154 1 895
154 1 0
154 1 0
154 1 0
155 2 0
155 2 450
155 2 303
155 2 959
155 2 308
155 2 49
155 2 704
155 2 386
155 2 0
155 2 0
156 2 0
156 2 698
156 2 35
156 2 845
156 2 295
156 2 829
156 2 0
156 2 0
157 1 0
157 1 725
157 1 0
158 2 0
158 2 243
158 2 884
158 2 0
158 2 0
158 2 372
158 2 55
158 2 252
158 2 915
158 2 0
159 1 0
159 1 625
159 1 224
159 1 198
159 1 507
159 1 649
159 1 0
159 1 0
159 1 0
159 1 0
160 2 0
160 2 745
160 2 0
160 2 0
160 2 556
160 2 0
161 1 0
161 1 184
161 1 893
161 1 747
161 1 674
161 1 0
161 1 0
161 1 0
161 1 195
161 1 0
162 1 0
162 1 643
162 1 0
162 1 0
162 1 569
162 1 0
163 2 0
163 2 966
163 2 416
163 2 900
163 2 117
163 2 378
163 2 280
163 2 0
163 2 0
163 2 0
163 2 0
164 1 0
164 1 451
164 1 87
164 1 0
164 1 0
165 1 0
165 1 924
165 1 597
165 1 517
165 1 549
165 1 286
165 1 552
165 1 241
165 1 0
165 1 0
166 1 0
166 1 268
166 1 867
166 1 0
166 1 0
166 1 0
166 1 0
167 2 0
167 2 618
167 2 0
167 2 0
167 2 108
167 2 242
167 2 76
167 2 0
168 2 0
168 2 684
168 2 120
168 2 267
168 2 197
168 2 0
168 2 0
169 1 0
169 1 368
169 1 953
169 1 916
169 1 56
169 1 162
169 1 633
169 1 984
169 1 0
169 1 0
169 1 0
169 1 0
170 1 0
170 1 194
170 1 623
170 1 347
170 1 878
170 1 585
170 1 879
170 1 836
170 1 0
170 1 0
170 1 0
170 1 0
171 2 0
171 2 482
171 2 379
171 2 159
171 2 671
171 2 105
171 2 961
171 2 629
171 2 0
171 2 0
172 1 0
172 1 72
172 1 901
172 1 667
172 1 952
172 1 0
172 1 0
173 1 0
173 1 333
173 1 486
173 1 599
173 1 3
173 1 547
173 1 0
173 1 0
174 1 0
174 1 737
174 1 639
174 1 0
174 1 0
175 1 0
175 1 61
175 1 631
175 1 946
175 1 353
175 1 443
175 1 427
175 1 0
175 1 0
175 1 0
175 1 0
176 1 0
176 1 103
176 1 244
176 1 567
176 1 528
176 1 361
176 1 962
176 1 858
176 1 0
176 1 0
176 1 0
176 1 0
177 1 0
177 1 100
177 1 227
177 1 206
177 1 452
177 1 0
177 1 0
177 1 0
177 1 0
178 2 0
178 2 770
178 2 422
178 2 21
178 2 139
178 2 260
178 2 0
178 2 0
178 2 0
178 2 0
179 1 0
179 1 979
179 1 0
179 1 0
179 1 0
179 1 0
180 1 0
180 1 297
180 1 579
180 1 0
180 1 0
181 2 0
181 2 256
181 2 215
181 2 355
181 2 691
181 2 278
181 2 787
181 2 65
181 2 431
181 2 0
181 2 0
182 2 0
182 2 129
182 2 483
182 2 52
182 2 343
182 2 285
182 2 0
182 2 0
183 1 0
183 1 209
183 1 96
183 1 75
183 1 0
183 1 0
184 2 0
184 2 711
184 2 560
184 2 0
185 1 0
185 1 115
185 1 821
185 1 258
185 1 0
185 1 0
185 1 0
185 1 713
185 1 0
185 1 0
186 2 0
186 2 344
186 2 0
187 1 0
187 1 228
187 1 963
187 1 739
187 1 0
187 1 0
188 2 0
188 2 768
188 2 575
188 2 804
188 2 0
188 2 0
188 2 0
188 2 169
188 2 0
189 1 0
189 1 20
189 1 174
189 1 769
189 1 388
189 1 0
189 1 0
189 1 0
189 1 0
190 1 0
190 1 203
190 1 926
190 1 696
190 1 0
190 1 0
190 1 0
190 1 0
191 1 0
191 1 261
191 1 736
191 1 766
191 1 637
191 1 1
191 1 0
191 1 0
191 1 0
191 1 0
192 1 0
192 1 403
192 1 851
192 1 931
192 1 358
192 1 519
192 1 0
192 1 0
192 1 0
192 1 0
193 2 0
193 2 533
193 2 16
193 2 702
193 2 774
193 2 315
193 2 888
193 2 0
193 2 0
194 1 0
194 1 225
194 1 62
194 1 405
194 1 239
194 1 620
194 1 0
194 1 0
194 1 0
194 1 0
195 2 0
195 2 864
195 2 375
195 2 892
195 2 0
195 2 0
196 2 0
196 2 111
196 2 487
196 2 933
196 2 213
196 2 350
196 2 0
196 2 0
196 2 0
196 2 0
197 2 0
197 2 312
197 2 302
197 2 687
197 2 614
197 2 833
197 2 300
197 2 13
197 2 0
197 2 0
197 2 0
197 2 0
198 1 0
198 1 592
198 1 729
198 1 390
198 1 0
198 1 0
198 1 0
198 1 2
198 1 0
199 2 0
199 2 306
199 2 132
199 2 147
199 2 589
199 2 77
199 2 889
199 2 0
199 2 0
199 2 0
199 2 0
200 2 0
200 2 70
200 2 67
200 2 658
200 2 537
200 2 337
200 2 935
200 2 584
200 2 0
200 2 0
200 2 0
200 2 0
201 2 0
201 2 363
201 2 138
201 2 110
201 2 231
201 2 0
201 2 0
202 2 0
202 2 121
202 2 896
202 2 0
202 2 0
203 2 0
203 2 795
203 2 235
203 2 0
203 2 0
203 2 0
203 2 0
204 2 0
204 2 262
204 2 0
204 2 0
204 2 0
204 2 439
204 2 822
204 2 551
204 2 0
204 2 0
204 2 0
204 2 0
205 1 0
205 1 234
205 1 688
205 1 968
205 1 583
205 1 731
205 1 0
205 1 0
206 2 0
206 2 594
206 2 521
206 2 395
206 2 0
206 2 0
207 2 0
207 2 886
207 2 500
207 2 987
207 2 762
207 2 421
207 2 0
207 2 0
207 2 0
207 2 0
208 1 0
208 1 444
208 1 143
208 1 26
208 1 39
208 1 0
208 1 0
208 1 0
208 1 0
209 2 0
209 2 775
209 2 424
209 2 192
209 2 469
209 2 0
209 2 0
209 2 0
209 2 0
210 1 0
210 1 185
210 1 958
210 1 985
210 1 51
210 1 0
210 1 0
210 1 0
210 1 0
211 1 0
211 1 780
211 1 50
211 1 572
211 1 527
211 1 0
211 1 0
211 1 0
211 1 0
212 2 0
212 2 48
212 2 371
212 2 0
212 2 0
213 2 0
213 2 956
213 2 474
213 2 179
213 2 19
213 2 0
213 2 0
213 2 0
213 2 0
214 2 0
214 2 540
214 2 957
214 2 869
214 2 708
214 2 0
214 2 0
215 1 0
215 1 359
215 1 0
215 1 0
215 1 0
215 1 0
216 1 0
216 1 274
216 1 0
216 1 0
217 1 0
217 1 270
217 1 219
217 1 0
217 1 0
218 1 0
218 1 152
218 1 0
218 1 0
219 1 0
219 1 89
219 1 12
219 1 0
219 1 0
