total cost: 348468
1 2 0
1 2 553
1 2 288
1 2 767
1 2 0
1 2 0
1 2 307
1 2 793
1 2 0
1 2 0
1 2 141
1 2 0
2 2 0
2 2 220
2 2 802
2 2 577
2 2 254
2 2 170
2 2 749
2 2 0
2 2 0
2 2 654
2 2 520
2 2 0
3 1 0
3 1 801
3 1 754
3 1 593
3 1 475
3 1 510
3 1 356
3 1 0
4 2 0
4 2 463
4 2 539
4 2 154
4 2 693
4 2 0
4 2 0
4 2 180
4 2 257
4 2 0
5 2 0
5 2 616
5 2 161
5 2 652
5 2 0
5 2 0
5 2 0
6 1 0
6 1 408
6 1 974
6 1 716
6 1 525
6 1 476
6 1 0
7 2 0
7 2 645
7 2 865
7 2 189
7 2 442
7 2 92
7 2 717
7 2 532
7 2 0
7 2 0
7 2 0
8 2 0
8 2 281
8 2 57
8 2 710
8 2 423
8 2 544
8 2 380
8 2 0
9 1 0
9 1 605
9 1 947
9 1 501
9 1 831
9 1 602
9 1 401
9 1 229
9 1 0
9 1 0
9 1 0
10 2 0
10 2 354
10 2 954
10 2 459
10 2 454
10 2 0
10 2 0
10 2 790
10 2 0
11 2 0
11 2 856
11 2 763
11 2 250
11 2 911
11 2 400
11 2 798
11 2 468
11 2 641
11 2 742
11 2 0
12 2 0
12 2 843
12 2 689
12 2 319
12 2 164
12 2 391
12 2 932
12 2 0
13 2 0
13 2 124
13 2 919
13 2 799
13 2 148
13 2 0
14 1 0
14 1 37
14 1 14
14 1 855
14 1 808
14 1 512
14 1 397
14 1 212
14 1 0
15 1 0
15 1 462
15 1 813
15 1 473
15 1 609
15 1 293
15 1 0
15 1 0
15 1 535
15 1 0
16 2 0
16 2 8
16 2 304
16 2 205
16 2 114
16 2 0
17 1 0
17 1 4
17 1 899
17 1 826
17 1 922
17 1 531
17 1 217
17 1 0
17 1 0
17 1 283
17 1 590
17 1 0
18 2 0
18 2 478
18 2 975
18 2 759
18 2 0
18 2 0
18 2 612
18 2 230
18 2 0
19 2 0
19 2 714
19 2 248
19 2 0
20 1 0
20 1 841
20 1 7
20 1 101
20 1 543
20 1 437
20 1 992
20 1 923
20 1 0
20 1 0
20 1 504
20 1 0
21 2 0
21 2 284
21 2 237
21 2 276
21 2 0
21 2 0
21 2 0
22 1 0
22 1 565
22 1 871
22 1 850
22 1 58
22 1 36
22 1 264
22 1 570
22 1 0
22 1 0
22 1 0
23 1 0
23 1 428
23 1 820
23 1 54
23 1 741
23 1 0
23 1 0
23 1 440
23 1 732
23 1 600
23 1 0
24 2 0
24 2 489
24 2 216
24 2 418
24 2 292
24 2 208
24 2 0
25 2 0
25 2 64
25 2 783
25 2 700
25 2 470
25 2 897
25 2 345
25 2 880
25 2 0
26 1 0
26 1 682
26 1 338
26 1 939
26 1 791
26 1 964
26 1 940
26 1 314
26 1 125
26 1 0
27 2 0
27 2 291
27 2 542
27 2 133
27 2 707
27 2 246
27 2 40
27 2 815
27 2 360
27 2 0
27 2 0
27 2 0
28 1 0
28 1 846
28 1 335
28 1 807
28 1 0
29 2 0
29 2 107
29 2 9
29 2 721
29 2 967
29 2 678
29 2 508
29 2 0
30 2 0
30 2 866
30 2 925
30 2 178
30 2 323
30 2 885
30 2 0
31 1 0
31 1 128
31 1 715
31 1 17
31 1 902
31 1 84
31 1 709
31 1 776
31 1 0
31 1 0
31 1 0
32 1 0
32 1 171
32 1 677
32 1 259
32 1 191
32 1 0
33 2 0
33 2 63
33 2 910
33 2 524
33 2 279
33 2 785
33 2 472
33 2 679
33 2 0
33 2 0
33 2 0
34 1 0
34 1 816
34 1 863
34 1 868
34 1 907
34 1 0
34 1 0
34 1 591
34 1 650
34 1 0
35 2 0
35 2 158
35 2 541
35 2 204
35 2 392
35 2 563
35 2 945
35 2 477
35 2 200
35 2 0
36 1 0
36 1 389
36 1 580
36 1 538
36 1 446
36 1 495
36 1 949
36 1 692
36 1 852
36 1 0
37 2 0
37 2 113
37 2 529
37 2 738
37 2 349
37 2 0
37 2 0
37 2 99
37 2 810
37 2 784
37 2 86
37 2 0
38 2 0
38 2 561
38 2 0
39 1 0
39 1 441
39 1 666
39 1 232
39 1 676
39 1 168
39 1 803
39 1 0
39 1 0
39 1 0
40 1 0
40 1 606
40 1 955
40 1 562
40 1 266
40 1 399
40 1 680
40 1 990
40 1 873
40 1 844
40 1 223
40 1 0
40 1 0
41 1 0
41 1 106
41 1 93
41 1 136
41 1 41
41 1 0
42 2 0
42 2 153
42 2 394
42 2 603
42 2 0
42 2 0
42 2 550
42 2 0
43 2 0
43 2 837
43 2 909
43 2 0
44 2 0
44 2 352
44 2 436
44 2 970
44 2 0
45 2 0
45 2 269
45 2 0
46 1 0
46 1 456
46 1 102
46 1 610
46 1 574
46 1 419
46 1 621
46 1 0
46 1 0
46 1 0
47 2 0
47 2 255
47 2 647
47 2 611
47 2 455
47 2 0
47 2 0
47 2 0
48 1 0
48 1 921
48 1 351
48 1 0
48 1 0
48 1 163
48 1 0
49 1 0
49 1 45
49 1 809
49 1 430
49 1 334
49 1 755
49 1 800
49 1 778
49 1 0
49 1 0
49 1 0
49 1 0
50 2 0
50 2 336
50 2 369
50 2 854
50 2 426
50 2 0
50 2 0
50 2 130
50 2 576
50 2 0
50 2 0
50 2 0
51 2 0
51 2 817
51 2 157
51 2 199
51 2 324
51 2 648
51 2 290
51 2 0
51 2 0
51 2 0
52 1 0
52 1 806
52 1 814
52 1 977
52 1 396
52 1 438
52 1 481
52 1 0
52 1 0
52 1 0
53 1 0
53 1 0
54 1 0
54 1 0
55 2 0
55 2 608
55 2 447
55 2 545
55 2 0
55 2 0
55 2 0
56 2 0
56 2 796
56 2 644
56 2 329
56 2 934
56 2 207
56 2 969
56 2 513
56 2 0
56 2 0
56 2 0
57 2 0
57 2 518
57 2 497
57 2 404
57 2 247
57 2 0
57 2 0
57 2 664
57 2 11
57 2 166
57 2 27
57 2 0
58 1 0
58 1 435
58 1 686
58 1 160
58 1 0
58 1 0
58 1 0
59 1 0
59 1 752
59 1 410
59 1 485
59 1 151
59 1 965
59 1 971
59 1 0
59 1 0
59 1 0
60 1 0
60 1 980
60 1 724
60 1 74
60 1 0
61 1 0
61 1 906
61 1 604
61 1 383
61 1 44
61 1 0
62 1 0
62 1 95
62 1 398
62 1 0
63 2 0
63 2 699
63 2 646
63 2 366
63 2 85
63 2 0
63 2 0
63 2 94
63 2 0
64 2 0
64 2 340
64 2 781
64 2 188
64 2 425
64 2 0
64 2 0
64 2 876
64 2 753
64 2 0
65 2 0
65 2 996
65 2 697
65 2 870
65 2 81
65 2 628
65 2 937
65 2 289
65 2 211
65 2 0
65 2 0
65 2 0
66 2 0
66 2 989
66 2 751
66 2 673
66 2 226
66 2 887
66 2 0
66 2 0
66 2 181
66 2 918
66 2 309
66 2 0
66 2 0
66 2 0
67 1 0
67 1 275
67 1 310
67 1 973
67 1 0
67 1 0
67 1 47
67 1 0
68 1 0
68 1 943
68 1 941
68 1 685
68 1 936
68 1 656
68 1 0
68 1 0
68 1 0
69 2 0
69 2 511
69 2 38
69 2 757
69 2 668
69 2 0
70 1 0
70 1 321
70 1 233
70 1 701
70 1 177
70 1 490
70 1 835
70 1 471
70 1 0
70 1 0
70 1 0
70 1 0
71 2 0
71 2 694
71 2 0
72 1 0
72 1 748
72 1 581
72 1 509
72 1 630
72 1 0
73 1 0
73 1 186
73 1 484
73 1 172
73 1 761
73 1 758
73 1 595
73 1 0
73 1 0
73 1 0
73 1 0
74 2 0
74 2 756
74 2 134
74 2 175
74 2 376
74 2 601
74 2 140
74 2 515
74 2 0
74 2 0
74 2 0
75 2 0
75 2 150
75 2 944
75 2 669
75 2 857
75 2 0
76 2 0
76 2 794
76 2 874
76 2 828
76 2 0
76 2 0
76 2 568
76 2 779
76 2 675
76 2 0
77 1 0
77 1 328
77 1 771
77 1 492
77 1 413
77 1 0
77 1 0
77 1 43
77 1 0
78 2 0
78 2 193
78 2 840
78 2 929
78 2 705
78 2 0
78 2 0
78 2 0
79 2 0
79 2 411
79 2 642
79 2 908
79 2 245
79 2 414
79 2 789
79 2 0
80 2 0
80 2 183
80 2 861
80 2 393
80 2 457
80 2 119
80 2 28
80 2 480
80 2 0
81 1 0
81 1 417
81 1 877
81 1 0
81 1 0
81 1 0
82 1 0
82 1 930
82 1 764
82 1 819
82 1 0
82 1 0
82 1 960
82 1 734
82 1 24
82 1 0
83 1 0
83 1 564
83 1 695
83 1 0
84 1 0
84 1 273
84 1 797
84 1 805
84 1 466
84 1 587
84 1 0
85 2 0
85 2 18
85 2 891
85 2 341
85 2 571
85 2 883
85 2 942
85 2 994
85 2 824
85 2 0
85 2 0
85 2 0
86 2 0
86 2 30
86 2 894
86 2 25
86 2 582
86 2 726
86 2 83
86 2 0
86 2 0
86 2 434
86 2 0
87 2 0
87 2 80
87 2 494
87 2 287
87 2 0
87 2 0
87 2 0
88 1 0
88 1 0
89 1 0
89 1 0
90 2 0
90 2 718
90 2 0
90 2 0
90 2 0
91 2 0
91 2 557
91 2 0
92 2 0
92 2 330
92 2 0
93 1 0
93 1 640
93 1 777
93 1 998
93 1 554
93 1 0
93 1 0
93 1 311
93 1 847
93 1 0
93 1 0
93 1 0
94 2 0
94 2 167
94 2 938
94 2 997
94 2 493
94 2 97
94 2 465
94 2 881
94 2 0
94 2 0
94 2 0
95 1 0
95 1 59
95 1 0
96 2 0
96 2 586
96 2 79
96 2 218
96 2 904
96 2 624
96 2 812
96 2 0
97 2 0
97 2 118
97 2 672
97 2 727
97 2 0
97 2 0
97 2 0
98 2 0
98 2 661
98 2 516
98 2 0
99 1 0
99 1 999
99 1 719
99 1 622
99 1 573
99 1 839
99 1 6
99 1 89
99 1 0
99 1 0
100 1 0
100 1 948
100 1 135
100 1 0
100 1 0
100 1 0
101 1 0
101 1 429
101 1 988
101 1 927
101 1 318
101 1 0
101 1 0
101 1 479
101 1 0
102 2 0
102 2 31
102 2 849
102 2 385
102 2 190
102 2 0
103 2 0
103 2 282
103 2 126
103 2 730
103 2 0
103 2 0
103 2 66
103 2 0
104 2 0
104 2 735
104 2 706
104 2 983
104 2 0
105 1 0
105 1 663
105 1 555
105 1 432
105 1 34
105 1 339
105 1 0
105 1 0
105 1 0
105 1 0
106 2 0
106 2 173
106 2 848
106 2 838
106 2 342
106 2 607
106 2 0
107 1 0
107 1 453
107 1 88
107 1 991
107 1 578
107 1 0
107 1 0
107 1 23
107 1 0
108 1 0
108 1 746
108 1 660
108 1 402
108 1 588
108 1 201
108 1 415
108 1 0
108 1 0
109 2 0
109 2 272
109 2 313
109 2 0
109 2 0
109 2 655
109 2 920
109 2 638
109 2 0
109 2 0
109 2 0
110 2 0
110 2 365
110 2 750
110 2 91
110 2 0
110 2 0
110 2 0
111 1 0
111 1 71
111 1 0
112 1 0
112 1 782
112 1 830
112 1 596
112 1 0
112 1 0
112 1 496
112 1 406
112 1 0
113 1 0
113 1 458
113 1 534
113 1 792
113 1 332
113 1 613
113 1 0
113 1 0
113 1 0
113 1 0
114 1 0
114 1 0
115 2 0
115 2 657
115 2 0
115 2 0
115 2 951
115 2 659
115 2 898
115 2 182
115 2 0
116 1 0
116 1 420
116 1 559
116 1 249
116 1 522
116 1 928
116 1 0
116 1 0
117 2 0
117 2 149
117 2 142
117 2 634
117 2 825
117 2 387
117 2 0
117 2 0
117 2 662
117 2 112
117 2 0
118 1 0
118 1 294
118 1 950
118 1 467
118 1 298
118 1 842
118 1 0
119 1 0
119 1 546
119 1 0
120 1 0
120 1 78
120 1 627
120 1 221
120 1 0
121 2 0
121 2 10
121 2 82
121 2 0
122 2 0
122 2 445
122 2 348
122 2 1000
122 2 913
122 2 0
122 2 0
122 2 0
123 2 0
123 2 665
123 2 712
123 2 653
123 2 0
123 2 0
123 2 530
123 2 165
123 2 0
124 2 0
124 2 703
124 2 144
124 2 53
124 2 619
124 2 895
124 2 0
125 1 0
125 1 251
125 1 720
125 1 346
125 1 461
125 1 46
125 1 104
125 1 0
125 1 0
126 2 0
126 2 214
126 2 683
126 2 265
126 2 202
126 2 0
126 2 0
126 2 0
127 1 0
127 1 976
127 1 832
127 1 0
127 1 0
127 1 536
127 1 222
127 1 0
128 2 0
128 2 109
128 2 853
128 2 972
128 2 978
128 2 316
128 2 0
128 2 0
128 2 367
128 2 412
128 2 0
129 1 0
129 1 296
129 1 0
129 1 0
129 1 818
129 1 301
129 1 0
129 1 0
129 1 0
130 2 0
130 2 862
130 2 744
130 2 364
130 2 145
130 2 917
130 2 912
130 2 0
130 2 0
131 1 0
131 1 502
131 1 986
131 1 98
131 1 0
131 1 0
131 1 0
131 1 505
131 1 0
132 1 0
132 1 407
132 1 827
132 1 498
132 1 548
132 1 823
132 1 0
132 1 0
132 1 0
132 1 0
133 2 0
133 2 488
133 2 320
133 2 187
133 2 725
133 2 0
133 2 0
133 2 558
133 2 506
133 2 0
134 1 0
134 1 42
134 1 615
134 1 327
134 1 617
134 1 381
134 1 503
134 1 0
134 1 0
135 1 0
135 1 271
135 1 728
135 1 156
135 1 73
135 1 0
135 1 0
135 1 0
135 1 0
136 2 0
136 2 240
136 2 15
136 2 526
136 2 116
136 2 0
137 2 0
137 2 875
137 2 122
137 2 263
137 2 905
137 2 890
137 2 845
137 2 295
137 2 0
137 2 0
138 2 0
138 2 32
138 2 60
138 2 0
139 1 0
139 1 523
139 1 0
140 1 0
140 1 670
140 1 698
140 1 35
140 1 253
140 1 760
140 1 651
140 1 0
140 1 0
141 2 0
141 2 409
141 2 743
141 2 860
141 2 236
141 2 723
141 2 146
141 2 433
141 2 0
141 2 0
141 2 0
141 2 0
142 1 0
142 1 69
142 1 765
142 1 68
142 1 0
142 1 0
143 1 0
143 1 903
143 1 722
143 1 773
143 1 635
143 1 464
143 1 0
143 1 0
143 1 0
143 1 0
144 1 0
144 1 384
144 1 382
144 1 90
144 1 0
144 1 0
145 1 0
145 1 127
145 1 0
146 1 0
146 1 514
146 1 914
146 1 123
146 1 834
146 1 0
146 1 0
146 1 0
146 1 772
146 1 0
147 2 0
147 2 995
147 2 786
147 2 0
147 2 0
147 2 0
148 2 0
148 2 811
148 2 317
148 2 0
149 1 0
149 1 448
149 1 196
149 1 131
149 1 872
149 1 681
149 1 331
149 1 326
149 1 0
149 1 0
149 1 0
149 1 0
150 1 0
150 1 982
150 1 368
150 1 357
150 1 0
150 1 0
150 1 0
150 1 740
150 1 0
151 1 0
151 1 374
151 1 788
151 1 377
151 1 598
151 1 0
151 1 0
151 1 0
151 1 305
151 1 0
152 1 0
152 1 277
152 1 916
152 1 56
152 1 162
152 1 633
152 1 984
152 1 579
152 1 0
152 1 0
152 1 0
152 1 0
153 2 0
153 2 690
153 2 256
153 2 829
153 2 795
153 2 0
153 2 0
154 2 0
154 2 22
154 2 325
154 2 566
154 2 0
154 2 0
154 2 626
154 2 0
154 2 0
154 2 0
155 2 0
155 2 449
155 2 460
155 2 893
155 2 597
155 2 549
155 2 286
155 2 486
155 2 915
155 2 252
155 2 241
155 2 55
155 2 0
155 2 0
156 2 0
156 2 372
156 2 882
156 2 0
157 1 0
157 1 450
157 1 303
157 1 959
157 1 308
157 1 49
157 1 704
157 1 632
157 1 0
157 1 0
158 2 0
158 2 5
158 2 867
158 2 267
158 2 0
158 2 0
158 2 0
159 2 0
159 2 243
159 2 120
159 2 0
159 2 0
159 2 195
159 2 993
159 2 0
159 2 0
159 2 0
160 2 0
160 2 625
160 2 224
160 2 981
160 2 507
160 2 649
160 2 491
160 2 299
160 2 0
160 2 0
161 2 0
161 2 370
161 2 636
161 2 244
161 2 567
161 2 361
161 2 353
161 2 443
161 2 0
161 2 0
161 2 0
161 2 0
162 1 0
162 1 0
163 2 0
163 2 745
163 2 0
163 2 0
163 2 373
163 2 499
163 2 0
164 2 0
164 2 184
164 2 194
164 2 747
164 2 924
164 2 859
164 2 0
164 2 0
164 2 0
164 2 87
164 2 0
165 1 0
165 1 733
165 1 61
165 1 528
165 1 946
165 1 427
165 1 0
165 1 0
165 1 0
165 1 0
166 1 0
166 1 643
166 1 0
166 1 0
166 1 556
166 1 979
166 1 0
166 1 0
166 1 0
166 1 0
167 2 0
167 2 176
167 2 268
167 2 0
167 2 0
167 2 33
167 2 0
168 1 0
168 1 884
168 1 674
168 1 517
168 1 623
168 1 378
168 1 0
168 1 0
168 1 0
168 1 0
169 1 0
169 1 966
169 1 238
169 1 900
169 1 117
169 1 0
169 1 0
169 1 0
169 1 0
170 2 0
170 2 137
170 2 155
170 2 618
170 2 333
170 2 0
170 2 0
170 2 0
170 2 0
171 1 0
171 1 198
171 1 416
171 1 129
171 1 901
171 1 667
171 1 0
171 1 0
171 1 0
171 1 0
172 1 0
172 1 569
172 1 451
172 1 0
172 1 0
173 2 0
173 2 684
173 2 422
173 2 21
173 2 197
173 2 687
173 2 139
173 2 892
173 2 138
173 2 0
173 2 0
173 2 0
173 2 0
174 1 0
174 1 482
174 1 72
174 1 671
174 1 961
174 1 0
174 1 0
175 1 0
175 1 210
175 1 242
175 1 0
175 1 0
175 1 0
175 1 0
176 2 0
176 2 362
176 2 639
176 2 386
176 2 0
177 2 0
177 2 737
177 2 858
177 2 0
178 1 0
178 1 322
178 1 0
178 1 0
179 1 0
179 1 297
179 1 713
179 1 0
179 1 0
180 2 0
180 2 103
180 2 631
180 2 533
180 2 769
180 2 963
180 2 278
180 2 787
180 2 65
180 2 0
180 2 0
180 2 0
180 2 0
181 2 0
181 2 100
181 2 227
181 2 878
181 2 585
181 2 879
181 2 0
181 2 0
181 2 0
181 2 0
182 2 0
182 2 770
182 2 403
182 2 851
182 2 931
182 2 363
182 2 0
182 2 0
182 2 0
182 2 0
183 2 0
183 2 552
183 2 599
183 2 3
183 2 0
183 2 0
184 1 0
184 1 209
184 1 75
184 1 76
184 1 0
184 1 0
185 1 0
185 1 379
185 1 768
185 1 159
185 1 105
185 1 228
185 1 0
185 1 0
185 1 0
185 1 0
186 1 0
186 1 953
186 1 691
186 1 174
186 1 306
186 1 0
186 1 0
186 1 0
186 1 96
186 1 629
186 1 0
186 1 0
187 1 0
187 1 711
187 1 560
187 1 0
187 1 0
188 1 0
188 1 483
188 1 343
188 1 452
188 1 206
188 1 0
188 1 0
188 1 0
188 1 0
189 1 0
189 1 52
189 1 258
189 1 926
189 1 0
189 1 0
189 1 0
189 1 169
189 1 0
189 1 0
190 2 0
190 2 215
190 2 355
190 2 589
190 2 147
190 2 774
190 2 702
190 2 315
190 2 888
190 2 0
190 2 0
191 2 0
191 2 115
191 2 347
191 2 225
191 2 358
191 2 696
191 2 519
191 2 121
191 2 896
191 2 836
191 2 0
191 2 0
191 2 0
191 2 0
192 1 0
192 1 344
192 1 739
192 1 431
192 1 0
192 1 0
193 2 0
193 2 952
193 2 0
194 1 0
194 1 20
194 1 261
194 1 388
194 1 0
194 1 0
194 1 0
194 1 152
194 1 0
195 2 0
195 2 203
195 2 234
195 2 405
195 2 239
195 2 337
195 2 537
195 2 300
195 2 0
195 2 0
195 2 0
195 2 0
196 1 0
196 1 962
196 1 0
196 1 0
197 1 0
197 1 821
197 1 62
197 1 390
197 1 584
197 1 0
197 1 0
198 1 0
198 1 285
198 1 350
198 1 0
198 1 0
198 1 0
198 1 0
199 1 0
199 1 111
199 1 933
199 1 0
199 1 0
199 1 0
199 1 864
199 1 375
199 1 110
199 1 0
199 1 0
200 2 0
200 2 312
200 2 302
200 2 833
200 2 658
200 2 48
200 2 620
200 2 231
200 2 0
200 2 0
200 2 0
200 2 0
201 2 0
201 2 16
201 2 736
201 2 766
201 2 0
201 2 0
201 2 0
201 2 108
201 2 547
201 2 0
201 2 0
202 2 0
202 2 70
202 2 67
202 2 968
202 2 583
202 2 935
202 2 731
202 2 0
202 2 0
203 2 0
203 2 592
203 2 575
203 2 1
203 2 637
203 2 0
203 2 0
203 2 0
203 2 0
204 1 0
204 1 439
204 1 0
204 1 0
204 1 0
204 1 0
205 2 0
205 2 262
205 2 0
205 2 0
205 2 0
205 2 280
205 2 594
205 2 0
205 2 0
205 2 0
205 2 0
206 1 0
206 1 804
206 1 886
206 1 500
206 1 0
206 1 0
206 1 0
206 1 260
206 1 0
206 1 0
207 1 0
207 1 487
207 1 775
207 1 0
207 1 0
207 1 0
207 1 0
208 1 0
208 1 213
208 1 729
208 1 421
208 1 762
208 1 0
208 1 0
208 1 0
208 1 0
209 1 0
209 1 0
210 1 0
210 1 0
211 2 0
211 2 822
211 2 0
211 2 0
211 2 0
211 2 0
212 2 0
212 2 444
212 2 132
212 2 39
212 2 889
212 2 0
212 2 0
212 2 0
212 2 0
213 2 0
213 2 614
213 2 270
213 2 371
213 2 0
213 2 0
213 2 0
213 2 0
214 1 0
214 1 551
214 1 395
214 1 0
214 1 0
215 1 0
215 1 688
215 1 540
215 1 987
215 1 0
215 1 0
215 1 0
215 1 219
215 1 0
215 1 0
216 2 0
216 2 143
216 2 26
216 2 359
216 2 235
216 2 572
216 2 0
216 2 0
217 2 0
217 2 424
217 2 192
217 2 469
217 2 527
217 2 869
217 2 274
217 2 0
217 2 0
218 1 0
218 1 185
218 1 958
218 1 985
218 1 51
218 1 0
218 1 0
218 1 0
218 1 29
218 1 0
219 2 0
219 2 956
219 2 474
219 2 179
219 2 50
219 2 0
219 2 0
219 2 0
219 2 0
220 1 0
220 1 780
220 1 77
220 1 0
220 1 0
220 1 0
220 1 0
221 1 0
221 1 19
221 1 957
221 1 708
221 1 0
221 1 0
222 1 0
222 1 521
222 1 12
222 1 0
222 1 0
223 1 0
223 1 13
223 1 0
223 1 0
224 1 0
224 1 2
224 1 0
