total cost: 351932
1 2 0
1 2 553
1 2 288
1 2 767
1 2 0
1 2 0
1 2 307
1 2 793
1 2 0
1 2 0
1 2 141
1 2 0
2 1 0
2 1 220
2 1 802
2 1 577
2 1 254
2 1 0
2 1 0
2 1 180
2 1 257
2 1 932
2 1 0
3 1 0
3 1 616
3 1 161
3 1 652
3 1 0
3 1 0
3 1 0
4 1 0
4 1 954
4 1 654
4 1 520
4 1 0
5 1 0
5 1 463
5 1 539
5 1 459
5 1 693
5 1 454
5 1 0
5 1 0
5 1 790
5 1 0
5 1 0
5 1 0
6 1 0
6 1 408
6 1 801
6 1 754
6 1 593
6 1 475
6 1 510
6 1 356
6 1 0
7 2 0
7 2 645
7 2 865
7 2 189
7 2 442
7 2 92
7 2 710
7 2 717
7 2 0
7 2 0
7 2 0
8 2 0
8 2 605
8 2 974
8 2 401
8 2 229
8 2 0
9 1 0
9 1 57
9 1 843
9 1 170
9 1 749
9 1 689
9 1 525
9 1 476
9 1 0
9 1 0
9 1 0
10 1 0
10 1 281
10 1 423
10 1 532
10 1 544
10 1 798
10 1 380
10 1 0
11 2 0
11 2 856
11 2 4
11 2 501
11 2 250
11 2 911
11 2 468
11 2 700
11 2 783
11 2 477
11 2 0
12 1 0
12 1 354
12 1 37
12 1 0
13 1 0
13 1 319
13 1 716
13 1 0
14 2 0
14 2 124
14 2 919
14 2 799
14 2 148
14 2 0
15 1 0
15 1 612
15 1 0
16 2 0
16 2 164
16 2 391
16 2 440
16 2 216
16 2 650
16 2 0
17 1 0
17 1 0
18 2 0
18 2 154
18 2 0
18 2 0
18 2 591
18 2 504
18 2 0
19 1 0
19 1 462
19 1 813
19 1 478
19 1 0
19 1 0
19 1 8
19 1 561
19 1 535
19 1 0
20 2 0
20 2 763
20 2 831
20 2 602
20 2 284
20 2 759
20 2 0
20 2 0
20 2 230
20 2 590
20 2 0
21 2 0
21 2 947
21 2 899
21 2 826
21 2 922
21 2 217
21 2 470
21 2 29
21 2 897
21 2 345
21 2 0
21 2 0
21 2 0
22 2 0
22 2 714
22 2 248
22 2 0
23 1 0
23 1 841
23 1 64
23 1 304
23 1 205
23 1 114
23 1 0
24 2 0
24 2 400
24 2 682
24 2 101
24 2 543
24 2 437
24 2 992
24 2 923
24 2 436
24 2 0
24 2 0
24 2 0
25 2 0
25 2 975
25 2 570
25 2 810
25 2 276
25 2 0
25 2 0
25 2 0
26 2 0
26 2 565
26 2 871
26 2 850
26 2 58
26 2 237
26 2 0
26 2 0
26 2 283
26 2 0
27 2 0
27 2 428
27 2 820
27 2 54
27 2 732
27 2 600
27 2 0
28 1 0
28 1 291
28 1 7
28 1 967
28 1 678
28 1 508
28 1 0
29 2 0
29 2 846
29 2 473
29 2 293
29 2 0
30 1 0
30 1 489
30 1 741
30 1 107
30 1 0
31 1 0
31 1 641
31 1 171
31 1 742
31 1 0
32 2 0
32 2 128
32 2 925
32 2 9
32 2 721
32 2 0
33 2 0
33 2 866
33 2 17
33 2 418
33 2 292
33 2 208
33 2 38
33 2 0
34 1 0
34 1 264
34 1 910
34 1 524
34 1 63
34 1 807
34 1 0
35 2 0
35 2 816
35 2 863
35 2 868
35 2 609
35 2 349
35 2 0
35 2 0
35 2 352
35 2 0
36 2 0
36 2 158
36 2 541
36 2 36
36 2 204
36 2 563
36 2 964
36 2 940
36 2 314
36 2 125
36 2 0
37 2 0
37 2 14
37 2 580
37 2 232
37 2 538
37 2 495
37 2 397
37 2 212
37 2 512
37 2 0
38 2 0
38 2 389
38 2 441
38 2 666
38 2 446
38 2 949
38 2 692
38 2 852
38 2 0
39 1 0
39 1 113
39 1 529
39 1 738
39 1 907
39 1 0
40 1 0
40 1 939
40 1 338
40 1 945
40 1 791
40 1 259
40 1 191
40 1 0
41 1 0
41 1 855
41 1 808
41 1 676
41 1 969
41 1 803
41 1 66
41 1 0
41 1 0
41 1 0
42 2 0
42 2 279
42 2 99
42 2 785
42 2 472
42 2 513
42 2 0
42 2 0
42 2 0
43 2 0
43 2 606
43 2 955
43 2 542
43 2 707
43 2 246
43 2 40
43 2 360
43 2 990
43 2 223
43 2 844
43 2 0
44 2 0
44 2 106
44 2 815
44 2 200
44 2 0
45 1 0
45 1 335
45 1 0
46 2 0
46 2 153
46 2 394
46 2 329
46 2 934
46 2 207
46 2 168
46 2 71
46 2 661
46 2 0
46 2 0
46 2 0
47 1 0
47 1 531
47 1 45
47 1 399
47 1 680
47 1 873
47 1 694
47 1 0
48 1 0
48 1 715
48 1 902
48 1 425
48 1 776
48 1 0
49 2 0
49 2 603
49 2 796
49 2 644
49 2 608
49 2 447
49 2 545
49 2 0
49 2 0
49 2 269
49 2 0
50 1 0
50 1 133
50 1 752
50 1 664
50 1 0
50 1 0
50 1 0
51 1 0
51 1 677
51 1 880
51 1 136
51 1 0
52 1 0
52 1 837
52 1 909
52 1 0
53 2 0
53 2 784
53 2 86
53 2 0
54 2 0
54 2 550
54 2 0
55 1 0
55 1 456
55 1 102
55 1 351
55 1 0
55 1 0
55 1 255
55 1 980
55 1 74
55 1 724
55 1 0
56 2 0
56 2 921
56 2 679
56 2 576
56 2 0
57 1 0
57 1 336
57 1 369
57 1 854
57 1 0
57 1 0
57 1 163
57 1 906
57 1 0
58 1 0
58 1 817
58 1 157
58 1 199
58 1 324
58 1 0
58 1 0
58 1 130
58 1 0
59 1 0
59 1 806
59 1 430
59 1 977
59 1 396
59 1 438
59 1 481
59 1 0
59 1 0
59 1 0
60 2 0
60 2 518
60 2 497
60 2 404
60 2 642
60 2 0
60 2 0
60 2 435
60 2 835
60 2 0
61 1 0
61 1 266
61 1 562
61 1 275
61 1 310
61 1 748
61 1 581
61 1 434
61 1 27
61 1 0
61 1 0
61 1 0
62 1 0
62 1 611
62 1 647
62 1 455
62 1 0
63 2 0
63 2 93
63 2 41
63 2 181
63 2 0
64 1 0
64 1 178
64 1 323
64 1 885
64 1 0
65 2 0
65 2 95
65 2 398
65 2 0
66 1 0
66 1 809
66 1 930
66 1 771
66 1 492
66 1 413
66 1 0
66 1 0
66 1 94
66 1 0
67 1 0
67 1 699
67 1 646
67 1 392
67 1 30
67 1 628
67 1 937
67 1 0
67 1 0
67 1 0
68 2 0
68 2 340
68 2 781
68 2 188
68 2 84
68 2 709
68 2 757
68 2 668
68 2 0
69 2 0
69 2 648
69 2 290
69 2 151
69 2 970
69 2 734
69 2 480
69 2 0
69 2 0
69 2 0
70 2 0
70 2 814
70 2 417
70 2 918
70 2 309
70 2 0
70 2 0
70 2 0
71 1 0
71 1 989
71 1 751
71 1 673
71 1 485
71 1 410
71 1 0
71 1 0
71 1 876
71 1 753
71 1 0
72 1 0
72 1 996
72 1 697
72 1 870
72 1 81
72 1 289
72 1 211
72 1 0
73 2 0
73 2 160
73 2 233
73 2 686
73 2 183
73 2 490
73 2 471
73 2 0
74 1 0
74 1 568
74 1 675
74 1 779
74 1 0
74 1 0
74 1 0
75 2 0
75 2 166
75 2 936
75 2 630
75 2 0
76 1 0
76 1 511
76 1 777
76 1 79
76 1 663
76 1 0
76 1 0
76 1 47
76 1 0
77 2 0
77 2 943
77 2 941
77 2 973
77 2 0
77 2 0
77 2 43
77 2 11
77 2 0
78 1 0
78 1 756
78 1 134
78 1 175
78 1 376
78 1 601
78 1 140
78 1 515
78 1 0
78 1 0
78 1 0
78 1 0
79 2 0
79 2 321
79 2 177
79 2 701
79 2 218
79 2 80
79 2 494
79 2 0
79 2 0
79 2 0
80 2 0
80 2 186
80 2 484
80 2 172
80 2 761
80 2 595
80 2 758
80 2 587
80 2 0
81 2 0
81 2 794
81 2 874
81 2 828
81 2 0
81 2 0
81 2 150
81 2 944
81 2 669
81 2 857
81 2 0
82 1 0
82 1 328
82 1 755
82 1 997
82 1 493
82 1 778
82 1 0
82 1 0
82 1 0
83 2 0
83 2 193
83 2 426
83 2 0
83 2 0
83 2 971
83 2 965
83 2 24
83 2 0
84 2 0
84 2 411
84 2 574
84 2 419
84 2 976
84 2 0
85 2 0
85 2 226
85 2 887
85 2 118
85 2 656
85 2 509
85 2 479
85 2 0
86 1 0
86 1 610
86 1 894
86 1 25
86 1 582
86 1 726
86 1 83
86 1 0
86 1 0
86 1 0
86 1 0
87 2 0
87 2 18
87 2 891
87 2 341
87 2 685
87 2 0
87 2 0
87 2 960
87 2 0
88 2 0
88 2 564
88 2 840
88 2 929
88 2 705
88 2 0
88 2 0
88 2 0
89 2 0
89 2 273
89 2 797
89 2 805
89 2 466
89 2 0
90 2 0
90 2 718
90 2 0
90 2 0
90 2 0
91 1 0
91 1 861
91 1 393
91 1 457
91 1 119
91 1 28
91 1 0
92 2 0
92 2 604
92 2 383
92 2 44
92 2 516
92 2 0
93 2 0
93 2 557
93 2 0
94 2 0
94 2 330
94 2 0
95 1 0
95 1 366
95 1 0
95 1 0
95 1 85
95 1 800
95 1 881
95 1 298
95 1 0
95 1 0
95 1 0
96 2 0
96 2 640
96 2 420
96 2 665
96 2 554
96 2 624
96 2 904
96 2 812
96 2 287
96 2 0
96 2 0
96 2 0
96 2 0
97 1 0
97 1 695
97 1 0
98 1 0
98 1 334
98 1 938
98 1 294
98 1 97
98 1 465
98 1 0
98 1 0
98 1 311
98 1 847
98 1 0
98 1 0
98 1 0
99 1 0
99 1 167
99 1 782
99 1 764
99 1 819
99 1 0
99 1 0
99 1 586
99 1 0
100 1 0
100 1 999
100 1 719
100 1 622
100 1 573
100 1 883
100 1 942
100 1 994
100 1 824
100 1 265
100 1 0
100 1 0
100 1 0
100 1 0
101 1 0
101 1 59
101 1 0
102 1 0
102 1 429
102 1 746
102 1 660
102 1 558
102 1 983
102 1 706
102 1 0
102 1 0
103 1 0
103 1 948
103 1 135
103 1 0
103 1 0
103 1 0
104 2 0
104 2 31
104 2 849
104 2 832
104 2 190
104 2 621
104 2 951
104 2 0
105 1 0
105 1 282
105 1 126
105 1 683
105 1 0
105 1 0
105 1 877
105 1 0
106 1 0
106 1 735
106 1 0
107 2 0
107 2 173
107 2 848
107 2 838
107 2 342
107 2 607
107 2 0
108 2 0
108 2 453
108 2 88
108 2 991
108 2 578
108 2 0
108 2 0
108 2 23
108 2 91
108 2 750
108 2 0
109 2 0
109 2 247
109 2 908
109 2 144
109 2 245
109 2 414
109 2 659
109 2 0
109 2 0
109 2 0
110 1 0
110 1 272
110 1 0
110 1 0
110 1 655
110 1 445
110 1 920
110 1 0
110 1 0
110 1 0
111 2 0
111 2 365
111 2 898
111 2 0
111 2 0
111 2 0
112 1 0
112 1 458
112 1 534
112 1 792
112 1 613
112 1 488
112 1 187
112 1 0
112 1 0
112 1 0
112 1 0
113 2 0
113 2 657
113 2 0
113 2 0
113 2 496
113 2 301
113 2 127
113 2 626
113 2 0
113 2 0
113 2 0
114 1 0
114 1 830
114 1 0
114 1 0
114 1 662
114 1 112
114 1 0
115 1 0
115 1 149
115 1 332
115 1 142
115 1 320
115 1 0
115 1 0
115 1 0
115 1 546
115 1 182
115 1 0
116 2 0
116 2 842
116 2 0
117 1 0
117 1 78
117 1 627
117 1 789
117 1 0
117 1 0
118 2 0
118 2 10
118 2 727
118 2 0
118 2 0
118 2 0
119 1 0
119 1 530
119 1 638
119 1 772
119 1 0
119 1 0
119 1 0
120 1 0
120 1 214
120 1 0
120 1 0
120 1 367
120 1 412
120 1 0
121 2 0
121 2 251
121 2 927
121 2 318
121 2 346
121 2 461
121 2 90
121 2 0
122 1 0
122 1 703
122 1 407
122 1 505
122 1 0
122 1 0
123 1 0
123 1 672
123 1 82
123 1 0
123 1 0
123 1 0
124 1 0
124 1 571
124 1 406
124 1 202
124 1 0
124 1 0
124 1 0
125 2 0
125 2 950
125 2 596
125 2 0
125 2 0
125 2 536
125 2 0
126 2 0
126 2 730
126 2 862
126 2 364
126 2 0
126 2 0
126 2 221
126 2 0
127 2 0
127 2 313
127 2 903
127 2 988
127 2 0
127 2 0
127 2 33
127 2 0
128 1 0
128 1 109
128 1 634
128 1 825
128 1 387
128 1 0
128 1 0
128 1 2
128 1 0
128 1 0
128 1 0
129 2 0
129 2 720
129 2 502
129 2 450
129 2 98
129 2 704
129 2 632
129 2 386
129 2 0
129 2 0
130 1 0
130 1 998
130 1 559
130 1 555
130 1 432
130 1 34
130 1 339
130 1 1047
130 1 0
130 1 1047
130 1 0
131 1 0
131 1 712
131 1 653
131 1 448
131 1 681
131 1 0
131 1 0
131 1 0
131 1 0
132 1 0
132 1 296
132 1 0
132 1 0
132 1 53
132 1 619
132 1 895
132 1 0
132 1 0
132 1 0
132 1 0
133 2 0
133 2 467
133 2 743
133 2 860
133 2 236
133 2 104
133 2 46
133 2 0
134 1 0
134 1 385
134 1 122
134 1 905
134 1 890
134 1 845
134 1 295
134 1 0
134 1 0
135 1 0
135 1 271
135 1 827
135 1 156
135 1 728
135 1 0
135 1 0
135 1 0
135 1 0
136 2 0
136 2 145
136 2 839
136 2 60
136 2 6
136 2 89
136 2 0
137 1 0
137 1 42
137 1 615
137 1 327
137 1 617
137 1 381
137 1 0
137 1 0
138 2 0
138 2 875
138 2 506
138 2 993
138 2 0
138 2 0
138 2 0
139 1 0
139 1 240
139 1 15
139 1 0
139 1 0
139 1 818
139 1 0
139 1 0
139 1 0
140 1 0
140 1 32
140 1 917
140 1 912
140 1 0
141 2 0
141 2 523
141 2 348
141 2 1000
141 2 913
141 2 0
141 2 0
141 2 0
142 1 0
142 1 670
142 1 698
142 1 35
142 1 253
142 1 760
142 1 651
142 1 0
142 1 0
143 2 0
143 2 409
143 2 384
143 2 382
143 2 0
144 2 0
144 2 823
144 2 498
144 2 548
144 2 503
144 2 0
145 1 0
145 1 853
145 1 972
145 1 978
145 1 0
145 1 0
145 1 0
145 1 165
145 1 305
145 1 0
146 2 0
146 2 744
146 2 625
146 2 981
146 2 723
146 2 210
146 2 433
146 2 0
146 2 0
146 2 0
146 2 0
147 1 0
147 1 514
147 1 690
147 1 123
147 1 834
147 1 0
147 1 0
148 2 0
148 2 402
148 2 636
148 2 733
148 2 464
148 2 415
148 2 201
148 2 0
148 2 0
148 2 0
148 2 0
149 1 0
149 1 995
149 1 0
150 1 0
150 1 722
150 1 986
150 1 635
150 1 0
150 1 0
150 1 0
150 1 69
150 1 765
150 1 68
150 1 0
150 1 0
151 1 0
151 1 982
151 1 914
151 1 277
151 1 73
151 1 263
151 1 0
151 1 0
151 1 0
151 1 0
152 1 0
152 1 374
152 1 788
152 1 131
152 1 249
152 1 0
152 1 0
152 1 0
152 1 222
152 1 0
153 1 0
153 1 22
153 1 316
153 1 325
153 1 176
153 1 5
153 1 155
153 1 0
153 1 0
153 1 0
153 1 0
154 1 0
154 1 773
154 1 370
154 1 737
154 1 0
154 1 0
154 1 0
154 1 0
155 1 0
155 1 786
155 1 0
155 1 0
155 1 0
156 1 0
156 1 811
156 1 317
156 1 0
156 1 0
156 1 0
157 1 0
157 1 566
157 1 867
157 1 0
157 1 0
157 1 0
157 1 0
158 2 0
158 2 377
158 2 872
158 2 331
158 2 326
158 2 373
158 2 556
158 2 0
158 2 0
158 2 0
158 2 0
159 2 0
159 2 449
159 2 460
159 2 725
159 2 0
159 2 0
159 2 740
159 2 0
160 2 0
160 2 116
160 2 526
160 2 928
160 2 0
161 1 0
161 1 357
161 1 579
161 1 984
161 1 829
161 1 0
161 1 0
162 2 0
162 2 243
162 2 884
162 2 0
162 2 0
162 2 588
162 2 49
162 2 0
163 1 0
163 1 196
163 1 598
163 1 137
163 1 0
163 1 0
163 1 0
163 1 0
164 1 0
164 1 303
164 1 482
164 1 308
164 1 105
164 1 671
164 1 961
164 1 0
164 1 0
165 1 0
165 1 184
165 1 893
165 1 747
165 1 674
165 1 0
165 1 0
165 1 0
165 1 0
166 1 0
166 1 0
167 1 0
167 1 0
168 1 0
168 1 0
169 2 0
169 2 745
169 2 0
169 2 0
169 2 372
169 2 882
169 2 0
170 1 0
170 1 224
170 1 238
170 1 198
170 1 507
170 1 900
170 1 0
170 1 0
170 1 0
170 1 87
170 1 0
170 1 0
170 1 0
171 2 0
171 2 643
171 2 0
171 2 0
171 2 569
171 2 0
172 2 0
172 2 966
172 2 859
172 2 924
172 2 252
172 2 915
172 2 0
172 2 0
173 1 0
173 1 267
173 1 0
173 1 0
173 1 451
173 1 55
173 1 0
173 1 0
174 1 0
174 1 618
174 1 0
174 1 0
174 1 362
174 1 242
174 1 146
174 1 491
174 1 0
174 1 0
174 1 0
174 1 0
175 2 0
175 2 684
175 2 120
175 2 517
175 2 549
175 2 286
175 2 486
175 2 552
175 2 241
175 2 0
175 2 0
176 2 0
176 2 368
176 2 953
176 2 916
176 2 56
176 2 162
176 2 633
176 2 795
176 2 713
176 2 0
176 2 0
177 1 0
177 1 194
177 1 623
177 1 117
177 1 878
177 1 378
177 1 280
177 1 0
177 1 0
177 1 0
177 1 0
178 2 0
178 2 416
178 2 129
178 2 649
178 2 299
178 2 169
178 2 0
178 2 0
179 1 0
179 1 268
179 1 21
179 1 139
179 1 260
179 1 0
179 1 0
179 1 0
179 1 0
180 2 0
180 2 72
180 2 901
180 2 667
180 2 96
180 2 76
180 2 75
180 2 0
180 2 0
181 2 0
181 2 959
181 2 639
181 2 0
182 2 0
182 2 333
182 2 0
183 1 0
183 1 322
183 1 979
183 1 499
183 1 0
183 1 0
183 1 0
183 1 0
184 2 0
184 2 61
184 2 631
184 2 946
184 2 353
184 2 443
184 2 427
184 2 0
184 2 0
185 2 0
185 2 522
185 2 197
185 2 687
185 2 219
185 2 892
185 2 138
185 2 0
185 2 0
186 1 0
186 1 103
186 1 244
186 1 567
186 1 528
186 1 361
186 1 962
186 1 858
186 1 0
186 1 0
186 1 0
186 1 0
187 1 0
187 1 100
187 1 347
187 1 225
187 1 358
187 1 696
187 1 3
187 1 0
187 1 0
187 1 0
187 1 0
188 1 0
188 1 770
188 1 422
188 1 0
188 1 0
188 1 0
188 1 297
188 1 0
188 1 0
189 2 0
189 2 597
189 2 403
189 2 851
189 2 931
189 2 363
189 2 599
189 2 879
189 2 836
189 2 585
189 2 0
189 2 0
190 2 0
190 2 256
190 2 215
190 2 691
190 2 306
190 2 589
190 2 278
190 2 787
190 2 65
190 2 0
190 2 0
190 2 0
190 2 0
191 1 0
191 1 379
191 1 768
191 1 159
191 1 629
191 1 952
191 1 0
191 1 0
191 1 0
191 1 0
192 1 0
192 1 711
192 1 560
192 1 0
192 1 0
193 2 0
193 2 227
193 2 203
193 2 115
193 2 452
193 2 206
193 2 0
193 2 0
193 2 0
193 2 0
194 2 0
194 2 483
194 2 343
194 2 575
194 2 0
194 2 0
194 2 0
194 2 195
194 2 0
195 1 0
195 1 52
195 1 592
195 1 258
195 1 926
195 1 0
195 1 0
195 1 0
195 1 0
196 1 0
196 1 228
196 1 963
196 1 344
196 1 0
196 1 0
197 1 0
197 1 20
197 1 174
197 1 444
197 1 147
197 1 0
197 1 0
197 1 0
197 1 0
198 2 0
198 2 261
198 2 769
198 2 533
198 2 637
198 2 0
198 2 0
198 2 0
198 2 0
199 2 0
199 2 821
199 2 519
199 2 121
199 2 896
199 2 547
199 2 231
199 2 0
199 2 0
200 1 0
200 1 285
200 1 0
200 1 0
200 1 0
200 1 0
201 2 0
201 2 111
201 2 933
201 2 0
201 2 0
201 2 0
201 2 864
201 2 375
201 2 110
201 2 0
201 2 0
202 1 0
202 1 312
202 1 302
202 1 833
202 1 658
202 1 0
202 1 0
202 1 0
202 1 0
203 1 0
203 1 16
203 1 388
203 1 736
203 1 766
203 1 888
203 1 0
203 1 0
203 1 0
203 1 0
204 2 0
204 2 355
204 2 132
204 2 26
204 2 889
204 2 0
204 2 0
204 2 0
204 2 0
205 2 0
205 2 350
205 2 0
205 2 0
205 2 0
205 2 739
205 2 0
205 2 0
206 2 0
206 2 70
206 2 67
206 2 537
206 2 300
206 2 48
206 2 620
206 2 0
206 2 0
207 2 0
207 2 262
207 2 0
207 2 0
207 2 0
207 2 439
207 2 315
207 2 822
207 2 0
207 2 0
207 2 0
207 2 0
208 1 0
208 1 1
208 1 0
208 1 0
208 1 0
208 1 209
208 1 0
208 1 0
208 1 0
208 1 0
209 2 0
209 2 804
209 2 886
209 2 500
209 2 0
209 2 0
209 2 0
209 2 152
209 2 0
210 2 0
210 2 487
210 2 775
210 2 729
210 2 390
210 2 239
210 2 0
210 2 0
210 2 0
210 2 0
211 2 0
211 2 234
211 2 405
211 2 62
211 2 337
211 2 583
211 2 935
211 2 0
211 2 0
211 2 0
211 2 0
212 1 0
212 1 213
212 1 594
212 1 584
212 1 371
212 1 0
212 1 0
212 1 0
212 1 0
213 1 0
213 1 968
213 1 424
213 1 762
213 1 0
213 1 0
213 1 0
213 1 431
213 1 0
213 1 0
214 2 0
214 2 774
214 2 702
214 2 572
214 2 395
214 2 0
214 2 0
215 1 0
215 1 614
215 1 731
215 1 0
215 1 0
216 2 0
216 2 551
216 2 0
216 2 0
217 1 0
217 1 688
217 1 540
217 1 421
217 1 0
217 1 0
217 1 0
217 1 0
218 2 0
218 2 143
218 2 50
218 2 527
218 2 469
218 2 0
218 2 0
219 2 0
219 2 192
219 2 19
219 2 0
219 2 0
220 1 0
220 1 185
220 1 958
220 1 987
220 1 0
220 1 0
220 1 0
220 1 108
220 1 0
221 1 0
221 1 956
221 1 179
221 1 985
221 1 0
221 1 0
221 1 0
221 1 235
221 1 0
221 1 0
222 1 0
222 1 780
222 1 0
222 1 0
222 1 0
222 1 77
222 1 869
222 1 274
222 1 0
222 1 0
222 1 0
222 1 0
223 2 0
223 2 359
223 2 957
223 2 708
223 2 12
223 2 0
223 2 0
223 2 0
223 2 0
224 1 0
224 1 39
224 1 474
224 1 51
224 1 0
224 1 521
224 1 0
224 1 0
225 1 0
225 1 270
225 1 0
225 1 0
226 1 0
226 1 13
226 1 0
226 1 0
