total cost: 346247
1 2 0
1 2 553
1 2 288
1 2 767
1 2 0
1 2 0
1 2 307
1 2 793
1 2 0
1 2 0
1 2 141
1 2 0
2 2 0
2 2 220
2 2 802
2 2 577
2 2 254
2 2 749
2 2 0
2 2 0
2 2 180
2 2 257
2 2 932
2 2 0
3 2 0
3 2 616
3 2 161
3 2 652
3 2 0
3 2 0
3 2 0
4 1 0
4 1 954
4 1 654
4 1 520
4 1 0
5 1 0
5 1 463
5 1 539
5 1 459
5 1 693
5 1 454
5 1 0
5 1 0
5 1 790
5 1 0
5 1 0
5 1 0
6 1 0
6 1 408
6 1 801
6 1 754
6 1 593
6 1 475
6 1 510
6 1 356
6 1 0
7 1 0
7 1 645
7 1 865
7 1 189
7 1 442
7 1 92
7 1 0
7 1 0
7 1 612
7 1 0
8 1 0
8 1 605
8 1 974
8 1 401
8 1 229
8 1 0
9 2 0
9 2 57
9 2 281
9 2 843
9 2 170
9 2 689
9 2 525
9 2 476
9 2 0
10 1 0
10 1 856
10 1 4
10 1 501
10 1 250
10 1 911
10 1 468
10 1 700
10 1 0
10 1 0
10 1 230
10 1 0
11 1 0
11 1 354
11 1 0
12 1 0
12 1 319
12 1 716
12 1 0
13 1 0
13 1 164
13 1 717
13 1 532
13 1 423
13 1 0
14 1 0
14 1 37
14 1 14
14 1 855
14 1 808
14 1 512
14 1 397
14 1 212
14 1 0
15 2 0
15 2 154
15 2 0
15 2 0
15 2 124
15 2 919
15 2 799
15 2 148
15 2 0
16 2 0
16 2 462
16 2 813
16 2 478
16 2 570
16 2 0
16 2 0
16 2 591
16 2 504
16 2 0
17 1 0
17 1 947
17 1 602
17 1 284
17 1 171
17 1 742
17 1 0
18 1 0
18 1 391
18 1 544
18 1 798
18 1 380
18 1 0
18 1 0
18 1 535
18 1 0
19 2 0
19 2 763
19 2 899
19 2 826
19 2 922
19 2 531
19 2 217
19 2 470
19 2 783
19 2 477
19 2 114
19 2 0
20 1 0
20 1 710
20 1 440
20 1 216
20 1 650
20 1 95
20 1 323
20 1 178
20 1 0
21 2 0
21 2 283
21 2 714
21 2 0
22 1 0
22 1 8
22 1 304
22 1 205
22 1 0
23 1 0
23 1 590
23 1 269
23 1 0
24 1 0
24 1 841
24 1 7
24 1 101
24 1 543
24 1 437
24 1 992
24 1 923
24 1 0
24 1 0
24 1 0
25 2 0
25 2 400
25 2 682
25 2 338
25 2 237
25 2 759
25 2 0
25 2 0
25 2 561
25 2 0
26 2 0
26 2 831
26 2 158
26 2 850
26 2 58
26 2 36
26 2 264
26 2 810
26 2 276
26 2 784
26 2 86
26 2 0
26 2 0
26 2 0
27 2 0
27 2 565
27 2 871
27 2 541
27 2 939
27 2 975
27 2 791
27 2 945
27 2 191
27 2 259
27 2 0
27 2 0
27 2 0
28 1 0
28 1 428
28 1 820
28 1 54
28 1 732
28 1 600
28 1 0
28 1 0
28 1 0
29 1 0
29 1 489
29 1 741
29 1 107
29 1 0
30 2 0
30 2 64
30 2 967
30 2 678
30 2 508
30 2 0
31 1 0
31 1 291
31 1 542
31 1 707
31 1 246
31 1 40
31 1 360
31 1 0
31 1 0
31 1 0
32 2 0
32 2 846
32 2 473
32 2 293
32 2 0
33 1 0
33 1 641
33 1 677
33 1 964
33 1 314
33 1 0
34 1 0
34 1 866
34 1 9
34 1 721
34 1 0
35 2 0
35 2 128
35 2 925
35 2 715
35 2 902
35 2 418
35 2 84
35 2 885
35 2 398
35 2 208
35 2 0
36 2 0
36 2 63
36 2 910
36 2 524
36 2 279
36 2 807
36 2 0
37 1 0
37 1 816
37 1 863
37 1 868
37 1 609
37 1 0
37 1 0
37 1 99
37 1 550
37 1 0
38 1 0
38 1 389
38 1 580
38 1 538
38 1 446
38 1 495
38 1 949
38 1 692
38 1 852
38 1 0
39 1 0
39 1 113
39 1 529
39 1 738
39 1 907
39 1 349
39 1 0
39 1 0
39 1 352
39 1 0
40 2 0
40 2 441
40 2 666
40 2 232
40 2 676
40 2 969
40 2 803
40 2 66
40 2 516
40 2 0
41 2 0
41 2 606
41 2 955
41 2 45
41 2 806
41 2 897
41 2 345
41 2 880
41 2 0
42 1 0
42 1 17
42 1 188
42 1 781
42 1 709
42 1 776
42 1 668
42 1 0
43 2 0
43 2 335
43 2 608
43 2 513
43 2 906
43 2 47
43 2 472
43 2 0
43 2 0
43 2 0
44 2 0
44 2 153
44 2 394
44 2 603
44 2 207
44 2 168
44 2 71
44 2 661
44 2 0
44 2 0
44 2 0
45 2 0
45 2 133
45 2 815
45 2 990
45 2 223
45 2 844
45 2 0
46 1 0
46 1 106
46 1 93
46 1 136
46 1 41
46 1 125
46 1 0
47 1 0
47 1 785
47 1 0
47 1 0
47 1 837
47 1 0
48 2 0
48 2 248
48 2 0
49 1 0
49 1 204
49 1 392
49 1 940
49 1 181
49 1 0
50 2 0
50 2 163
50 2 679
50 2 0
51 2 0
51 2 563
51 2 417
51 2 918
51 2 309
51 2 0
51 2 0
51 2 0
52 1 0
52 1 456
52 1 102
52 1 351
52 1 0
52 1 0
52 1 255
52 1 980
52 1 74
52 1 724
52 1 0
53 2 0
53 2 921
53 2 876
53 2 753
53 2 0
54 1 0
54 1 336
54 1 369
54 1 854
54 1 0
54 1 0
54 1 909
54 1 0
55 1 0
55 1 817
55 1 157
55 1 199
55 1 324
55 1 0
55 1 0
55 1 130
55 1 0
56 2 0
56 2 796
56 2 644
56 2 329
56 2 453
56 2 88
56 2 383
56 2 0
56 2 0
56 2 0
57 2 0
57 2 518
57 2 497
57 2 404
57 2 642
57 2 0
57 2 0
57 2 435
57 2 835
57 2 0
58 1 0
58 1 266
58 1 562
58 1 664
58 1 752
58 1 0
58 1 0
58 1 436
58 1 970
58 1 0
59 2 0
59 2 611
59 2 647
59 2 455
59 2 0
59 2 0
59 2 0
60 2 0
60 2 576
60 2 0
60 2 0
60 2 0
61 1 0
61 1 200
61 1 694
61 1 0
62 2 0
62 2 399
62 2 680
62 2 873
62 2 2
62 2 166
62 2 27
62 2 0
63 2 0
63 2 809
63 2 930
63 2 771
63 2 492
63 2 413
63 2 0
63 2 0
63 2 94
63 2 0
64 2 0
64 2 699
64 2 996
64 2 697
64 2 81
64 2 289
64 2 937
64 2 211
64 2 0
65 2 0
65 2 340
65 2 756
65 2 686
65 2 321
65 2 0
65 2 0
65 2 43
65 2 0
66 1 0
66 1 646
66 1 366
66 1 0
66 1 0
66 1 290
66 1 648
66 1 151
66 1 0
66 1 0
66 1 0
67 2 0
67 2 989
67 2 751
67 2 673
67 2 485
67 2 226
67 2 0
67 2 0
67 2 29
67 2 11
67 2 0
68 2 0
68 2 814
68 2 430
68 2 977
68 2 396
68 2 438
68 2 581
68 2 434
68 2 0
69 2 0
69 2 275
69 2 410
69 2 734
69 2 965
69 2 971
69 2 480
69 2 0
70 2 0
70 2 511
70 2 425
70 2 757
70 2 0
71 2 0
71 2 943
71 2 941
71 2 310
71 2 973
71 2 0
71 2 0
71 2 568
71 2 675
71 2 779
71 2 0
72 1 0
72 1 233
72 1 794
72 1 134
72 1 175
72 1 376
72 1 601
72 1 140
72 1 515
72 1 0
72 1 0
72 1 0
72 1 0
73 2 0
73 2 160
73 2 861
73 2 393
73 2 457
73 2 960
73 2 24
73 2 119
73 2 0
74 2 0
74 2 186
74 2 628
74 2 948
74 2 0
75 1 0
75 1 150
75 1 944
75 1 669
75 1 857
75 1 0
76 1 0
76 1 193
76 1 426
76 1 0
76 1 0
76 1 748
76 1 936
76 1 630
76 1 0
77 2 0
77 2 328
77 2 755
77 2 997
77 2 493
77 2 778
77 2 881
77 2 842
77 2 0
77 2 0
77 2 0
78 1 0
78 1 447
78 1 929
78 1 705
78 1 0
78 1 0
78 1 0
79 1 0
79 1 411
79 1 574
79 1 419
79 1 976
79 1 0
79 1 0
79 1 0
80 2 0
80 2 610
80 2 894
80 2 660
80 2 25
80 2 726
80 2 706
80 2 983
80 2 0
81 2 0
81 2 292
81 2 38
81 2 557
81 2 0
82 1 0
82 1 18
82 1 887
82 1 341
82 1 118
82 1 656
82 1 0
82 1 0
82 1 545
82 1 0
83 1 0
83 1 564
83 1 59
83 1 0
84 2 0
84 2 273
84 2 746
84 2 429
84 2 735
84 2 172
84 2 761
84 2 758
84 2 0
84 2 0
84 2 0
85 1 0
85 1 934
85 1 991
85 1 578
85 1 0
85 1 0
85 1 183
85 1 490
85 1 471
85 1 0
86 2 0
86 2 30
86 2 805
86 2 466
86 2 595
86 2 587
86 2 0
87 2 0
87 2 177
87 2 701
87 2 218
87 2 80
87 2 494
87 2 287
87 2 0
87 2 0
87 2 0
88 2 0
88 2 840
88 2 0
88 2 0
88 2 718
88 2 0
88 2 0
88 2 0
89 1 0
89 1 604
89 1 44
89 1 0
90 2 0
90 2 85
90 2 800
90 2 97
90 2 465
90 2 298
90 2 0
90 2 0
90 2 0
91 2 0
91 2 481
91 2 509
91 2 0
92 1 0
92 1 640
92 1 777
92 1 665
92 1 420
92 1 0
92 1 0
92 1 330
92 1 311
92 1 847
92 1 0
92 1 0
92 1 0
93 1 0
93 1 334
93 1 938
93 1 0
93 1 0
93 1 685
93 1 479
93 1 0
94 2 0
94 2 167
94 2 782
94 2 764
94 2 819
94 2 0
94 2 0
94 2 586
94 2 904
94 2 812
94 2 0
95 2 0
95 2 999
95 2 891
95 2 571
95 2 672
95 2 727
95 2 0
95 2 0
95 2 0
96 1 0
96 1 870
96 1 272
96 1 0
96 1 0
96 1 79
96 1 624
96 1 0
97 2 0
97 2 797
97 2 988
97 2 927
97 2 318
97 2 346
97 2 461
97 2 90
97 2 0
97 2 0
98 2 0
98 2 695
98 2 657
98 2 173
98 2 848
98 2 0
98 2 0
98 2 0
99 2 0
99 2 31
99 2 849
99 2 582
99 2 402
99 2 83
99 2 415
99 2 201
99 2 0
99 2 0
100 1 0
100 1 282
100 1 126
100 1 730
100 1 0
100 1 0
100 1 877
100 1 135
100 1 0
101 2 0
101 2 663
101 2 554
101 2 432
101 2 0
102 2 0
102 2 484
102 2 0
103 1 0
103 1 247
103 1 190
103 1 832
103 1 122
103 1 905
103 1 890
103 1 0
103 1 0
103 1 0
103 1 0
104 1 0
104 1 874
104 1 828
104 1 0
104 1 0
104 1 621
104 1 342
104 1 838
104 1 607
104 1 0
105 1 0
105 1 655
105 1 712
105 1 0
105 1 0
105 1 365
105 1 23
105 1 750
105 1 0
105 1 0
105 1 0
106 2 0
106 2 458
106 2 534
106 2 792
106 2 613
106 2 488
106 2 187
106 2 301
106 2 127
106 2 0
106 2 0
106 2 0
106 2 0
107 1 0
107 1 951
107 1 144
107 1 245
107 1 414
107 1 789
107 1 0
107 1 0
108 1 0
108 1 496
108 1 994
108 1 942
108 1 883
108 1 0
109 1 0
109 1 830
109 1 596
109 1 683
109 1 0
109 1 0
109 1 662
109 1 558
109 1 0
110 1 0
110 1 149
110 1 332
110 1 622
110 1 320
110 1 0
110 1 0
110 1 0
110 1 91
110 1 0
111 2 0
111 2 294
111 2 950
111 2 467
111 2 10
111 2 0
111 2 0
111 2 28
111 2 0
112 2 0
112 2 78
112 2 627
112 2 898
112 2 182
112 2 0
113 2 0
113 2 445
113 2 920
113 2 638
113 2 772
113 2 0
113 2 0
113 2 0
114 1 0
114 1 659
114 1 221
114 1 0
115 1 0
115 1 214
115 1 0
115 1 0
115 1 546
115 1 0
116 2 0
116 2 251
116 2 720
116 2 0
117 2 0
117 2 703
117 2 908
117 2 728
117 2 823
117 2 548
117 2 503
117 2 381
117 2 617
117 2 0
117 2 0
118 1 0
118 1 265
118 1 0
118 1 0
118 1 0
119 1 0
119 1 313
119 1 903
119 1 0
119 1 0
119 1 536
119 1 0
120 2 0
120 2 109
120 2 387
120 2 825
120 2 566
120 2 0
120 2 0
120 2 530
120 2 165
120 2 305
120 2 0
121 1 0
121 1 719
121 1 839
121 1 60
121 1 6
121 1 89
121 1 0
121 1 0
122 2 0
122 2 998
122 2 559
122 2 555
122 2 34
122 2 339
122 2 526
122 2 928
122 2 0
122 2 0
123 2 0
123 2 296
123 2 145
123 2 32
123 2 0
123 2 0
123 2 82
123 2 0
124 1 0
124 1 142
124 1 634
124 1 523
124 1 348
124 1 1000
124 1 913
124 1 0
124 1 0
124 1 0
124 1 0
125 2 0
125 2 862
125 2 744
125 2 917
125 2 406
125 2 104
125 2 46
125 2 0
126 2 0
126 2 271
126 2 53
126 2 619
126 2 895
126 2 0
127 1 0
127 1 502
127 1 986
127 1 98
127 1 0
127 1 0
127 1 0
127 1 824
127 1 412
127 1 0
127 1 0
127 1 0
128 1 0
128 1 364
128 1 743
128 1 860
128 1 236
128 1 0
128 1 0
128 1 0
128 1 0
129 2 0
129 2 818
129 2 786
129 2 0
129 2 0
129 2 0
130 1 0
130 1 385
130 1 875
130 1 506
130 1 993
130 1 0
130 1 0
130 1 0
130 1 0
131 2 0
131 2 407
131 2 827
131 2 498
131 2 0
132 1 0
132 1 505
132 1 0
133 2 0
133 2 42
133 2 615
133 2 327
133 2 740
133 2 0
134 2 0
134 2 240
134 2 249
134 2 522
134 2 0
134 2 0
134 2 811
134 2 0
135 1 0
135 1 653
135 1 448
135 1 196
135 1 0
135 1 0
135 1 0
135 1 367
135 1 626
135 1 0
135 1 0
135 1 0
136 1 0
136 1 670
136 1 698
136 1 35
136 1 253
136 1 760
136 1 651
136 1 0
136 1 0
137 1 0
137 1 409
137 1 384
137 1 382
137 1 0
138 2 0
138 2 853
138 2 972
138 2 978
138 2 316
138 2 0
138 2 0
138 2 69
138 2 68
138 2 0
139 2 0
139 2 573
139 2 859
139 2 924
139 2 882
139 2 299
139 2 491
139 2 146
139 2 0
139 2 0
140 1 0
140 1 514
140 1 690
140 1 123
140 1 156
140 1 0
140 1 0
141 1 0
141 1 15
141 1 116
141 1 0
141 1 0
142 2 0
142 2 995
142 2 222
142 2 0
142 2 0
142 2 0
143 1 0
143 1 681
143 1 598
143 1 326
143 1 373
143 1 0
143 1 0
143 1 0
143 1 0
144 1 0
144 1 722
144 1 981
144 1 723
144 1 433
144 1 0
144 1 0
144 1 0
144 1 0
145 2 0
145 2 765
145 2 0
146 2 0
146 2 982
146 2 368
146 2 914
146 2 834
146 2 73
146 2 263
146 2 845
146 2 295
146 2 0
146 2 0
146 2 0
146 2 0
147 1 0
147 1 374
147 1 788
147 1 131
147 1 872
147 1 0
147 1 0
147 1 0
147 1 588
147 1 0
148 1 0
148 1 22
148 1 325
148 1 176
148 1 5
148 1 267
148 1 0
148 1 0
148 1 0
148 1 0
149 1 0
149 1 773
149 1 635
149 1 464
149 1 632
149 1 0
149 1 0
149 1 0
149 1 0
150 1 0
150 1 277
150 1 916
150 1 56
150 1 162
150 1 633
150 1 984
150 1 579
150 1 0
150 1 0
150 1 0
150 1 0
151 1 0
151 1 202
151 1 372
151 1 0
151 1 0
151 1 0
152 1 0
152 1 377
152 1 331
152 1 317
152 1 0
152 1 0
152 1 0
152 1 0
153 2 0
153 2 912
153 2 0
154 1 0
154 1 449
154 1 460
154 1 0
154 1 0
154 1 195
154 1 112
154 1 0
155 2 0
155 2 357
155 2 713
155 2 829
155 2 0
155 2 0
156 1 0
156 1 243
156 1 884
156 1 0
156 1 0
156 1 0
156 1 108
156 1 0
157 1 0
157 1 625
157 1 224
157 1 238
157 1 966
157 1 210
157 1 0
157 1 0
157 1 0
157 1 0
158 2 0
158 2 370
158 2 636
158 2 244
158 2 567
158 2 361
158 2 858
158 2 560
158 2 0
158 2 0
159 2 0
159 2 303
159 2 482
159 2 72
159 2 308
159 2 105
159 2 961
159 2 0
159 2 0
160 2 0
160 2 725
160 2 0
160 2 0
160 2 556
160 2 979
160 2 499
160 2 0
161 2 0
161 2 184
161 2 893
161 2 747
161 2 674
161 2 517
161 2 0
161 2 0
161 2 0
161 2 87
161 2 0
161 2 0
161 2 0
162 2 0
162 2 733
162 2 61
162 2 711
162 2 0
162 2 0
162 2 0
163 2 0
163 2 643
163 2 867
163 2 0
163 2 0
163 2 745
163 2 0
163 2 0
163 2 0
164 1 0
164 1 137
164 1 569
164 1 0
164 1 0
165 2 0
165 2 198
165 2 507
165 2 129
165 2 649
165 2 169
165 2 378
165 2 0
165 2 0
166 1 0
166 1 450
166 1 959
166 1 671
166 1 209
166 1 49
166 1 386
166 1 0
166 1 0
167 1 0
167 1 268
167 1 0
167 1 0
167 1 618
167 1 0
167 1 0
167 1 0
168 1 0
168 1 684
168 1 120
168 1 333
168 1 155
168 1 0
168 1 0
168 1 0
168 1 0
169 1 0
169 1 194
169 1 597
169 1 549
169 1 286
169 1 486
169 1 915
169 1 552
169 1 252
169 1 0
169 1 0
169 1 0
169 1 0
170 1 0
170 1 416
170 1 900
170 1 117
170 1 280
170 1 0
170 1 0
170 1 0
170 1 0
171 2 0
171 2 704
171 2 737
171 2 0
172 1 0
172 1 55
172 1 241
172 1 451
172 1 0
172 1 0
173 2 0
173 2 362
173 2 667
173 2 242
173 2 0
173 2 0
173 2 0
174 2 0
174 2 322
174 2 0
175 1 0
175 1 103
175 1 946
175 1 631
175 1 353
175 1 528
175 1 962
175 1 0
175 1 0
175 1 0
175 1 0
176 2 0
176 2 100
176 2 227
176 2 878
176 2 206
176 2 0
176 2 0
176 2 0
176 2 0
177 2 0
177 2 770
177 2 422
177 2 21
177 2 197
177 2 139
177 2 0
177 2 0
177 2 0
177 2 0
178 1 0
178 1 256
178 1 215
178 1 691
178 1 306
178 1 787
178 1 0
178 1 0
178 1 0
178 1 0
179 1 0
179 1 639
179 1 0
179 1 0
180 1 0
180 1 297
180 1 795
180 1 65
180 1 0
180 1 0
181 2 0
181 2 379
181 2 768
181 2 159
181 2 629
181 2 952
181 2 0
181 2 0
182 1 0
182 1 953
182 1 174
182 1 355
182 1 769
182 1 0
182 1 0
182 1 0
182 1 76
182 1 0
182 1 0
183 2 0
183 2 623
183 2 347
183 2 225
183 2 358
183 2 696
183 2 519
183 2 121
183 2 0
183 2 0
183 2 0
183 2 0
184 2 0
184 2 901
184 2 585
184 2 879
184 2 836
184 2 3
184 2 0
184 2 0
185 1 0
185 1 443
185 1 963
185 1 427
185 1 344
185 1 739
185 1 0
185 1 0
185 1 0
185 1 0
186 1 0
186 1 483
186 1 343
186 1 452
186 1 285
186 1 0
186 1 0
186 1 0
186 1 75
186 1 0
186 1 0
187 1 0
187 1 115
187 1 821
187 1 258
187 1 0
187 1 0
187 1 0
187 1 152
187 1 0
188 2 0
188 2 403
188 2 851
188 2 931
188 2 363
188 2 892
188 2 138
188 2 110
188 2 0
188 2 0
189 1 0
189 1 20
189 1 132
189 1 444
189 1 147
189 1 0
189 1 0
189 1 0
189 1 0
190 2 0
190 2 203
190 2 926
190 2 62
190 2 405
190 2 239
190 2 620
190 2 0
190 2 0
190 2 0
190 2 0
191 1 0
191 1 261
191 1 533
191 1 16
191 1 736
191 1 388
191 1 0
191 1 0
191 1 0
191 1 0
192 1 0
192 1 52
192 1 592
192 1 575
192 1 0
192 1 0
192 1 0
192 1 864
192 1 375
192 1 0
192 1 0
193 2 0
193 2 111
193 2 933
193 2 0
193 2 0
193 2 0
193 2 599
193 2 896
193 2 547
193 2 0
193 2 0
194 2 0
194 2 312
194 2 302
194 2 687
194 2 833
194 2 300
194 2 537
194 2 731
194 2 0
194 2 0
195 2 0
195 2 70
195 2 67
195 2 658
195 2 583
195 2 935
195 2 337
195 2 584
195 2 0
195 2 0
195 2 0
195 2 0
196 2 0
196 2 350
196 2 0
196 2 0
196 2 0
196 2 439
196 2 822
196 2 0
196 2 0
196 2 0
196 2 0
197 2 0
197 2 228
197 2 0
198 1 0
198 1 262
198 1 0
198 1 0
198 1 0
198 1 260
198 1 219
198 1 231
198 1 0
198 1 0
198 1 0
198 1 0
199 1 0
199 1 804
199 1 0
199 1 0
199 1 0
199 1 96
199 1 0
199 1 0
200 2 0
200 2 637
200 2 886
200 2 766
200 2 315
200 2 702
200 2 774
200 2 889
200 2 0
200 2 0
200 2 0
200 2 0
201 1 0
201 1 234
201 1 688
201 1 968
201 1 390
201 1 0
201 1 0
201 1 0
201 1 33
201 1 0
202 1 0
202 1 487
202 1 1
202 1 775
202 1 0
202 1 0
202 1 0
202 1 594
202 1 551
202 1 395
202 1 0
202 1 0
203 2 0
203 2 729
203 2 424
203 2 762
203 2 0
203 2 0
203 2 0
203 2 431
203 2 0
203 2 0
204 1 0
204 1 213
204 1 500
204 1 527
204 1 572
204 1 888
204 1 0
204 1 0
205 2 0
205 2 589
205 2 39
205 2 359
205 2 235
205 2 957
205 2 869
205 2 0
205 2 0
206 2 0
206 2 614
206 2 48
206 2 270
206 2 371
206 2 0
206 2 0
206 2 0
206 2 0
207 2 0
207 2 143
207 2 985
207 2 958
207 2 51
207 2 708
207 2 274
207 2 0
207 2 0
207 2 0
207 2 0
208 1 0
208 1 185
208 1 987
208 1 0
208 1 0
208 1 0
208 1 278
208 1 77
208 1 12
208 1 0
208 1 0
209 2 0
209 2 26
209 2 780
209 2 192
209 2 469
209 2 19
209 2 0
209 2 0
210 1 0
210 1 956
210 1 179
210 1 0
210 1 0
210 1 0
210 1 521
210 1 0
210 1 0
211 1 0
211 1 474
211 1 0
211 1 0
211 1 0
211 1 13
211 1 0
211 1 0
212 1 0
212 1 540
212 1 421
212 1 50
212 1 0
212 1 0
