total cost: 327162
1 2 0
1 2 553
1 2 288
1 2 767
1 2 0
1 2 0
1 2 307
1 2 793
1 2 0
1 2 0
1 2 141
1 2 0
2 1 0
2 1 220
2 1 802
2 1 577
2 1 254
2 1 0
2 1 0
2 1 180
2 1 257
2 1 932
2 1 0
3 2 0
3 2 616
3 2 161
3 2 652
3 2 0
3 2 0
3 2 0
4 1 0
4 1 954
4 1 654
4 1 520
4 1 0
5 2 0
5 2 463
5 2 539
5 2 459
5 2 693
5 2 454
5 2 0
5 2 0
5 2 790
5 2 0
5 2 0
5 2 0
6 2 0
6 2 408
6 2 801
6 2 754
6 2 593
6 2 475
6 2 510
6 2 356
6 2 0
7 1 0
7 1 645
7 1 865
7 1 189
7 1 442
7 1 92
7 1 0
7 1 0
7 1 612
7 1 0
8 1 0
8 1 605
8 1 974
8 1 401
8 1 229
8 1 0
9 2 0
9 2 57
9 2 281
9 2 843
9 2 170
9 2 749
9 2 689
9 2 525
9 2 476
9 2 0
10 1 0
10 1 856
10 1 4
10 1 501
10 1 250
10 1 911
10 1 468
10 1 700
10 1 0
10 1 0
10 1 230
10 1 0
11 1 0
11 1 354
11 1 0
12 1 0
12 1 319
12 1 716
12 1 0
13 1 0
13 1 164
13 1 717
13 1 532
13 1 423
13 1 0
14 1 0
14 1 37
14 1 14
14 1 855
14 1 808
14 1 512
14 1 397
14 1 212
14 1 0
15 2 0
15 2 154
15 2 0
15 2 0
15 2 124
15 2 919
15 2 799
15 2 148
15 2 0
16 1 0
16 1 462
16 1 813
16 1 478
16 1 0
16 1 0
16 1 591
16 1 504
16 1 0
17 1 0
17 1 947
17 1 602
17 1 284
17 1 171
17 1 742
17 1 0
18 2 0
18 2 391
18 2 544
18 2 798
18 2 380
18 2 205
18 2 114
18 2 0
19 1 0
19 1 763
19 1 899
19 1 826
19 1 922
19 1 531
19 1 217
19 1 0
19 1 0
19 1 283
19 1 590
19 1 0
20 1 0
20 1 710
20 1 440
20 1 216
20 1 650
20 1 95
20 1 323
20 1 178
20 1 0
21 1 0
21 1 8
21 1 561
21 1 535
21 1 0
22 1 0
22 1 841
22 1 543
22 1 101
22 1 783
22 1 470
22 1 106
22 1 815
22 1 360
22 1 0
23 1 0
23 1 570
23 1 975
23 1 759
23 1 0
23 1 0
23 1 0
24 2 0
24 2 400
24 2 682
24 2 831
24 2 237
24 2 0
24 2 0
24 2 714
24 2 248
24 2 0
25 1 0
25 1 565
25 1 871
25 1 850
25 1 58
25 1 36
25 1 264
25 1 810
25 1 276
25 1 0
25 1 0
25 1 0
26 1 0
26 1 428
26 1 820
26 1 54
26 1 732
26 1 600
26 1 0
26 1 0
26 1 0
27 1 0
27 1 489
27 1 741
27 1 107
27 1 0
28 1 0
28 1 64
28 1 304
28 1 641
28 1 477
28 1 897
28 1 0
29 2 0
29 2 291
29 2 7
29 2 437
29 2 992
29 2 923
29 2 436
29 2 0
29 2 0
29 2 0
30 1 0
30 1 473
30 1 738
30 1 609
30 1 863
30 1 0
30 1 0
30 1 352
30 1 967
30 1 0
31 1 0
31 1 128
31 1 925
31 1 9
31 1 721
31 1 678
31 1 508
31 1 0
32 1 0
32 1 866
32 1 17
32 1 418
32 1 292
32 1 208
32 1 38
32 1 0
33 2 0
33 2 816
33 2 868
33 2 529
33 2 349
33 2 0
33 2 0
33 2 63
33 2 99
33 2 807
33 2 293
33 2 0
34 2 0
34 2 158
34 2 541
34 2 939
34 2 338
34 2 204
34 2 563
34 2 964
34 2 940
34 2 125
34 2 0
35 2 0
35 2 113
35 2 910
35 2 524
35 2 279
35 2 785
35 2 472
35 2 513
35 2 0
35 2 0
35 2 0
36 2 0
36 2 389
36 2 580
36 2 538
36 2 446
36 2 495
36 2 949
36 2 692
36 2 852
36 2 0
37 2 0
37 2 907
37 2 846
37 2 335
37 2 608
37 2 906
37 2 47
37 2 0
37 2 0
37 2 0
38 2 0
38 2 441
38 2 666
38 2 232
38 2 676
38 2 969
38 2 803
38 2 66
38 2 516
38 2 0
39 1 0
39 1 606
39 1 955
39 1 542
39 1 707
39 1 246
39 1 40
39 1 2
39 1 990
39 1 223
39 1 0
39 1 0
39 1 0
40 2 0
40 2 153
40 2 394
40 2 329
40 2 934
40 2 207
40 2 168
40 2 71
40 2 661
40 2 0
40 2 0
40 2 0
41 2 0
41 2 715
41 2 511
41 2 902
41 2 425
41 2 776
41 2 0
42 2 0
42 2 603
42 2 796
42 2 644
42 2 447
42 2 705
42 2 929
42 2 545
42 2 0
42 2 0
42 2 0
43 1 0
43 1 133
43 1 664
43 1 752
43 1 0
43 1 0
43 1 269
43 1 44
43 1 0
44 2 0
44 2 791
44 2 945
44 2 259
44 2 191
44 2 0
45 1 0
45 1 677
45 1 880
45 1 345
45 1 200
45 1 0
46 2 0
46 2 837
46 2 909
46 2 0
47 1 0
47 1 784
47 1 314
47 1 0
48 1 0
48 1 550
48 1 86
48 1 0
49 2 0
49 2 163
49 2 679
49 2 0
50 1 0
50 1 456
50 1 102
50 1 351
50 1 0
50 1 0
50 1 255
50 1 980
50 1 74
50 1 724
50 1 0
51 2 0
51 2 921
51 2 876
51 2 753
51 2 0
52 2 0
52 2 45
52 2 809
52 2 814
52 2 430
52 2 977
52 2 396
52 2 844
52 2 438
52 2 0
53 1 0
53 1 336
53 1 369
53 1 854
53 1 0
53 1 0
53 1 130
53 1 576
53 1 0
54 1 0
54 1 817
54 1 157
54 1 199
54 1 324
54 1 0
54 1 0
54 1 94
54 1 885
54 1 0
55 1 0
55 1 518
55 1 497
55 1 574
55 1 419
55 1 976
55 1 669
55 1 0
55 1 0
55 1 0
56 1 0
56 1 266
56 1 562
56 1 275
56 1 310
56 1 748
56 1 166
56 1 27
56 1 0
56 1 0
56 1 0
57 2 0
57 2 806
57 2 93
57 2 136
57 2 41
57 2 0
58 2 0
58 2 611
58 2 647
58 2 455
58 2 0
58 2 0
58 2 0
59 1 0
59 1 399
59 1 680
59 1 873
59 1 581
59 1 936
59 1 509
59 1 0
60 2 0
60 2 699
60 2 646
60 2 392
60 2 30
60 2 628
60 2 937
60 2 289
60 2 135
60 2 0
60 2 0
60 2 0
61 2 0
61 2 340
61 2 781
61 2 188
61 2 84
61 2 709
61 2 757
61 2 0
61 2 0
61 2 0
62 2 0
62 2 648
62 2 290
62 2 151
62 2 970
62 2 734
62 2 480
62 2 0
62 2 0
62 2 0
63 1 0
63 1 989
63 1 751
63 1 673
63 1 485
63 1 410
63 1 0
63 1 0
63 1 398
63 1 80
63 1 0
64 2 0
64 2 996
64 2 870
64 2 797
64 2 81
64 2 272
64 2 0
64 2 0
64 2 181
64 2 0
65 1 0
65 1 160
65 1 233
65 1 183
65 1 686
65 1 835
65 1 490
65 1 0
65 1 0
65 1 0
66 1 0
66 1 435
66 1 177
66 1 701
66 1 311
66 1 0
67 1 0
67 1 943
67 1 18
67 1 887
67 1 0
67 1 0
67 1 568
67 1 918
67 1 309
67 1 675
67 1 0
68 1 0
68 1 321
68 1 134
68 1 218
68 1 376
68 1 812
68 1 515
68 1 0
68 1 0
68 1 0
68 1 0
69 2 0
69 2 694
69 2 0
70 2 0
70 2 186
70 2 735
70 2 172
70 2 761
70 2 595
70 2 758
70 2 587
70 2 0
71 1 0
71 1 756
71 1 794
71 1 175
71 1 601
71 1 140
71 1 494
71 1 904
71 1 0
71 1 0
72 2 0
72 2 971
72 2 965
72 2 960
72 2 24
72 2 0
73 2 0
73 2 150
73 2 944
73 2 0
73 2 0
73 2 11
73 2 0
74 2 0
74 2 328
74 2 334
74 2 755
74 2 997
74 2 493
74 2 778
74 2 881
74 2 298
74 2 0
74 2 0
74 2 0
75 2 0
75 2 193
75 2 426
75 2 0
75 2 0
75 2 718
75 2 0
75 2 0
75 2 0
76 1 0
76 1 411
76 1 404
76 1 0
76 1 0
76 1 417
76 1 779
76 1 0
77 1 0
77 1 610
77 1 894
77 1 25
77 1 582
77 1 726
77 1 83
77 1 0
77 1 0
77 1 0
77 1 0
78 1 0
78 1 930
78 1 771
78 1 492
78 1 413
78 1 0
78 1 0
78 1 43
78 1 434
78 1 0
79 1 0
79 1 941
79 1 973
79 1 0
79 1 0
79 1 33
79 1 0
80 1 0
80 1 564
80 1 840
80 1 0
81 1 0
81 1 273
81 1 746
81 1 660
81 1 558
81 1 983
81 1 706
81 1 0
81 1 0
82 1 0
82 1 226
82 1 118
82 1 656
82 1 630
82 1 481
82 1 0
82 1 0
82 1 0
83 2 0
83 2 861
83 2 393
83 2 457
83 2 119
83 2 28
83 2 0
84 2 0
84 2 366
84 2 938
84 2 800
84 2 97
84 2 465
84 2 0
84 2 0
84 2 0
85 2 0
85 2 697
85 2 484
85 2 466
85 2 0
86 2 0
86 2 85
86 2 842
86 2 877
86 2 0
87 2 0
87 2 640
87 2 79
87 2 586
87 2 668
87 2 0
88 2 0
88 2 695
88 2 657
88 2 173
88 2 848
88 2 0
88 2 0
88 2 0
89 2 0
89 2 777
89 2 998
89 2 554
89 2 663
89 2 557
89 2 0
89 2 0
89 2 0
90 1 0
90 1 167
90 1 782
90 1 764
90 1 819
90 1 0
90 1 0
90 1 685
90 1 479
90 1 0
91 2 0
91 2 999
91 2 891
91 2 341
91 2 571
91 2 672
91 2 0
91 2 0
91 2 0
92 2 0
92 2 59
92 2 838
92 2 342
92 2 750
92 2 0
93 2 0
93 2 429
93 2 988
93 2 927
93 2 318
93 2 0
93 2 0
93 2 471
93 2 847
93 2 287
93 2 0
93 2 0
93 2 0
94 2 0
94 2 282
94 2 126
94 2 730
94 2 0
94 2 0
94 2 948
94 2 211
94 2 0
95 1 0
95 1 31
95 1 849
95 1 832
95 1 190
95 1 621
95 1 0
95 1 0
95 1 0
95 1 0
96 1 0
96 1 383
96 1 604
96 1 23
96 1 0
97 1 0
97 1 247
97 1 642
97 1 908
97 1 144
97 1 951
97 1 659
97 1 91
97 1 0
97 1 0
97 1 0
97 1 0
98 1 0
98 1 453
98 1 88
98 1 991
98 1 578
98 1 627
98 1 0
98 1 0
98 1 0
98 1 662
98 1 857
98 1 0
99 2 0
99 2 874
99 2 828
99 2 0
99 2 0
99 2 365
99 2 898
99 2 182
99 2 0
100 1 0
100 1 458
100 1 534
100 1 792
100 1 613
100 1 488
100 1 187
100 1 301
100 1 0
100 1 0
100 1 0
100 1 0
101 1 0
101 1 420
101 1 665
101 1 559
101 1 555
101 1 432
101 1 34
101 1 339
101 1 0
101 1 0
101 1 0
101 1 0
102 1 0
102 1 655
102 1 712
102 1 0
102 1 0
102 1 496
102 1 994
102 1 942
102 1 883
102 1 0
103 2 0
103 2 830
103 2 683
103 2 0
103 2 0
103 2 607
103 2 789
103 2 0
104 1 0
104 1 149
104 1 332
104 1 622
104 1 573
104 1 839
104 1 6
104 1 89
104 1 0
104 1 0
104 1 0
104 1 0
105 2 0
105 2 294
105 2 950
105 2 467
105 2 346
105 2 461
105 2 90
105 2 0
106 1 0
106 1 546
106 1 0
107 1 0
107 1 78
107 1 414
107 1 245
107 1 53
107 1 619
107 1 895
107 1 0
107 1 0
107 1 0
107 1 0
108 2 0
108 2 10
108 2 727
108 2 0
108 2 0
108 2 0
109 2 0
109 2 445
109 2 920
109 2 638
109 2 772
109 2 0
109 2 0
109 2 0
110 2 0
110 2 530
110 2 165
110 2 0
111 1 0
111 1 805
111 1 720
111 1 0
112 2 0
112 2 214
112 2 265
112 2 824
112 2 0
112 2 0
112 2 0
113 2 0
113 2 703
113 2 407
113 2 505
113 2 0
114 2 0
114 2 251
114 2 502
114 2 0
115 1 0
115 1 536
115 1 0
116 2 0
116 2 313
116 2 903
116 2 0
116 2 0
116 2 367
116 2 127
116 2 626
116 2 0
116 2 0
116 2 0
117 2 0
117 2 719
117 2 320
117 2 460
117 2 725
117 2 0
117 2 0
117 2 330
117 2 624
117 2 0
118 2 0
118 2 109
118 2 853
118 2 387
118 2 825
118 2 0
118 2 0
118 2 82
118 2 202
118 2 0
119 1 0
119 1 596
119 1 364
119 1 145
119 1 0
119 1 0
119 1 221
119 1 0
120 2 0
120 2 142
120 2 634
120 2 566
120 2 972
120 2 978
120 2 0
120 2 0
120 2 0
121 2 0
121 2 862
121 2 744
121 2 60
121 2 859
121 2 924
121 2 0
121 2 0
121 2 818
121 2 786
121 2 0
121 2 0
121 2 0
122 2 0
122 2 385
122 2 122
122 2 905
122 2 890
122 2 845
122 2 295
122 2 0
122 2 0
123 1 0
123 1 296
123 1 0
123 1 0
123 1 523
123 1 348
123 1 1000
123 1 913
123 1 0
123 1 0
123 1 0
123 1 0
124 1 0
124 1 42
124 1 615
124 1 327
124 1 617
124 1 381
124 1 0
124 1 0
125 1 0
125 1 271
125 1 827
125 1 156
125 1 728
125 1 0
125 1 0
125 1 0
125 1 0
126 2 0
126 2 240
126 2 15
126 2 526
126 2 116
126 2 928
126 2 0
126 2 0
126 2 0
127 1 0
127 1 875
127 1 506
127 1 993
127 1 0
127 1 0
127 1 0
127 1 0
128 2 0
128 2 32
128 2 917
128 2 406
128 2 104
128 2 46
128 2 0
129 1 0
129 1 653
129 1 448
129 1 196
129 1 0
129 1 0
129 1 0
129 1 811
129 1 317
129 1 0
129 1 0
129 1 0
130 2 0
130 2 670
130 2 698
130 2 35
130 2 253
130 2 760
130 2 651
130 2 0
130 2 0
131 1 0
131 1 409
131 1 743
131 1 860
131 1 236
131 1 723
131 1 146
131 1 433
131 1 0
131 1 0
131 1 0
131 1 0
132 2 0
132 2 823
132 2 498
132 2 548
132 2 503
132 2 0
133 1 0
133 1 69
133 1 765
133 1 68
133 1 0
133 1 0
134 1 0
134 1 384
134 1 382
134 1 0
135 2 0
135 2 514
135 2 690
135 2 123
135 2 834
135 2 0
136 1 0
136 1 402
136 1 733
136 1 636
136 1 737
136 1 632
136 1 0
136 1 0
136 1 0
136 1 0
137 2 0
137 2 995
137 2 222
137 2 0
137 2 0
137 2 0
138 2 0
138 2 740
138 2 0
139 2 0
139 2 588
139 2 415
139 2 201
139 2 0
140 1 0
140 1 681
140 1 598
140 1 326
140 1 331
140 1 373
140 1 556
140 1 305
140 1 0
140 1 0
140 1 0
140 1 0
141 2 0
141 2 982
141 2 368
141 2 914
141 2 73
141 2 263
141 2 297
141 2 579
141 2 829
141 2 0
141 2 0
142 2 0
142 2 722
142 2 98
142 2 986
142 2 635
142 2 464
142 2 0
142 2 0
142 2 412
142 2 0
143 1 0
143 1 374
143 1 788
143 1 522
143 1 249
143 1 0
143 1 0
143 1 0
143 1 112
143 1 0
144 1 0
144 1 773
144 1 370
144 1 450
144 1 0
144 1 0
144 1 0
144 1 29
144 1 0
145 1 0
145 1 277
145 1 916
145 1 56
145 1 162
145 1 633
145 1 984
145 1 795
145 1 0
145 1 0
145 1 0
145 1 0
146 2 0
146 2 22
146 2 316
146 2 325
146 2 176
146 2 5
146 2 155
146 2 569
146 2 0
146 2 0
146 2 0
146 2 0
147 2 0
147 2 449
147 2 194
147 2 893
147 2 597
147 2 549
147 2 286
147 2 486
147 2 915
147 2 252
147 2 241
147 2 0
147 2 0
148 1 0
148 1 377
148 1 872
148 1 322
148 1 0
148 1 0
148 1 0
148 1 0
149 2 0
149 2 357
149 2 713
149 2 0
150 1 0
150 1 243
150 1 884
150 1 0
150 1 0
150 1 0
150 1 912
150 1 0
151 1 0
151 1 625
151 1 224
151 1 981
151 1 72
151 1 308
151 1 105
151 1 961
151 1 0
151 1 0
151 1 0
151 1 0
152 1 0
152 1 303
152 1 482
152 1 959
152 1 671
152 1 209
152 1 49
152 1 386
152 1 0
152 1 0
153 1 0
153 1 184
153 1 747
153 1 674
153 1 0
153 1 0
153 1 0
153 1 0
154 1 0
154 1 0
155 1 0
155 1 0
156 1 0
156 1 0
157 2 0
157 2 745
157 2 0
157 2 0
157 2 372
157 2 882
157 2 0
158 1 0
158 1 643
158 1 0
158 1 0
158 1 362
158 1 667
158 1 76
158 1 242
158 1 0
158 1 0
158 1 0
158 1 0
159 1 0
159 1 137
159 1 131
159 1 267
159 1 867
159 1 0
159 1 0
159 1 0
159 1 87
159 1 0
160 2 0
160 2 238
160 2 507
160 2 129
160 2 649
160 2 491
160 2 299
160 2 0
160 2 0
161 1 0
161 1 198
161 1 966
161 1 416
161 1 117
161 1 169
161 1 378
161 1 0
161 1 0
162 2 0
162 2 618
162 2 0
162 2 0
162 2 451
162 2 55
162 2 0
163 2 0
163 2 684
163 2 120
163 2 517
163 2 623
163 2 280
163 2 0
163 2 0
164 2 0
164 2 268
164 2 21
164 2 139
164 2 260
164 2 219
164 2 0
164 2 0
164 2 0
164 2 0
165 1 0
165 1 210
165 1 901
165 1 952
165 1 629
165 1 0
165 1 0
165 1 0
165 1 0
166 2 0
166 2 333
166 2 552
166 2 864
166 2 375
166 2 0
166 2 0
167 1 0
167 1 61
167 1 528
167 1 244
167 1 567
167 1 361
167 1 353
167 1 0
167 1 0
167 1 0
167 1 0
168 2 0
168 2 103
168 2 946
168 2 631
168 2 443
168 2 427
168 2 963
168 2 344
168 2 858
168 2 0
168 2 0
169 2 0
169 2 900
169 2 878
169 2 585
169 2 879
169 2 836
169 2 3
169 2 0
169 2 0
170 1 0
170 1 100
170 1 347
170 1 225
170 1 358
170 1 696
170 1 0
170 1 0
170 1 0
170 1 0
171 1 0
171 1 770
171 1 422
171 1 0
171 1 0
171 1 0
171 1 979
171 1 499
171 1 0
171 1 0
171 1 0
171 1 0
172 2 0
172 2 256
172 2 215
172 2 691
172 2 306
172 2 962
172 2 739
172 2 0
172 2 0
172 2 0
172 2 0
173 2 0
173 2 704
173 2 639
173 2 0
174 2 0
174 2 379
174 2 768
174 2 159
174 2 343
174 2 285
174 2 0
174 2 0
174 2 0
174 2 0
175 2 0
175 2 953
175 2 174
175 2 355
175 2 769
175 2 533
175 2 228
175 2 350
175 2 0
175 2 0
175 2 0
175 2 0
176 1 0
176 1 711
176 1 560
176 1 439
176 1 0
176 1 0
177 1 0
177 1 195
177 1 0
178 2 0
178 2 227
178 2 203
178 2 931
178 2 363
178 2 892
178 2 138
178 2 110
178 2 0
178 2 0
179 2 0
179 2 483
179 2 452
179 2 258
179 2 926
179 2 519
179 2 121
179 2 0
179 2 0
179 2 0
179 2 0
180 2 0
180 2 52
180 2 575
180 2 804
180 2 637
180 2 0
180 2 0
180 2 0
180 2 75
180 2 0
181 2 0
181 2 403
181 2 851
181 2 197
181 2 687
181 2 833
181 2 300
181 2 620
181 2 0
181 2 0
182 1 0
182 1 20
182 1 132
182 1 444
182 1 147
182 1 0
182 1 0
182 1 0
182 1 0
183 1 0
183 1 115
183 1 821
183 1 592
183 1 213
183 1 594
183 1 0
183 1 0
184 2 0
184 2 261
184 2 16
184 2 388
184 2 736
184 2 766
184 2 888
184 2 572
184 2 395
184 2 0
184 2 0
184 2 0
184 2 0
185 2 0
185 2 206
185 2 896
185 2 547
185 2 231
185 2 0
185 2 0
186 1 0
186 1 111
186 1 933
186 1 1
186 1 0
186 1 0
187 1 0
187 1 312
187 1 302
187 1 48
187 1 658
187 1 0
187 1 0
187 1 0
187 1 0
188 1 0
188 1 70
188 1 67
188 1 537
188 1 583
188 1 0
188 1 0
188 1 0
188 1 0
189 2 0
189 2 262
189 2 315
189 2 702
189 2 774
189 2 431
189 2 0
189 2 0
190 1 0
190 1 234
190 1 405
190 1 239
190 1 390
190 1 0
190 1 0
190 1 0
190 1 96
190 1 0
190 1 0
191 2 0
191 2 487
191 2 775
191 2 729
191 2 62
191 2 337
191 2 935
191 2 0
191 2 0
191 2 0
191 2 0
192 1 0
192 1 278
192 1 589
192 1 787
192 1 0
192 1 0
192 1 0
192 1 0
193 2 0
193 2 599
193 2 270
193 2 584
193 2 371
193 2 0
193 2 0
193 2 0
193 2 0
194 2 0
194 2 65
194 2 889
194 2 235
194 2 0
194 2 0
194 2 0
194 2 0
195 1 0
195 1 968
195 1 424
195 1 762
195 1 0
195 1 0
195 1 0
195 1 0
196 2 0
196 2 886
196 2 500
196 2 987
196 2 192
196 2 421
196 2 469
196 2 527
196 2 0
196 2 0
196 2 0
196 2 0
197 1 0
197 1 614
197 1 731
197 1 0
197 1 0
198 2 0
198 2 822
198 2 0
198 2 0
198 2 0
198 2 0
199 1 0
199 1 551
199 1 0
199 1 0
200 2 0
200 2 688
200 2 179
200 2 958
200 2 51
200 2 957
200 2 869
200 2 0
200 2 0
201 1 0
201 1 143
201 1 985
201 1 50
201 1 0
201 1 0
201 1 0
201 1 0
202 1 0
202 1 185
202 1 780
202 1 39
202 1 0
202 1 0
202 1 0
202 1 152
202 1 0
202 1 0
203 2 0
203 2 956
203 2 474
203 2 359
203 2 77
203 2 0
203 2 0
203 2 0
203 2 0
204 1 0
204 1 26
204 1 19
204 1 0
204 1 0
204 1 0
204 1 0
205 1 0
205 1 540
205 1 708
205 1 0
205 1 0
206 1 0
206 1 521
206 1 274
206 1 0
206 1 0
207 1 0
207 1 108
207 1 12
207 1 0
207 1 0
208 1 0
208 1 13
208 1 0
208 1 0
