total cost: 341030
1 2 0
1 2 553
1 2 288
1 2 767
1 2 0
1 2 0
1 2 307
1 2 793
1 2 0
1 2 0
1 2 141
1 2 0
2 1 0
2 1 220
2 1 802
2 1 577
2 1 254
2 1 0
2 1 0
2 1 180
2 1 257
2 1 932
2 1 0
3 1 0
3 1 616
3 1 161
3 1 652
3 1 0
3 1 0
3 1 0
4 1 0
4 1 954
4 1 654
4 1 520
4 1 0
5 2 0
5 2 463
5 2 539
5 2 459
5 2 693
5 2 454
5 2 0
5 2 0
5 2 790
5 2 0
5 2 0
5 2 0
6 2 0
6 2 408
6 2 801
6 2 754
6 2 593
6 2 475
6 2 510
6 2 356
6 2 0
7 1 0
7 1 645
7 1 865
7 1 189
7 1 442
7 1 92
7 1 0
7 1 0
7 1 612
7 1 0
8 1 0
8 1 605
8 1 974
8 1 401
8 1 229
8 1 0
9 2 0
9 2 57
9 2 281
9 2 843
9 2 170
9 2 749
9 2 689
9 2 525
9 2 476
9 2 0
10 1 0
10 1 856
10 1 4
10 1 501
10 1 250
10 1 911
10 1 468
10 1 700
10 1 0
10 1 0
10 1 230
10 1 0
11 1 0
11 1 354
11 1 0
12 1 0
12 1 319
12 1 716
12 1 0
13 1 0
13 1 164
13 1 717
13 1 532
13 1 423
13 1 0
14 1 0
14 1 37
14 1 14
14 1 855
14 1 808
14 1 512
14 1 397
14 1 212
14 1 0
15 1 0
15 1 0
16 2 0
16 2 154
16 2 0
16 2 0
16 2 124
16 2 919
16 2 799
16 2 148
16 2 0
17 1 0
17 1 462
17 1 813
17 1 478
17 1 0
17 1 0
17 1 591
17 1 504
17 1 0
18 1 0
18 1 947
18 1 602
18 1 284
18 1 171
18 1 742
18 1 0
19 2 0
19 2 391
19 2 544
19 2 798
19 2 380
19 2 205
19 2 114
19 2 0
20 2 0
20 2 763
20 2 899
20 2 826
20 2 922
20 2 531
20 2 217
20 2 470
20 2 783
20 2 477
20 2 897
20 2 0
20 2 0
20 2 0
21 2 0
21 2 283
21 2 714
21 2 0
22 2 0
22 2 710
22 2 440
22 2 216
22 2 650
22 2 95
22 2 323
22 2 178
22 2 0
23 2 0
23 2 8
23 2 561
23 2 535
23 2 0
24 2 0
24 2 841
24 2 543
24 2 101
24 2 106
24 2 815
24 2 360
24 2 990
24 2 223
24 2 0
25 1 0
25 1 570
25 1 975
25 1 759
25 1 0
25 1 0
25 1 590
25 1 0
26 2 0
26 2 831
26 2 237
26 2 58
26 2 850
26 2 0
26 2 0
26 2 352
26 2 304
26 2 0
27 1 0
27 1 565
27 1 871
27 1 541
27 1 158
27 1 338
27 1 791
27 1 945
27 1 191
27 1 0
27 1 0
27 1 0
28 1 0
28 1 428
28 1 820
28 1 54
28 1 732
28 1 600
28 1 0
28 1 0
28 1 0
29 2 0
29 2 400
29 2 7
29 2 437
29 2 992
29 2 923
29 2 436
29 2 970
29 2 0
29 2 0
29 2 0
30 1 0
30 1 489
30 1 741
30 1 107
30 1 0
31 1 0
31 1 682
31 1 939
31 1 36
31 1 264
31 1 99
31 1 807
31 1 0
32 2 0
32 2 291
32 2 866
32 2 128
32 2 9
32 2 721
32 2 967
32 2 678
32 2 508
32 2 0
33 2 0
33 2 846
33 2 473
33 2 293
33 2 0
34 2 0
34 2 64
34 2 641
34 2 677
34 2 964
34 2 314
34 2 0
35 2 0
35 2 816
35 2 863
35 2 868
35 2 609
35 2 349
35 2 0
35 2 0
35 2 63
35 2 0
36 2 0
36 2 113
36 2 910
36 2 529
36 2 907
36 2 335
36 2 608
36 2 513
36 2 906
36 2 47
36 2 0
36 2 0
36 2 0
37 1 0
37 1 389
37 1 580
37 1 538
37 1 446
37 1 495
37 1 949
37 1 692
37 1 852
37 1 0
38 2 0
38 2 738
38 2 796
38 2 644
38 2 447
38 2 705
38 2 929
38 2 0
38 2 0
38 2 0
39 2 0
39 2 810
39 2 784
39 2 276
39 2 0
40 2 0
40 2 279
40 2 524
40 2 255
40 2 980
40 2 74
40 2 724
40 2 0
41 2 0
41 2 17
41 2 925
41 2 418
41 2 902
41 2 84
41 2 885
41 2 398
41 2 208
41 2 0
42 2 0
42 2 550
42 2 86
42 2 0
43 2 0
43 2 441
43 2 666
43 2 232
43 2 676
43 2 969
43 2 803
43 2 66
43 2 516
43 2 0
44 1 0
44 1 606
44 1 955
44 1 542
44 1 707
44 1 246
44 1 40
44 1 2
44 1 166
44 1 11
44 1 27
44 1 1080
44 1 0
45 2 0
45 2 153
45 2 394
45 2 329
45 2 934
45 2 207
45 2 168
45 2 71
45 2 661
45 2 0
45 2 0
45 2 0
46 2 0
46 2 715
46 2 188
46 2 781
46 2 425
46 2 776
46 2 668
46 2 0
47 2 0
47 2 472
47 2 785
47 2 0
48 2 0
48 2 603
48 2 545
48 2 604
48 2 383
48 2 44
48 2 0
49 1 0
49 1 133
49 1 664
49 1 752
49 1 0
49 1 0
49 1 269
49 1 0
50 2 0
50 2 837
50 2 909
50 2 0
51 2 0
51 2 248
51 2 0
52 1 0
52 1 204
52 1 563
52 1 940
52 1 181
52 1 259
52 1 125
52 1 0
52 1 0
52 1 0
53 2 0
53 2 163
53 2 679
53 2 0
54 1 0
54 1 456
54 1 102
54 1 610
54 1 574
54 1 419
54 1 621
54 1 0
54 1 0
54 1 0
55 2 0
55 2 921
55 2 351
55 2 455
55 2 0
55 2 0
55 2 0
56 1 0
56 1 45
56 1 809
56 1 814
56 1 430
56 1 977
56 1 396
56 1 844
56 1 438
56 1 0
57 2 0
57 2 336
57 2 369
57 2 854
57 2 426
57 2 0
57 2 0
57 2 130
57 2 576
57 2 0
57 2 0
57 2 0
58 1 0
58 1 817
58 1 157
58 1 199
58 1 324
58 1 0
58 1 0
58 1 94
58 1 0
59 2 0
59 2 806
59 2 873
59 2 694
59 2 136
59 2 880
59 2 0
60 2 0
60 2 518
60 2 497
60 2 404
60 2 247
60 2 0
60 2 0
60 2 435
60 2 835
60 2 0
61 2 0
61 2 266
61 2 562
61 2 399
61 2 310
61 2 581
61 2 936
61 2 509
61 2 0
62 1 0
62 1 611
62 1 647
62 1 289
62 1 135
62 1 0
62 1 0
62 1 0
63 1 0
63 1 93
63 1 345
63 1 41
63 1 0
64 2 0
64 2 648
64 2 290
64 2 485
64 2 965
64 2 971
64 2 24
64 2 0
65 1 0
65 1 699
65 1 646
65 1 392
65 1 30
65 1 628
65 1 937
65 1 211
65 1 1073
65 1 0
66 2 0
66 2 340
66 2 756
66 2 686
66 2 321
66 2 0
66 2 0
66 2 876
66 2 753
66 2 0
67 1 0
67 1 680
67 1 748
67 1 0
67 1 0
67 1 0
68 1 0
68 1 989
68 1 751
68 1 673
68 1 0
68 1 0
68 1 292
68 1 38
68 1 0
68 1 0
68 1 0
69 2 0
69 2 996
69 2 870
69 2 797
69 2 81
69 2 272
69 2 0
69 2 0
69 2 200
69 2 918
69 2 309
69 2 0
70 2 0
70 2 275
70 2 410
70 2 151
70 2 734
70 2 480
70 2 28
70 2 0
71 1 0
71 1 511
71 1 777
71 1 79
71 1 663
71 1 0
71 1 0
71 1 43
71 1 0
72 2 0
72 2 233
72 2 794
72 2 134
72 2 175
72 2 376
72 2 601
72 2 140
72 2 515
72 2 0
72 2 0
72 2 0
73 1 0
73 1 943
73 1 941
73 1 685
73 1 0
73 1 0
73 1 568
73 1 675
73 1 779
73 1 0
74 2 0
74 2 186
74 2 735
74 2 172
74 2 761
74 2 758
74 2 595
74 2 587
74 2 0
75 2 0
75 2 193
75 2 840
75 2 0
75 2 0
75 2 33
75 2 0
76 2 0
76 2 328
76 2 334
76 2 755
76 2 997
76 2 493
76 2 778
76 2 881
76 2 298
76 2 0
76 2 0
76 2 0
77 2 0
77 2 160
77 2 861
77 2 393
77 2 457
77 2 119
77 2 0
78 2 0
78 2 226
78 2 887
78 2 973
78 2 0
78 2 0
78 2 0
79 2 0
79 2 411
79 2 150
79 2 944
79 2 669
79 2 857
79 2 0
80 2 0
80 2 183
80 2 701
80 2 177
80 2 494
80 2 80
80 2 490
80 2 471
80 2 0
81 1 0
81 1 417
81 1 877
81 1 0
82 2 0
82 2 709
82 2 757
82 2 0
83 2 0
83 2 930
83 2 771
83 2 492
83 2 413
83 2 479
83 2 630
83 2 0
83 2 0
83 2 0
84 1 0
84 1 564
84 1 695
84 1 0
85 2 0
85 2 273
85 2 894
85 2 25
85 2 582
85 2 726
85 2 83
85 2 0
85 2 0
85 2 0
86 1 0
86 1 18
86 1 891
86 1 341
86 1 118
86 1 656
86 1 672
86 1 0
86 1 0
86 1 0
86 1 0
87 2 0
87 2 960
87 2 536
87 2 0
88 1 0
88 1 0
89 1 0
89 1 0
90 2 0
90 2 718
90 2 0
90 2 0
90 2 0
91 1 0
91 1 557
91 1 0
92 2 0
92 2 366
92 2 938
92 2 800
92 2 97
92 2 465
92 2 0
92 2 0
92 2 434
92 2 0
93 1 0
93 1 697
93 1 805
93 1 466
93 1 484
93 1 948
93 1 0
94 2 0
94 2 85
94 2 842
94 2 0
95 2 0
95 2 640
95 2 420
95 2 665
95 2 554
95 2 624
95 2 904
95 2 812
95 2 287
95 2 0
95 2 0
95 2 0
95 2 0
96 1 0
96 1 167
96 1 782
96 1 764
96 1 819
96 1 0
96 1 0
96 1 481
96 1 0
97 1 0
97 1 59
97 1 0
98 2 0
98 2 999
98 2 719
98 2 622
98 2 573
98 2 883
98 2 942
98 2 994
98 2 824
98 2 0
98 2 0
98 2 0
99 1 0
99 1 429
99 1 988
99 1 927
99 1 318
99 1 0
99 1 0
99 1 330
99 1 847
99 1 0
99 1 0
99 1 0
100 2 0
100 2 31
100 2 746
100 2 660
100 2 558
100 2 983
100 2 706
100 2 0
101 2 0
101 2 282
101 2 126
101 2 730
101 2 0
101 2 0
101 2 586
101 2 311
101 2 0
102 1 0
102 1 874
102 1 828
102 1 0
102 1 0
102 1 173
102 1 0
103 2 0
103 2 453
103 2 88
103 2 991
103 2 578
103 2 0
103 2 0
103 2 838
103 2 848
103 2 91
103 2 0
104 2 0
104 2 655
104 2 712
104 2 653
104 2 0
104 2 0
104 2 23
104 2 182
104 2 0
105 1 0
105 1 365
105 1 750
105 1 0
105 1 0
105 1 0
106 1 0
106 1 458
106 1 534
106 1 792
106 1 332
106 1 613
106 1 0
106 1 0
106 1 0
106 1 0
107 2 0
107 2 657
107 2 703
107 2 407
107 2 0
107 2 0
107 2 218
107 2 0
108 2 0
108 2 951
108 2 144
108 2 245
108 2 414
108 2 789
108 2 0
109 2 0
109 2 496
109 2 301
109 2 127
109 2 626
109 2 0
109 2 0
109 2 0
110 2 0
110 2 830
110 2 683
110 2 0
110 2 0
110 2 342
110 2 607
110 2 0
111 1 0
111 1 149
111 1 142
111 1 634
111 1 825
111 1 387
111 1 0
111 1 0
111 1 0
111 1 662
111 1 0
112 1 0
112 1 294
112 1 950
112 1 467
112 1 346
112 1 461
112 1 90
112 1 0
112 1 0
113 1 0
113 1 642
113 1 908
113 1 728
113 1 498
113 1 548
113 1 503
113 1 381
113 1 617
113 1 0
113 1 0
113 1 0
113 1 0
114 2 0
114 2 78
114 2 627
114 2 659
114 2 898
114 2 0
115 1 0
115 1 10
115 1 727
115 1 0
115 1 0
115 1 0
116 1 0
116 1 445
116 1 920
116 1 638
116 1 772
116 1 1062
116 1 0
116 1 1062
116 1 0
117 2 0
117 2 546
117 2 0
118 1 0
118 1 214
118 1 0
118 1 0
118 1 530
118 1 165
118 1 0
119 1 0
119 1 251
119 1 720
119 1 0
120 2 0
120 2 571
120 2 406
120 2 202
120 2 0
121 1 0
121 1 313
121 1 903
121 1 0
121 1 0
121 1 190
121 1 0
122 2 0
122 2 596
122 2 364
122 2 145
122 2 0
122 2 0
122 2 265
122 2 82
122 2 0
123 1 0
123 1 109
123 1 853
123 1 566
123 1 0
123 1 0
123 1 367
123 1 412
123 1 0
124 2 0
124 2 998
124 2 559
124 2 555
124 2 34
124 2 432
124 2 339
124 2 928
124 2 0
124 2 0
125 1 0
125 1 296
125 1 0
125 1 0
125 1 818
125 1 222
125 1 0
125 1 0
125 1 0
126 2 0
126 2 862
126 2 744
126 2 60
126 2 238
126 2 210
126 2 433
126 2 0
126 2 0
126 2 0
126 2 0
127 2 0
127 2 502
127 2 986
127 2 98
127 2 0
127 2 0
127 2 221
127 2 505
127 2 0
128 2 0
128 2 849
128 2 385
128 2 832
128 2 976
128 2 875
128 2 122
128 2 905
128 2 890
128 2 845
128 2 295
128 2 0
128 2 0
129 1 0
129 1 271
129 1 827
129 1 156
129 1 823
129 1 0
129 1 0
129 1 0
129 1 0
130 2 0
130 2 488
130 2 320
130 2 725
130 2 0
130 2 0
130 2 53
130 2 619
130 2 895
130 2 0
131 1 0
131 1 42
131 1 615
131 1 327
131 1 740
131 1 0
131 1 0
131 1 0
131 1 0
132 2 0
132 2 240
132 2 15
132 2 526
132 2 116
132 2 0
133 1 0
133 1 523
133 1 348
133 1 1000
133 1 69
133 1 68
133 1 0
133 1 0
134 1 0
134 1 187
134 1 0
135 2 0
135 2 670
135 2 698
135 2 35
135 2 253
135 2 760
135 2 651
135 2 0
135 2 0
136 2 0
136 2 409
136 2 743
136 2 860
136 2 236
136 2 104
136 2 46
136 2 0
137 1 0
137 1 384
137 1 382
137 1 0
138 1 0
138 1 514
138 1 690
138 1 123
138 1 834
138 1 0
138 1 0
139 1 0
139 1 402
139 1 733
139 1 636
139 1 0
139 1 0
139 1 0
139 1 995
139 1 0
140 1 0
140 1 917
140 1 839
140 1 6
140 1 912
140 1 1087
140 1 0
141 2 0
141 2 32
141 2 108
141 2 0
142 2 0
142 2 811
142 2 317
142 2 0
143 2 0
143 2 448
143 2 196
143 2 131
143 2 522
143 2 499
143 2 979
143 2 0
143 2 0
143 2 0
143 2 0
144 2 0
144 2 681
144 2 598
144 2 326
144 2 331
144 2 373
144 2 556
144 2 305
144 2 0
144 2 0
145 2 0
145 2 722
145 2 773
145 2 464
145 2 635
145 2 632
145 2 737
145 2 0
145 2 0
145 2 0
145 2 0
146 2 0
146 2 982
146 2 368
146 2 914
146 2 73
146 2 263
146 2 297
146 2 579
146 2 829
146 2 0
146 2 0
147 1 0
147 1 374
147 1 788
147 1 249
147 1 0
147 1 0
147 1 0
147 1 765
147 1 0
148 1 0
148 1 22
148 1 316
148 1 978
148 1 972
148 1 0
148 1 0
148 1 0
148 1 0
149 1 0
149 1 277
149 1 916
149 1 56
149 1 162
149 1 633
149 1 984
149 1 795
149 1 0
149 1 0
149 1 0
149 1 0
150 2 0
150 2 786
150 2 0
150 2 0
150 2 0
151 2 0
151 2 377
151 2 872
151 2 5
151 2 325
151 2 569
151 2 0
151 2 0
151 2 0
151 2 0
152 2 0
152 2 913
152 2 0
153 1 0
153 1 449
153 1 460
153 1 0
153 1 0
153 1 588
153 1 415
153 1 201
153 1 0
153 1 0
154 1 0
154 1 450
154 1 303
154 1 959
154 1 308
154 1 49
154 1 704
154 1 386
154 1 0
154 1 0
155 1 0
155 1 357
155 1 713
155 1 0
155 1 0
156 2 0
156 2 506
156 2 993
156 2 0
157 2 0
157 2 243
157 2 884
157 2 867
157 2 0
157 2 0
157 2 372
157 2 55
157 2 252
157 2 915
157 2 0
158 2 0
158 2 625
158 2 224
158 2 981
158 2 723
158 2 362
158 2 0
158 2 0
158 2 0
158 2 0
159 2 0
159 2 370
159 2 61
159 2 528
159 2 567
159 2 361
159 2 858
159 2 560
159 2 0
159 2 0
160 1 0
160 1 184
160 1 893
160 1 747
160 1 674
160 1 0
160 1 0
160 1 0
160 1 0
161 1 0
161 1 0
162 2 0
162 2 745
162 2 0
162 2 0
162 2 195
162 2 0
163 1 0
163 1 643
163 1 0
163 1 0
163 1 176
163 1 267
163 1 0
163 1 0
163 1 0
163 1 0
164 2 0
164 2 137
164 2 155
164 2 618
164 2 0
164 2 0
164 2 0
164 2 87
164 2 0
165 1 0
165 1 198
165 1 966
165 1 859
165 1 924
165 1 882
165 1 299
165 1 0
165 1 0
165 1 0
165 1 0
166 2 0
166 2 268
166 2 333
166 2 552
166 2 0
167 2 0
167 2 684
167 2 120
167 2 517
167 2 549
167 2 286
167 2 486
167 2 241
167 2 0
167 2 0
168 2 0
168 2 416
168 2 507
168 2 900
168 2 649
168 2 491
168 2 242
168 2 146
168 2 0
168 2 0
169 1 0
169 1 482
169 1 379
169 1 159
169 1 671
169 1 105
169 1 961
169 1 629
169 1 0
169 1 0
170 1 0
170 1 194
170 1 623
170 1 347
170 1 878
170 1 378
170 1 280
170 1 0
170 1 0
170 1 0
170 1 0
171 2 0
171 2 451
171 2 0
172 2 0
172 2 72
172 2 901
172 2 667
172 2 96
172 2 76
172 2 75
172 2 0
172 2 0
173 1 0
173 1 322
173 1 0
173 1 0
174 2 0
174 2 103
174 2 946
174 2 631
174 2 353
174 2 443
174 2 427
174 2 963
174 2 344
174 2 0
174 2 0
175 1 0
175 1 100
175 1 597
175 1 21
175 1 139
175 1 260
175 1 0
175 1 0
175 1 0
175 1 0
176 2 0
176 2 770
176 2 422
176 2 197
176 2 687
176 2 892
176 2 0
176 2 0
176 2 0
176 2 0
177 1 0
177 1 209
177 1 639
177 1 0
177 1 0
178 2 0
178 2 256
178 2 215
178 2 691
178 2 306
178 2 962
178 2 739
178 2 0
178 2 0
178 2 0
178 2 0
179 1 0
179 1 129
179 1 227
179 1 117
179 1 206
179 1 0
179 1 0
179 1 0
179 1 112
179 1 0
180 2 0
180 2 953
180 2 174
180 2 355
180 2 769
180 2 533
180 2 228
180 2 350
180 2 0
180 2 0
180 2 0
180 2 0
181 2 0
181 2 244
181 2 261
181 2 16
181 2 388
181 2 736
181 2 315
181 2 702
181 2 774
181 2 0
181 2 0
181 2 0
181 2 0
182 2 0
182 2 711
182 2 439
182 2 0
182 2 0
182 2 0
182 2 0
183 2 0
183 2 483
183 2 343
183 2 452
183 2 285
183 2 952
183 2 0
183 2 0
183 2 0
183 2 0
184 1 0
184 1 52
184 1 575
184 1 0
184 1 0
184 1 0
184 1 169
184 1 585
184 1 836
184 1 0
184 1 0
185 1 0
185 1 768
185 1 0
185 1 0
185 1 0
185 1 152
185 1 0
186 2 0
186 2 20
186 2 132
186 2 444
186 2 147
186 2 278
186 2 589
186 2 0
186 2 0
186 2 0
186 2 0
187 1 0
187 1 203
187 1 115
187 1 821
187 1 926
187 1 519
187 1 696
187 1 0
187 1 0
187 1 0
187 1 0
188 2 0
188 2 403
188 2 851
188 2 931
188 2 358
188 2 879
188 2 3
188 2 547
188 2 0
188 2 0
189 1 0
189 1 258
189 1 592
189 1 213
189 1 0
189 1 0
189 1 0
189 1 864
189 1 375
189 1 0
189 1 0
190 1 0
190 1 111
190 1 487
190 1 933
190 1 0
190 1 0
190 1 0
190 1 599
190 1 0
190 1 0
191 1 0
191 1 312
191 1 302
191 1 614
191 1 833
191 1 300
191 1 0
191 1 0
191 1 0
191 1 0
192 2 0
192 2 70
192 2 67
192 2 658
192 2 537
192 2 731
192 2 620
192 2 231
192 2 0
192 2 0
193 2 0
193 2 225
193 2 405
193 2 239
193 2 390
193 2 0
193 2 0
193 2 0
193 2 0
194 1 0
194 1 363
194 1 138
194 1 110
194 1 219
194 1 0
194 1 0
195 2 0
195 2 262
195 2 0
195 2 0
195 2 0
195 2 121
195 2 0
195 2 0
196 2 0
196 2 804
196 2 0
196 2 0
196 2 0
196 2 896
196 2 0
196 2 0
197 1 0
197 1 637
197 1 886
197 1 766
197 1 888
197 1 572
197 1 0
197 1 0
197 1 0
197 1 0
198 2 0
198 2 234
198 2 688
198 2 968
198 2 62
198 2 337
198 2 935
198 2 0
198 2 0
198 2 0
198 2 0
199 2 0
199 2 1
199 2 775
199 2 729
199 2 192
199 2 762
199 2 0
199 2 0
199 2 0
199 2 822
199 2 0
199 2 0
199 2 0
199 2 0
200 1 0
200 1 594
200 1 584
200 1 371
200 1 0
200 1 0
200 1 0
200 1 0
201 2 0
201 2 65
201 2 889
201 2 235
201 2 0
201 2 0
201 2 0
201 2 0
202 1 0
202 1 521
202 1 551
202 1 395
202 1 0
202 1 0
203 1 0
203 1 787
203 1 359
203 1 77
203 1 0
203 1 0
203 1 0
203 1 0
204 2 0
204 2 431
204 2 957
204 2 869
204 2 0
204 2 0
205 1 0
205 1 143
205 1 39
205 1 50
205 1 527
205 1 0
205 1 0
206 1 0
206 1 500
206 1 185
206 1 987
206 1 0
206 1 0
206 1 0
206 1 89
206 1 0
207 1 0
207 1 424
207 1 540
207 1 583
207 1 421
207 1 0
207 1 0
207 1 0
207 1 0
208 2 0
208 2 780
208 2 958
208 2 51
208 2 708
208 2 274
208 2 12
208 2 0
208 2 0
209 1 0
209 1 26
209 1 179
209 1 0
209 1 48
209 1 0
209 1 0
210 1 0
210 1 956
210 1 474
210 1 0
210 1 0
210 1 0
210 1 469
210 1 0
210 1 0
211 1 0
211 1 985
211 1 19
211 1 270
211 1 0
211 1 0
212 1 0
212 1 29
212 1 0
213 1 0
213 1 13
213 1 0
213 1 0
