total cost: 346179
1 2 0
1 2 553
1 2 288
1 2 767
1 2 0
1 2 0
1 2 307
1 2 793
1 2 0
1 2 0
1 2 141
1 2 0
2 2 0
2 2 220
2 2 802
2 2 577
2 2 254
2 2 749
2 2 0
2 2 0
2 2 180
2 2 257
2 2 932
2 2 0
3 1 0
3 1 616
3 1 161
3 1 652
3 1 0
3 1 0
3 1 0
4 2 0
4 2 954
4 2 654
4 2 520
4 2 0
5 1 0
5 1 463
5 1 539
5 1 459
5 1 693
5 1 454
5 1 0
5 1 0
5 1 790
5 1 0
5 1 0
5 1 0
6 2 0
6 2 408
6 2 801
6 2 754
6 2 593
6 2 475
6 2 510
6 2 356
6 2 0
7 2 0
7 2 645
7 2 865
7 2 189
7 2 442
7 2 92
7 2 710
7 2 717
7 2 0
7 2 0
7 2 0
8 2 0
8 2 605
8 2 974
8 2 401
8 2 229
8 2 0
9 1 0
9 1 57
9 1 843
9 1 170
9 1 689
9 1 525
9 1 476
9 1 0
10 1 0
10 1 281
10 1 423
10 1 532
10 1 544
10 1 798
10 1 380
10 1 0
11 1 0
11 1 856
11 1 4
11 1 501
11 1 250
11 1 911
11 1 468
11 1 700
11 1 0
11 1 0
11 1 230
11 1 0
12 1 0
12 1 354
12 1 0
13 2 0
13 2 319
13 2 716
13 2 0
14 2 0
14 2 124
14 2 919
14 2 799
14 2 148
14 2 0
15 2 0
15 2 164
15 2 391
15 2 440
15 2 216
15 2 650
15 2 0
16 2 0
16 2 37
16 2 154
16 2 0
16 2 0
16 2 612
16 2 535
16 2 8
16 2 0
17 2 0
17 2 462
17 2 813
17 2 478
17 2 570
17 2 0
17 2 0
17 2 283
17 2 590
17 2 269
17 2 0
18 2 0
18 2 763
18 2 831
18 2 759
18 2 237
18 2 0
18 2 0
18 2 591
18 2 504
18 2 0
19 2 0
19 2 947
19 2 400
19 2 682
19 2 826
19 2 641
19 2 171
19 2 742
19 2 0
20 1 0
20 1 602
20 1 939
20 1 975
20 1 810
20 1 276
20 1 0
21 2 0
21 2 714
21 2 248
21 2 0
22 2 0
22 2 841
22 2 543
22 2 101
22 2 783
22 2 470
22 2 217
22 2 897
22 2 345
22 2 880
22 2 0
23 2 0
23 2 565
23 2 850
23 2 58
23 2 871
23 2 36
23 2 264
23 2 99
23 2 63
23 2 807
23 2 0
24 2 0
24 2 428
24 2 820
24 2 54
24 2 732
24 2 600
24 2 0
25 2 0
25 2 284
25 2 338
25 2 791
25 2 945
25 2 191
25 2 259
25 2 125
25 2 0
26 2 0
26 2 489
26 2 741
26 2 107
26 2 0
27 1 0
27 1 304
27 1 205
27 1 114
27 1 477
27 1 0
28 1 0
28 1 899
28 1 922
28 1 45
28 1 806
28 1 814
28 1 93
28 1 136
28 1 41
28 1 0
29 2 0
29 2 64
29 2 967
29 2 678
29 2 0
30 2 0
30 2 291
30 2 7
30 2 992
30 2 437
30 2 508
30 2 815
30 2 360
30 2 0
31 2 0
31 2 846
31 2 473
31 2 293
31 2 0
32 2 0
32 2 866
32 2 9
32 2 721
32 2 923
32 2 436
32 2 970
32 2 0
32 2 0
32 2 0
33 1 0
33 1 128
33 1 925
33 1 715
33 1 418
33 1 292
33 1 208
33 1 38
33 1 0
34 2 0
34 2 816
34 2 863
34 2 868
34 2 609
34 2 349
34 2 0
34 2 0
34 2 561
34 2 0
35 1 0
35 1 158
35 1 541
35 1 204
35 1 563
35 1 964
35 1 940
35 1 314
35 1 0
35 1 0
35 1 0
36 2 0
36 2 389
36 2 580
36 2 441
36 2 855
36 2 232
36 2 808
36 2 512
36 2 397
36 2 212
36 2 0
37 1 0
37 1 113
37 1 910
37 1 529
37 1 907
37 1 335
37 1 0
38 2 0
38 2 738
38 2 603
38 2 796
38 2 608
38 2 513
38 2 906
38 2 545
38 2 0
39 1 0
39 1 14
39 1 538
39 1 446
39 1 495
39 1 949
39 1 852
39 1 692
39 1 0
40 2 0
40 2 17
40 2 178
40 2 323
40 2 885
40 2 0
41 1 0
41 1 279
41 1 524
41 1 255
41 1 980
41 1 74
41 1 724
41 1 0
42 1 0
42 1 606
42 1 955
42 1 542
42 1 707
42 1 246
42 1 40
42 1 2
42 1 990
42 1 223
42 1 0
42 1 0
42 1 0
43 1 0
43 1 106
43 1 200
43 1 694
43 1 844
43 1 0
44 2 0
44 2 153
44 2 394
44 2 666
44 2 207
44 2 676
44 2 168
44 2 803
44 2 0
44 2 0
44 2 0
45 2 0
45 2 531
45 2 809
45 2 430
45 2 977
45 2 396
45 2 685
45 2 936
45 2 581
45 2 0
45 2 0
45 2 0
46 2 0
46 2 472
46 2 785
46 2 0
47 1 0
47 1 133
47 1 399
47 1 680
47 1 873
47 1 438
47 1 481
47 1 509
47 1 0
47 1 0
47 1 0
48 1 0
48 1 550
48 1 784
48 1 86
48 1 0
49 2 0
49 2 677
49 2 181
49 2 0
50 2 0
50 2 837
50 2 909
50 2 0
51 1 0
51 1 352
51 1 0
52 1 0
52 1 163
52 1 679
52 1 0
53 1 0
53 1 456
53 1 102
53 1 610
53 1 574
53 1 419
53 1 621
53 1 0
53 1 0
53 1 0
54 1 0
54 1 921
54 1 351
54 1 0
54 1 0
54 1 130
54 1 576
54 1 0
55 2 0
55 2 336
55 2 369
55 2 854
55 2 426
55 2 0
55 2 0
55 2 435
55 2 835
55 2 0
56 2 0
56 2 817
56 2 157
56 2 199
56 2 324
56 2 648
56 2 290
56 2 0
56 2 0
56 2 0
57 2 0
57 2 518
57 2 497
57 2 404
57 2 247
57 2 0
57 2 0
57 2 95
57 2 398
57 2 0
58 1 0
58 1 266
58 1 562
58 1 664
58 1 410
58 1 151
58 1 752
58 1 0
59 2 0
59 2 611
59 2 647
59 2 455
59 2 0
59 2 0
59 2 0
60 1 0
60 1 969
60 1 44
60 1 516
60 1 0
61 2 0
61 2 699
61 2 646
61 2 392
61 2 30
61 2 628
61 2 937
61 2 289
61 2 135
61 2 0
61 2 0
61 2 0
62 1 0
62 1 340
62 1 781
62 1 188
62 1 425
62 1 776
62 1 668
62 1 0
62 1 0
62 1 0
63 2 0
63 2 876
63 2 753
63 2 929
63 2 0
64 2 0
64 2 989
64 2 751
64 2 673
64 2 485
64 2 226
64 2 0
64 2 0
64 2 94
64 2 0
65 2 0
65 2 996
65 2 870
65 2 797
65 2 81
65 2 272
65 2 0
65 2 0
65 2 166
65 2 27
65 2 434
65 2 0
66 2 0
66 2 644
66 2 329
66 2 453
66 2 78
66 2 71
66 2 661
66 2 66
66 2 383
66 2 0
66 2 0
66 2 0
67 1 0
67 1 902
67 1 84
67 1 709
67 1 757
67 1 0
67 1 0
67 1 0
68 1 0
68 1 275
68 1 310
68 1 973
68 1 0
68 1 0
68 1 47
68 1 0
69 2 0
69 2 160
69 2 233
69 2 686
69 2 183
69 2 490
69 2 471
69 2 0
70 2 0
70 2 447
70 2 840
70 2 705
70 2 0
70 2 0
70 2 11
70 2 0
71 1 0
71 1 943
71 1 941
71 1 341
71 1 118
71 1 656
71 1 672
71 1 0
71 1 0
71 1 0
72 1 0
72 1 511
72 1 777
72 1 79
72 1 663
72 1 0
72 1 0
72 1 43
72 1 0
73 1 0
73 1 321
73 1 134
73 1 177
73 1 701
73 1 80
73 1 494
73 1 0
73 1 0
74 1 0
74 1 186
74 1 735
74 1 172
74 1 761
74 1 595
74 1 758
74 1 0
74 1 0
74 1 0
74 1 0
75 2 0
75 2 756
75 2 794
75 2 175
75 2 376
75 2 601
75 2 140
75 2 515
75 2 0
75 2 0
75 2 0
76 2 0
76 2 971
76 2 965
76 2 734
76 2 480
76 2 28
76 2 0
77 2 0
77 2 150
77 2 944
77 2 669
77 2 857
77 2 0
78 2 0
78 2 193
78 2 173
78 2 848
78 2 838
78 2 342
78 2 607
78 2 0
79 2 0
79 2 328
79 2 334
79 2 755
79 2 997
79 2 493
79 2 778
79 2 881
79 2 298
79 2 0
79 2 0
79 2 0
80 1 0
80 1 748
80 1 479
80 1 630
80 1 0
81 2 0
81 2 411
81 2 642
81 2 908
81 2 245
81 2 414
81 2 789
81 2 0
82 2 0
82 2 960
82 2 24
82 2 0
83 2 0
83 2 417
83 2 918
83 2 309
83 2 779
83 2 0
84 1 0
84 1 930
84 1 771
84 1 492
84 1 413
84 1 0
84 1 0
84 1 0
85 1 0
85 1 934
85 1 88
85 1 578
85 1 365
85 1 23
85 1 0
85 1 0
85 1 0
86 1 0
86 1 18
86 1 887
86 1 891
86 1 571
86 1 883
86 1 942
86 1 994
86 1 824
86 1 1021
86 1 0
86 1 1021
86 1 0
87 2 0
87 2 564
87 2 695
87 2 657
87 2 703
87 2 0
87 2 0
87 2 718
87 2 0
87 2 0
87 2 0
88 1 0
88 1 273
88 1 746
88 1 894
88 1 25
88 1 726
88 1 706
88 1 983
88 1 0
88 1 0
89 2 0
89 2 604
89 2 91
89 2 0
90 2 0
90 2 861
90 2 393
90 2 457
90 2 119
90 2 0
91 1 0
91 1 568
91 1 675
91 1 0
92 1 0
92 1 557
92 1 0
93 2 0
93 2 366
93 2 800
93 2 97
93 2 465
93 2 842
93 2 0
93 2 0
93 2 0
94 1 0
94 1 697
94 1 85
94 1 877
94 1 0
95 1 0
95 1 640
95 1 420
95 1 665
95 1 554
95 1 624
95 1 904
95 1 812
95 1 0
95 1 0
95 1 0
95 1 0
96 1 0
96 1 167
96 1 938
96 1 950
96 1 467
96 1 346
96 1 461
96 1 90
96 1 0
96 1 0
97 1 0
97 1 59
97 1 627
97 1 750
97 1 898
97 1 182
97 1 0
98 1 0
98 1 586
98 1 218
98 1 432
98 1 0
98 1 0
98 1 0
99 2 0
99 2 999
99 2 719
99 2 622
99 2 573
99 2 839
99 2 6
99 2 89
99 2 0
99 2 0
100 1 0
100 1 948
100 1 211
100 1 0
101 2 0
101 2 429
101 2 988
101 2 805
101 2 466
101 2 587
101 2 588
101 2 83
101 2 415
101 2 0
101 2 0
102 2 0
102 2 282
102 2 819
102 2 730
102 2 0
102 2 0
102 2 330
102 2 847
102 2 287
102 2 0
102 2 0
102 2 0
103 2 0
103 2 31
103 2 849
103 2 385
103 2 190
103 2 0
104 2 0
104 2 764
104 2 126
104 2 683
104 2 0
104 2 0
104 2 662
104 2 558
104 2 0
105 2 0
105 2 874
105 2 828
105 2 0
105 2 0
105 2 311
105 2 0
106 1 0
106 1 991
106 1 407
106 1 144
106 1 951
106 1 0
106 1 0
106 1 0
106 1 0
107 1 0
107 1 655
107 1 712
107 1 0
107 1 0
107 1 496
107 1 301
107 1 127
107 1 626
107 1 0
107 1 0
107 1 0
107 1 0
108 1 0
108 1 782
108 1 830
108 1 596
108 1 0
108 1 0
108 1 546
108 1 0
109 1 0
109 1 458
109 1 534
109 1 792
109 1 613
109 1 488
109 1 187
109 1 0
109 1 0
109 1 0
109 1 0
110 2 0
110 2 149
110 2 332
110 2 142
110 2 320
110 2 0
110 2 0
110 2 33
110 2 0
111 2 0
111 2 660
111 2 582
111 2 402
111 2 506
111 2 993
111 2 0
111 2 0
111 2 0
112 2 0
112 2 294
112 2 364
112 2 214
112 2 0
112 2 0
112 2 10
112 2 727
112 2 0
112 2 0
112 2 0
113 2 0
113 2 484
113 2 0
114 2 0
114 2 659
114 2 976
114 2 875
114 2 195
114 2 905
114 2 1075
114 2 0
115 1 0
115 1 445
115 1 920
115 1 638
115 1 0
115 1 0
115 1 0
116 1 0
116 1 251
116 1 927
116 1 318
116 1 0
116 1 0
116 1 536
116 1 0
117 1 0
117 1 265
117 1 0
117 1 0
117 1 0
118 2 0
118 2 720
118 2 502
118 2 0
119 2 0
119 2 313
119 2 903
119 2 0
119 2 0
119 2 530
119 2 165
119 2 0
120 1 0
120 1 109
120 1 853
120 1 387
120 1 0
120 1 0
120 1 367
120 1 412
120 1 0
120 1 0
120 1 0
121 2 0
121 2 998
121 2 559
121 2 555
121 2 34
121 2 339
121 2 526
121 2 928
121 2 0
121 2 0
122 2 0
122 2 296
122 2 145
122 2 32
122 2 0
122 2 0
122 2 82
122 2 0
123 1 0
123 1 862
123 1 744
123 1 60
123 1 859
123 1 924
123 1 0
123 1 0
123 1 0
123 1 0
124 1 0
124 1 271
124 1 53
124 1 619
124 1 895
124 1 0
124 1 0
124 1 0
124 1 0
125 1 0
125 1 818
125 1 0
125 1 0
125 1 0
126 1 0
126 1 505
126 1 0
127 1 0
127 1 523
127 1 348
127 1 1000
127 1 913
127 1 0
127 1 0
127 1 0
127 1 0
128 1 0
128 1 634
128 1 825
128 1 972
128 1 978
128 1 0
128 1 0
128 1 0
128 1 112
128 1 0
129 1 0
129 1 42
129 1 615
129 1 327
129 1 617
129 1 381
129 1 0
129 1 0
130 2 0
130 2 240
130 2 249
130 2 522
130 2 0
130 2 0
130 2 811
130 2 772
130 2 0
131 2 0
131 2 832
131 2 35
131 2 122
131 2 263
131 2 760
131 2 0
131 2 0
132 1 0
132 1 653
132 1 448
132 1 196
132 1 0
132 1 0
132 1 0
132 1 406
132 1 104
132 1 46
132 1 0
133 2 0
133 2 670
133 2 698
133 2 253
133 2 651
133 2 834
133 2 0
133 2 0
134 1 0
134 1 409
134 1 743
134 1 860
134 1 236
134 1 723
134 1 146
134 1 433
134 1 0
134 1 0
134 1 0
134 1 0
135 1 0
135 1 69
135 1 765
135 1 68
135 1 0
135 1 0
136 2 0
136 2 823
136 2 728
136 2 548
136 2 503
136 2 0
137 1 0
137 1 384
137 1 382
137 1 0
138 2 0
138 2 15
138 2 116
138 2 0
139 2 0
139 2 514
139 2 827
139 2 498
139 2 156
139 2 0
140 1 0
140 1 995
140 1 0
141 2 0
141 2 917
141 2 912
141 2 0
142 2 0
142 2 740
142 2 0
143 1 0
143 1 681
143 1 598
143 1 326
143 1 373
143 1 0
143 1 0
143 1 0
143 1 0
144 2 0
144 2 722
144 2 98
144 2 986
144 2 0
144 2 0
144 2 305
144 2 0
145 2 0
145 2 982
145 2 690
145 2 123
145 2 73
145 2 0
146 1 0
146 1 374
146 1 788
146 1 131
146 1 872
146 1 0
146 1 0
146 1 0
146 1 222
146 1 0
147 2 0
147 2 773
147 2 464
147 2 635
147 2 632
147 2 737
147 2 0
147 2 0
147 2 0
148 2 0
148 2 277
148 2 914
148 2 357
148 2 579
148 2 984
148 2 829
148 2 295
148 2 0
148 2 0
149 1 0
149 1 22
149 1 316
149 1 325
149 1 176
149 1 5
149 1 155
149 1 0
149 1 0
149 1 0
149 1 0
150 2 0
150 2 786
150 2 0
150 2 0
150 2 0
151 2 0
151 2 566
151 2 867
151 2 0
151 2 0
151 2 221
151 2 0
152 2 0
152 2 449
152 2 460
152 2 725
152 2 0
152 2 0
152 2 372
152 2 882
152 2 0
153 1 0
153 1 450
153 1 303
153 1 959
153 1 308
153 1 49
153 1 704
153 1 201
153 1 0
153 1 0
153 1 0
153 1 0
154 1 0
154 1 377
154 1 331
154 1 317
154 1 0
154 1 0
154 1 0
154 1 0
155 1 0
155 1 625
155 1 224
155 1 981
155 1 72
155 1 671
155 1 961
155 1 0
155 1 0
156 1 0
156 1 243
156 1 884
156 1 0
156 1 0
156 1 0
156 1 0
157 1 0
157 1 370
157 1 636
157 1 244
157 1 567
157 1 361
157 1 858
157 1 560
157 1 0
157 1 0
158 2 0
158 2 745
158 2 0
158 2 0
158 2 556
158 2 0
159 2 0
159 2 184
159 2 893
159 2 747
159 2 674
159 2 517
159 2 0
159 2 0
159 2 0
159 2 87
159 2 0
160 1 0
160 1 733
160 1 61
160 1 528
160 1 946
160 1 0
160 1 0
160 1 0
160 1 0
161 2 0
161 2 643
161 2 0
161 2 0
161 2 569
161 2 0
162 1 0
162 1 966
162 1 507
162 1 900
162 1 649
162 1 491
162 1 299
162 1 0
162 1 0
163 2 0
163 2 137
163 2 979
163 2 499
163 2 0
163 2 0
163 2 0
164 2 0
164 2 198
164 2 238
164 2 416
164 2 210
164 2 667
164 2 96
164 2 0
164 2 0
164 2 0
164 2 0
165 2 0
165 2 451
165 2 252
165 2 915
165 2 0
166 1 0
166 1 267
166 1 0
166 1 0
166 1 362
166 1 242
166 1 0
166 1 0
166 1 0
166 1 0
167 2 0
167 2 618
167 2 0
167 2 0
167 2 202
167 2 55
167 2 241
167 2 0
168 1 0
168 1 684
168 1 120
168 1 549
168 1 286
168 1 486
168 1 552
168 1 0
168 1 0
169 1 0
169 1 368
169 1 953
169 1 916
169 1 56
169 1 162
169 1 633
169 1 0
169 1 0
169 1 0
169 1 0
170 1 0
170 1 194
170 1 623
170 1 347
170 1 878
170 1 378
170 1 280
170 1 0
170 1 0
170 1 0
170 1 0
171 2 0
171 2 482
171 2 379
171 2 159
171 2 629
171 2 952
171 2 0
171 2 0
172 2 0
172 2 268
172 2 21
172 2 139
172 2 260
172 2 219
172 2 0
172 2 0
172 2 0
172 2 0
173 2 0
173 2 333
173 2 0
174 1 0
174 1 322
174 1 0
174 1 0
175 1 0
175 1 890
175 1 845
175 1 713
175 1 0
175 1 0
176 2 0
176 2 297
176 2 0
177 1 0
177 1 103
177 1 631
177 1 353
177 1 443
177 1 427
177 1 963
177 1 0
177 1 0
177 1 0
177 1 0
178 2 0
178 2 100
178 2 227
178 2 117
178 2 206
178 2 0
178 2 0
178 2 0
178 2 0
179 2 0
179 2 770
179 2 422
179 2 197
179 2 687
179 2 892
179 2 0
179 2 0
179 2 0
179 2 0
180 2 0
180 2 597
180 2 403
180 2 851
180 2 931
180 2 363
180 2 599
180 2 3
180 2 879
180 2 836
180 2 0
180 2 0
181 1 0
181 1 209
181 1 75
181 1 76
181 1 0
181 1 0
182 2 0
182 2 256
182 2 215
182 2 691
182 2 306
182 2 962
182 2 739
182 2 0
182 2 0
182 2 0
182 2 0
183 2 0
183 2 129
183 2 203
183 2 115
183 2 225
183 2 358
183 2 696
183 2 0
183 2 0
183 2 0
183 2 0
184 1 0
184 1 639
184 1 386
184 1 0
184 1 0
185 1 0
185 1 901
185 1 343
185 1 285
185 1 0
185 1 0
185 1 0
185 1 0
186 1 0
186 1 105
186 1 768
186 1 350
186 1 0
186 1 0
186 1 0
186 1 0
187 2 0
187 2 711
187 2 344
187 2 0
188 1 0
188 1 483
188 1 821
188 1 452
188 1 926
188 1 0
188 1 0
188 1 0
188 1 0
189 1 0
189 1 52
189 1 533
189 1 769
189 1 278
189 1 0
189 1 0
189 1 0
189 1 0
190 1 0
190 1 228
190 1 439
190 1 0
190 1 0
191 2 0
191 2 20
191 2 174
191 2 355
191 2 589
191 2 26
191 2 889
191 2 0
191 2 0
191 2 0
191 2 0
192 2 0
192 2 585
192 2 547
192 2 0
192 2 0
193 2 0
193 2 261
193 2 736
193 2 388
193 2 702
193 2 774
193 2 315
193 2 888
193 2 0
193 2 0
194 1 0
194 1 795
194 1 787
194 1 65
194 1 0
194 1 0
195 2 0
195 2 258
195 2 592
195 2 575
195 2 0
195 2 0
195 2 0
195 2 864
195 2 375
195 2 0
195 2 0
196 2 0
196 2 111
196 2 62
196 2 405
196 2 239
196 2 620
196 2 0
196 2 0
197 2 0
197 2 312
197 2 302
197 2 833
197 2 658
197 2 537
197 2 300
197 2 13
197 2 0
197 2 0
197 2 0
197 2 0
198 1 0
198 1 16
198 1 147
198 1 132
198 1 0
198 1 0
198 1 0
198 1 169
198 1 0
198 1 0
199 2 0
199 2 70
199 2 67
199 2 48
199 2 731
199 2 0
199 2 0
200 1 0
200 1 519
200 1 121
200 1 896
200 1 231
200 1 0
200 1 0
200 1 0
200 1 0
201 2 0
201 2 1
201 2 804
201 2 0
201 2 0
201 2 0
201 2 152
201 2 138
201 2 0
201 2 0
202 1 0
202 1 234
202 1 688
202 1 968
202 1 390
202 1 0
202 1 0
202 1 0
202 1 29
202 1 0
203 2 0
203 2 637
203 2 766
203 2 0
203 2 0
203 2 0
203 2 594
203 2 0
203 2 0
204 1 0
204 1 487
204 1 933
204 1 775
204 1 0
204 1 0
204 1 0
204 1 0
205 1 0
205 1 262
205 1 213
205 1 0
205 1 0
206 1 0
206 1 729
206 1 424
206 1 935
206 1 583
206 1 0
206 1 0
206 1 0
206 1 0
207 1 0
207 1 0
208 1 0
208 1 0
209 1 0
209 1 0
210 2 0
210 2 822
210 2 551
210 2 0
210 2 0
210 2 0
210 2 0
211 2 0
211 2 886
211 2 500
211 2 987
211 2 762
211 2 421
211 2 192
211 2 469
211 2 527
211 2 0
211 2 0
211 2 0
211 2 0
212 2 0
212 2 110
212 2 270
212 2 584
212 2 371
212 2 0
212 2 0
212 2 0
212 2 0
213 1 0
213 1 444
213 1 143
213 1 572
213 1 19
213 1 0
213 1 0
214 1 0
214 1 614
214 1 337
214 1 0
214 1 0
214 1 0
214 1 0
215 1 0
215 1 185
215 1 958
215 1 985
215 1 51
215 1 0
215 1 0
215 1 0
215 1 431
215 1 0
215 1 0
216 2 0
216 2 956
216 2 179
216 2 957
216 2 235
216 2 869
216 2 0
216 2 0
217 1 0
217 1 780
217 1 50
217 1 39
217 1 0
217 1 0
217 1 0
217 1 395
217 1 0
217 1 0
217 1 0
217 1 0
218 1 0
218 1 540
218 1 708
218 1 0
218 1 0
218 1 0
218 1 0
219 1 0
219 1 359
219 1 77
219 1 0
219 1 0
219 1 0
219 1 0
220 1 0
220 1 474
220 1 0
220 1 0
220 1 0
220 1 521
220 1 274
220 1 0
220 1 0
221 1 0
221 1 108
221 1 12
221 1 0
221 1 0
