total cost: 348041
1 2 0
1 2 553
1 2 288
1 2 767
1 2 0
1 2 0
1 2 616
1 2 180
1 2 257
1 2 932
1 2 0
2 1 0
2 1 220
2 1 802
2 1 0
2 1 0
2 1 463
2 1 539
2 1 693
2 1 0
3 2 0
3 2 254
3 2 577
3 2 408
3 2 801
3 2 459
3 2 0
3 2 0
3 2 790
3 2 0
3 2 0
3 2 141
3 2 0
4 2 0
4 2 645
4 2 865
4 2 189
4 2 428
4 2 0
4 2 0
4 2 307
4 2 793
4 2 654
4 2 0
5 1 0
5 1 605
5 1 593
5 1 754
5 1 947
5 1 974
5 1 716
5 1 525
5 1 8
5 1 476
5 1 205
5 1 0
6 1 0
6 1 57
6 1 843
6 1 281
6 1 717
6 1 532
6 1 423
6 1 544
6 1 304
6 1 0
6 1 0
6 1 0
7 2 0
7 2 856
7 2 763
7 2 831
7 2 939
7 2 0
7 2 0
7 2 954
7 2 161
7 2 652
7 2 520
7 2 535
7 2 0
8 2 0
8 2 354
8 2 442
8 2 749
8 2 319
8 2 401
8 2 229
8 2 0
9 2 0
9 2 170
9 2 400
9 2 798
9 2 468
9 2 641
9 2 742
9 2 0
10 1 0
10 1 0
11 2 0
11 2 154
11 2 0
11 2 0
11 2 37
11 2 855
11 2 269
11 2 397
11 2 212
11 2 0
12 2 0
12 2 462
12 2 813
12 2 478
12 2 975
12 2 759
12 2 0
12 2 0
12 2 124
12 2 475
12 2 799
12 2 0
13 2 0
13 2 4
13 2 911
13 2 899
13 2 250
13 2 826
13 2 700
13 2 783
13 2 217
13 2 897
13 2 815
13 2 0
14 2 0
14 2 454
14 2 283
14 2 714
14 2 293
14 2 0
15 1 0
15 1 689
15 1 380
15 1 64
15 1 391
15 1 0
15 1 0
15 1 504
15 1 0
16 2 0
16 2 501
16 2 682
16 2 922
16 2 101
16 2 470
16 2 106
16 2 477
16 2 360
16 2 223
16 2 0
17 1 0
17 1 602
17 1 237
17 1 0
17 1 0
17 1 164
17 1 0
18 2 0
18 2 710
18 2 440
18 2 216
18 2 732
18 2 600
18 2 0
19 2 0
19 2 92
19 2 650
19 2 885
19 2 323
19 2 178
19 2 0
20 1 0
20 1 919
20 1 510
20 1 356
20 1 0
21 2 0
21 2 841
21 2 7
21 2 543
21 2 992
21 2 437
21 2 40
21 2 246
21 2 990
21 2 844
21 2 0
21 2 0
21 2 0
22 2 0
22 2 570
22 2 264
22 2 810
22 2 276
22 2 784
22 2 86
22 2 0
22 2 0
22 2 0
23 2 0
23 2 284
23 2 58
23 2 204
23 2 563
23 2 964
23 2 940
23 2 314
23 2 191
23 2 0
24 2 0
24 2 565
24 2 850
24 2 871
24 2 910
24 2 524
24 2 63
24 2 279
24 2 0
24 2 0
24 2 590
24 2 0
25 1 0
25 1 489
25 1 741
25 1 107
25 1 967
25 1 0
25 1 0
25 1 0
26 1 0
26 1 291
26 1 542
26 1 266
26 1 399
26 1 680
26 1 873
26 1 438
26 1 0
26 1 0
26 1 0
27 2 0
27 2 846
27 2 473
27 2 949
27 2 692
27 2 852
27 2 0
28 2 0
28 2 820
28 2 925
28 2 9
28 2 324
28 2 648
28 2 0
28 2 0
28 2 591
28 2 0
29 2 0
29 2 128
29 2 866
29 2 54
29 2 418
29 2 84
29 2 709
29 2 776
29 2 668
29 2 0
29 2 0
29 2 0
30 1 0
30 1 816
30 1 863
30 1 868
30 1 609
30 1 0
30 1 0
30 1 171
30 1 945
30 1 880
30 1 345
30 1 0
31 2 0
31 2 158
31 2 541
31 2 338
31 2 531
31 2 93
31 2 791
31 2 677
31 2 259
31 2 125
31 2 0
32 2 0
32 2 14
32 2 538
32 2 446
32 2 580
32 2 232
32 2 808
32 2 803
32 2 0
32 2 0
32 2 0
33 2 0
33 2 99
33 2 807
33 2 472
33 2 785
33 2 0
33 2 0
33 2 0
34 1 0
34 1 113
34 1 456
34 1 102
34 1 351
34 1 0
34 1 0
34 1 612
34 1 230
34 1 148
34 1 0
35 1 0
35 1 738
35 1 796
35 1 644
35 1 0
36 2 0
36 2 389
36 2 603
36 2 907
36 2 349
36 2 0
36 2 0
36 2 561
36 2 678
36 2 436
36 2 0
37 2 0
37 2 529
37 2 36
37 2 699
37 2 392
37 2 417
37 2 181
37 2 918
37 2 309
37 2 0
37 2 0
37 2 0
38 2 0
38 2 606
38 2 955
38 2 562
38 2 752
38 2 410
38 2 664
38 2 0
38 2 0
38 2 114
38 2 508
38 2 0
39 1 0
39 1 153
39 1 394
39 1 329
39 1 934
39 1 207
39 1 0
39 1 0
39 1 550
39 1 0
40 2 0
40 2 715
40 2 188
40 2 781
40 2 425
40 2 79
40 2 586
40 2 208
40 2 398
40 2 0
41 2 0
41 2 666
41 2 441
41 2 608
41 2 447
41 2 0
41 2 0
41 2 352
41 2 200
41 2 0
42 1 0
42 1 17
42 1 511
42 1 902
42 1 0
42 1 0
42 1 495
42 1 512
42 1 516
42 1 44
42 1 0
43 1 0
43 1 335
43 1 854
43 1 840
43 1 0
43 1 0
43 1 923
43 1 11
43 1 0
44 1 0
44 1 707
44 1 275
44 1 970
44 1 734
44 1 965
44 1 480
44 1 0
44 1 0
44 1 0
45 2 0
45 2 133
45 2 806
45 2 136
45 2 41
45 2 694
45 2 0
46 2 0
46 2 921
46 2 150
46 2 944
46 2 669
46 2 857
46 2 0
47 1 0
47 1 45
47 1 809
47 1 930
47 1 771
47 1 492
47 1 977
47 1 396
47 1 0
47 1 0
47 1 837
47 1 0
48 2 0
48 2 336
48 2 369
48 2 426
48 2 0
48 2 0
48 2 721
48 2 290
48 2 27
48 2 0
48 2 0
48 2 0
49 2 0
49 2 817
49 2 751
49 2 157
49 2 199
49 2 485
49 2 151
49 2 0
49 2 0
49 2 0
50 1 0
50 1 435
50 1 686
50 1 160
50 1 0
50 1 0
50 1 679
50 1 906
50 1 0
51 1 0
51 1 255
51 1 647
51 1 611
51 1 724
51 1 0
52 2 0
52 2 518
52 2 497
52 2 610
52 2 894
52 2 25
52 2 726
52 2 758
52 2 0
52 2 0
52 2 0
53 2 0
53 2 513
53 2 969
53 2 383
53 2 545
53 2 0
54 1 0
54 1 455
54 1 980
54 1 289
54 1 675
54 1 0
54 1 0
54 1 0
55 2 0
55 2 909
55 2 971
55 2 24
55 2 0
56 2 0
56 2 576
56 2 753
56 2 838
56 2 0
57 2 0
57 2 292
57 2 494
57 2 80
57 2 490
57 2 835
57 2 0
58 2 0
58 2 340
58 2 794
58 2 233
58 2 134
58 2 177
58 2 701
58 2 601
58 2 515
58 2 0
58 2 0
58 2 0
59 1 0
59 1 646
59 1 334
59 1 938
59 1 755
59 1 0
59 1 0
59 1 876
59 1 929
59 1 91
59 1 0
60 2 0
60 2 814
60 2 430
60 2 97
60 2 800
60 2 881
60 2 0
60 2 0
60 2 0
61 1 0
61 1 989
61 1 458
61 1 622
61 1 0
61 1 0
61 1 248
61 1 74
61 1 0
62 1 0
62 1 996
62 1 870
62 1 0
62 1 0
62 1 568
62 1 779
62 1 0
62 1 0
62 1 0
63 2 0
63 2 673
63 2 887
63 2 341
63 2 973
63 2 0
63 2 0
63 2 166
63 2 936
63 2 630
63 2 0
64 2 0
64 2 943
64 2 941
64 2 310
64 2 685
64 2 656
64 2 672
64 2 0
64 2 0
64 2 0
65 1 0
65 1 321
65 1 175
65 1 376
65 1 218
65 1 471
65 1 0
65 1 0
65 1 0
66 1 0
66 1 748
66 1 581
66 1 509
66 1 434
66 1 0
67 2 0
67 2 186
67 2 735
67 2 628
67 2 937
67 2 761
67 2 595
67 2 587
67 2 0
68 1 0
68 1 756
68 1 420
68 1 554
68 1 663
68 1 0
68 1 0
68 1 163
68 1 604
68 1 0
69 1 0
69 1 193
69 1 0
70 2 0
70 2 328
70 2 413
70 2 683
70 2 0
70 2 0
70 2 130
70 2 0
70 2 0
70 2 0
71 1 0
71 1 676
71 1 168
71 1 71
71 1 661
71 1 0
71 1 0
71 1 0
72 2 0
72 2 226
72 2 393
72 2 861
72 2 183
72 2 457
72 2 119
72 2 994
72 2 0
72 2 0
73 1 0
73 1 411
73 1 574
73 1 582
73 1 875
73 1 122
73 1 983
73 1 0
73 1 0
73 1 0
73 1 0
74 2 0
74 2 960
74 2 536
74 2 0
75 2 0
75 2 38
75 2 904
75 2 624
75 2 287
75 2 0
75 2 0
75 2 0
76 1 0
76 1 18
76 1 332
76 1 792
76 1 613
76 1 0
76 1 0
76 1 757
76 1 812
76 1 0
77 2 0
77 2 564
77 2 695
77 2 657
77 2 0
77 2 0
77 2 718
77 2 0
77 2 0
77 2 0
78 2 0
78 2 273
78 2 797
78 2 805
78 2 466
78 2 211
78 2 948
78 2 135
78 2 0
78 2 0
78 2 0
79 1 0
79 1 404
79 1 419
79 1 660
79 1 484
79 1 172
79 1 706
79 1 558
79 1 1036
79 1 0
79 1 1036
79 1 0
80 2 0
80 2 30
80 2 272
80 2 0
80 2 0
80 2 557
80 2 847
80 2 0
81 1 0
81 1 366
81 1 81
81 1 778
81 1 0
81 1 0
81 1 330
81 1 0
81 1 0
81 1 0
82 1 0
82 1 697
82 1 950
82 1 997
82 1 493
82 1 465
82 1 842
82 1 0
82 1 0
82 1 0
82 1 0
83 2 0
83 2 85
83 2 298
83 2 877
83 2 0
84 2 0
84 2 640
84 2 777
84 2 559
84 2 0
84 2 0
84 2 705
84 2 848
84 2 750
84 2 342
84 2 0
85 2 0
85 2 167
85 2 830
85 2 730
85 2 0
85 2 0
85 2 481
85 2 479
85 2 265
85 2 0
85 2 0
85 2 0
86 2 0
86 2 59
86 2 627
86 2 659
86 2 951
86 2 245
86 2 53
86 2 619
86 2 0
86 2 0
86 2 0
86 2 0
87 1 0
87 1 999
87 1 891
87 1 819
87 1 126
87 1 0
87 1 0
87 1 118
87 1 0
87 1 0
87 1 0
88 1 0
88 1 429
88 1 927
88 1 318
88 1 0
88 1 0
88 1 311
88 1 0
88 1 0
88 1 0
89 2 0
89 2 31
89 2 849
89 2 402
89 2 636
89 2 83
89 2 415
89 2 632
89 2 386
89 2 0
89 2 0
90 1 0
90 1 764
90 1 596
90 1 0
90 1 0
90 1 173
90 1 23
90 1 898
90 1 607
90 1 789
90 1 0
90 1 0
91 1 0
91 1 282
91 1 0
91 1 0
91 1 621
91 1 414
91 1 505
91 1 503
91 1 0
91 1 0
92 1 0
92 1 746
92 1 988
92 1 0
92 1 0
92 1 662
92 1 588
92 1 201
92 1 0
92 1 0
92 1 0
92 1 0
93 2 0
93 2 247
93 2 908
93 2 728
93 2 498
93 2 0
93 2 0
93 2 95
93 2 0
94 2 0
94 2 453
94 2 88
94 2 991
94 2 578
94 2 78
94 2 0
94 2 0
94 2 94
94 2 0
95 1 0
95 1 874
95 1 828
95 1 0
95 1 0
95 1 365
95 1 546
95 1 182
95 1 0
96 2 0
96 2 782
96 2 862
96 2 364
96 2 467
96 2 82
96 2 0
96 2 0
96 2 28
96 2 0
97 1 0
97 1 149
97 1 534
97 1 634
97 1 825
97 1 0
97 1 0
97 1 0
97 1 496
97 1 942
97 1 883
97 1 0
97 1 0
97 1 0
98 2 0
98 2 294
98 2 409
98 2 860
98 2 236
98 2 723
98 2 461
98 2 104
98 2 46
98 2 90
98 2 0
98 2 0
99 2 0
99 2 655
99 2 712
99 2 653
99 2 0
99 2 0
99 2 10
99 2 727
99 2 0
99 2 0
99 2 0
100 1 0
100 1 642
100 1 327
100 1 615
100 1 253
100 1 651
100 1 0
100 1 0
100 1 0
100 1 0
101 2 0
101 2 665
101 2 998
101 2 522
101 2 526
101 2 339
101 2 928
101 2 0
101 2 0
102 1 0
102 1 445
102 1 387
102 1 523
102 1 0
102 1 0
102 1 47
102 1 0
103 2 0
103 2 703
103 2 827
103 2 144
103 2 823
103 2 548
103 2 617
103 2 0
103 2 0
103 2 0
103 2 0
104 2 0
104 2 251
104 2 986
104 2 635
104 2 98
104 2 0
104 2 0
104 2 530
104 2 920
104 2 772
104 2 0
105 1 0
105 1 571
105 1 214
105 1 0
105 1 0
105 1 66
105 1 0
106 2 0
106 2 313
106 2 903
106 2 773
106 2 0
106 2 0
106 2 140
106 2 34
106 2 638
106 2 305
106 2 68
106 2 0
106 2 0
107 2 0
107 2 720
107 2 743
107 2 912
107 2 0
108 2 0
108 2 109
108 2 853
108 2 972
108 2 316
108 2 978
108 2 0
108 2 0
108 2 367
108 2 301
108 2 626
108 2 0
108 2 0
108 2 0
109 1 0
109 1 719
109 1 839
109 1 573
109 1 0
109 1 0
109 1 221
109 1 112
109 1 0
109 1 0
109 1 0
110 2 0
110 2 190
110 2 698
110 2 832
110 2 976
110 2 905
110 2 890
110 2 579
110 2 829
110 2 0
110 2 0
111 1 0
111 1 142
111 1 320
111 1 460
111 1 0
111 1 0
111 1 0
111 1 824
111 1 0
111 1 0
111 1 0
112 1 0
112 1 502
112 1 733
112 1 464
112 1 0
112 1 0
112 1 0
112 1 818
112 1 0
112 1 0
112 1 0
113 1 0
113 1 385
113 1 35
113 1 263
113 1 760
113 1 834
113 1 895
113 1 0
113 1 0
114 2 0
114 2 296
114 2 145
114 2 60
114 2 859
114 2 0
114 2 0
114 2 165
114 2 0
115 2 0
115 2 555
115 2 196
115 2 448
115 2 681
115 2 326
115 2 331
115 2 373
115 2 0
115 2 0
115 2 0
115 2 0
116 1 0
116 1 488
116 1 725
116 1 187
116 1 0
116 1 0
116 1 0
116 1 0
117 2 0
117 2 42
117 2 690
117 2 123
117 2 156
117 2 740
117 2 0
118 1 0
118 1 407
118 1 357
118 1 73
118 1 381
118 1 0
118 1 0
119 2 0
119 2 271
119 2 845
119 2 713
119 2 295
119 2 0
119 2 0
120 1 0
120 1 240
120 1 249
120 1 0
120 1 0
120 1 0
120 1 406
120 1 412
120 1 0
120 1 0
120 1 0
121 1 0
121 1 670
121 1 916
121 1 162
121 1 691
121 1 962
121 1 633
121 1 0
121 1 0
121 1 0
121 1 0
122 2 0
122 2 32
122 2 917
122 2 6
122 2 433
122 2 242
122 2 0
122 2 0
122 2 0
123 1 0
123 1 744
123 1 625
123 1 981
123 1 507
123 1 649
123 1 0
123 1 0
123 1 0
123 1 0
124 1 0
124 1 384
124 1 238
124 1 966
124 1 900
124 1 0
124 1 0
124 1 0
124 1 43
124 1 346
124 1 0
125 1 0
125 1 15
125 1 872
125 1 116
125 1 811
125 1 0
125 1 0
125 1 0
125 1 0
126 1 0
126 1 514
126 1 914
126 1 56
126 1 984
126 1 560
126 1 0
126 1 0
126 1 0
126 1 0
127 2 0
127 2 722
127 2 482
127 2 303
127 2 450
127 2 72
127 2 308
127 2 105
127 2 49
127 2 961
127 2 0
127 2 0
127 2 0
127 2 0
128 1 0
128 1 432
128 1 979
128 1 0
128 1 0
128 1 0
128 1 0
129 1 0
129 1 348
129 1 325
129 1 176
129 1 5
129 1 0
129 1 0
129 1 0
129 1 0
130 2 0
130 2 982
130 2 953
130 2 355
130 2 769
130 2 963
130 2 353
130 2 0
130 2 0
130 2 0
130 2 0
131 2 0
131 2 374
131 2 788
131 2 598
131 2 377
131 2 0
131 2 0
131 2 0
131 2 1000
131 2 0
132 2 0
132 2 22
132 2 884
132 2 867
132 2 618
132 2 0
132 2 0
132 2 222
132 2 0
132 2 0
132 2 0
133 2 0
133 2 995
133 2 786
133 2 0
133 2 0
133 2 0
134 2 0
134 2 277
134 2 256
134 2 858
134 2 711
134 2 737
134 2 0
134 2 0
135 2 0
135 2 127
135 2 55
135 2 252
135 2 915
135 2 0
136 2 0
136 2 566
136 2 0
136 2 0
136 2 69
136 2 913
136 2 87
136 2 0
136 2 0
136 2 0
137 1 0
137 1 449
137 1 893
137 1 0
137 1 0
137 1 0
137 1 317
137 1 569
137 1 0
137 1 0
137 1 0
137 1 0
138 1 0
138 1 765
138 1 0
138 1 0
138 1 0
139 2 0
139 2 243
139 2 684
139 2 0
139 2 0
139 2 506
139 2 993
139 2 0
140 1 0
140 1 370
140 1 244
140 1 946
140 1 533
140 1 427
140 1 0
140 1 0
140 1 0
140 1 0
141 1 0
141 1 0
142 2 0
142 2 745
142 2 0
142 2 0
142 2 556
142 2 499
142 2 0
143 2 0
143 2 224
143 2 198
143 2 416
143 2 129
143 2 878
143 2 206
143 2 0
143 2 0
143 2 0
143 2 0
144 1 0
144 1 184
144 1 194
144 1 747
144 1 0
144 1 0
144 1 0
144 1 382
144 1 491
144 1 146
144 1 0
144 1 0
145 2 0
145 2 643
145 2 674
145 2 597
145 2 623
145 2 486
145 2 0
145 2 0
145 2 0
145 2 0
146 1 0
146 1 137
146 1 131
146 1 268
146 1 0
146 1 0
146 1 0
146 1 451
146 1 241
146 1 0
146 1 0
147 1 0
147 1 155
147 1 267
147 1 333
147 1 552
147 1 0
147 1 0
147 1 0
147 1 0
148 2 0
148 2 924
148 2 227
148 2 117
148 2 882
148 2 378
148 2 879
148 2 0
148 2 0
148 2 0
148 2 0
149 2 0
149 2 368
149 2 174
149 2 444
149 2 147
149 2 26
149 2 889
149 2 774
149 2 0
149 2 0
149 2 0
149 2 0
150 2 0
150 2 210
150 2 901
150 2 959
150 2 667
150 2 629
150 2 75
150 2 0
150 2 0
151 2 0
151 2 120
151 2 21
151 2 851
151 2 931
151 2 358
151 2 696
151 2 0
151 2 0
151 2 0
151 2 0
152 2 0
152 2 372
152 2 299
152 2 585
152 2 0
152 2 0
153 2 0
153 2 704
153 2 639
153 2 0
154 2 0
154 2 362
154 2 169
154 2 76
154 2 0
154 2 0
155 2 0
155 2 322
155 2 0
156 1 0
156 1 61
156 1 631
156 1 768
156 1 159
156 1 671
156 1 285
156 1 0
156 1 0
157 2 0
157 2 103
157 2 261
157 2 16
157 2 388
157 2 766
157 2 0
157 2 0
157 2 0
157 2 0
158 2 0
158 2 517
158 2 347
158 2 225
158 2 519
158 2 121
158 2 896
158 2 836
158 2 3
158 2 0
158 2 0
159 1 0
159 1 100
159 1 197
159 1 687
159 1 614
159 1 833
159 1 0
159 1 0
159 1 0
159 1 0
160 1 0
160 1 770
160 1 422
160 1 0
160 1 0
160 1 0
160 1 297
160 1 739
160 1 65
160 1 0
160 1 0
161 2 0
161 2 209
161 2 96
161 2 0
162 2 0
162 2 379
162 2 343
162 2 1
162 2 0
162 2 0
162 2 0
162 2 0
163 1 0
163 1 549
163 1 363
163 1 892
163 1 375
163 1 0
163 1 0
163 1 0
163 1 0
164 2 0
164 2 361
164 2 567
164 2 443
164 2 0
164 2 0
164 2 0
164 2 0
165 2 0
165 2 528
165 2 306
165 2 589
165 2 278
165 2 228
165 2 0
165 2 0
165 2 0
165 2 0
166 2 0
166 2 483
166 2 821
166 2 452
166 2 62
166 2 620
166 2 231
166 2 0
166 2 0
167 1 0
167 1 52
167 1 804
167 1 0
167 1 0
167 1 0
167 1 202
167 1 0
168 1 0
168 1 215
168 1 132
168 1 39
168 1 50
168 1 0
168 1 195
168 1 439
168 1 0
168 1 0
169 1 0
169 1 115
169 1 258
169 1 933
169 1 637
169 1 0
169 1 0
169 1 0
169 1 0
170 1 0
170 1 286
170 1 599
170 1 138
170 1 139
170 1 0
170 1 0
171 2 0
171 2 403
171 2 302
171 2 48
171 2 658
171 2 537
171 2 337
171 2 731
171 2 0
171 2 0
171 2 0
171 2 0
172 2 0
172 2 20
172 2 143
172 2 736
172 2 702
172 2 572
172 2 235
172 2 869
172 2 0
172 2 0
173 2 0
173 2 203
173 2 405
173 2 390
173 2 239
173 2 935
173 2 0
173 2 0
173 2 0
173 2 0
174 2 0
174 2 344
174 2 787
174 2 315
174 2 888
174 2 0
174 2 0
174 2 0
174 2 0
175 2 0
175 2 952
175 2 594
175 2 551
175 2 0
175 2 0
175 2 0
175 2 0
176 1 0
176 1 111
176 1 575
176 1 775
176 1 0
176 1 0
176 1 0
176 1 864
176 1 110
176 1 0
176 1 0
177 2 0
177 2 312
177 2 70
177 2 300
177 2 583
177 2 584
177 2 371
177 2 0
177 2 0
177 2 0
177 2 0
178 1 0
178 1 592
178 1 968
178 1 926
178 1 0
178 1 0
178 1 0
178 1 547
178 1 0
178 1 0
179 2 0
179 2 350
179 2 213
179 2 192
179 2 762
179 2 469
179 2 395
179 2 0
179 2 0
179 2 0
179 2 0
180 2 0
180 2 795
180 2 77
180 2 12
180 2 0
180 2 0
181 2 0
181 2 262
181 2 500
181 2 527
181 2 0
181 2 0
181 2 0
181 2 0
182 2 0
182 2 234
182 2 956
182 2 987
182 2 0
182 2 0
182 2 0
182 2 260
182 2 0
182 2 0
183 2 0
183 2 487
183 2 886
183 2 958
183 2 51
183 2 359
183 2 0
183 2 0
183 2 0
183 2 0
184 1 0
184 1 0
185 1 0
185 1 0
186 2 0
186 2 822
186 2 0
186 2 0
186 2 0
186 2 0
187 2 0
187 2 729
187 2 780
187 2 421
187 2 19
187 2 957
187 2 0
187 2 0
187 2 0
187 2 0
188 1 0
188 1 521
188 1 431
188 1 0
188 1 0
189 2 0
189 2 280
189 2 219
189 2 0
189 2 0
190 2 0
190 2 688
190 2 474
190 2 179
190 2 708
190 2 0
190 2 0
191 2 0
191 2 67
191 2 985
191 2 274
191 2 0
191 2 0
192 2 0
192 2 185
192 2 540
192 2 424
192 2 0
192 2 0
192 2 0
192 2 152
192 2 0
193 1 0
193 1 270
193 1 0
193 1 0
194 1 0
194 1 108
194 1 0
195 1 0
195 1 89
195 1 0
196 1 0
196 1 33
196 1 0
197 1 0
197 1 29
197 1 0
198 1 0
198 1 13
198 1 0
198 1 0
199 1 0
199 1 2
199 1 0
