total cost: 335431
1 2 0
1 2 553
1 2 288
1 2 767
1 2 0
1 2 0
1 2 307
1 2 793
1 2 0
1 2 0
1 2 141
1 2 0
2 1 0
2 1 220
2 1 802
2 1 577
2 1 254
2 1 0
2 1 0
2 1 180
2 1 257
2 1 932
2 1 0
3 2 0
3 2 616
3 2 161
3 2 652
3 2 0
3 2 0
3 2 0
4 2 0
4 2 954
4 2 654
4 2 520
4 2 0
5 1 0
5 1 463
5 1 539
5 1 459
5 1 693
5 1 454
5 1 0
5 1 0
5 1 790
5 1 0
5 1 0
5 1 0
6 2 0
6 2 408
6 2 801
6 2 754
6 2 593
6 2 475
6 2 510
6 2 356
6 2 0
7 1 0
7 1 645
7 1 865
7 1 189
7 1 442
7 1 92
7 1 0
7 1 0
7 1 612
7 1 0
8 2 0
8 2 605
8 2 974
8 2 401
8 2 229
8 2 0
9 2 0
9 2 57
9 2 281
9 2 843
9 2 170
9 2 749
9 2 689
9 2 525
9 2 476
9 2 0
10 1 0
10 1 856
10 1 4
10 1 501
10 1 250
10 1 911
10 1 468
10 1 700
10 1 0
10 1 0
10 1 230
10 1 0
11 1 0
11 1 354
11 1 0
12 2 0
12 2 319
12 2 716
12 2 0
13 1 0
13 1 164
13 1 717
13 1 532
13 1 423
13 1 0
14 1 0
14 1 37
14 1 14
14 1 855
14 1 808
14 1 512
14 1 397
14 1 212
14 1 0
15 1 0
15 1 0
16 1 0
16 1 0
17 2 0
17 2 154
17 2 0
17 2 0
17 2 124
17 2 919
17 2 799
17 2 148
17 2 0
18 2 0
18 2 462
18 2 813
18 2 478
18 2 570
18 2 0
18 2 0
18 2 591
18 2 504
18 2 0
19 1 0
19 1 947
19 1 602
19 1 284
19 1 171
19 1 742
19 1 0
20 2 0
20 2 391
20 2 544
20 2 798
20 2 380
20 2 205
20 2 114
20 2 0
21 1 0
21 1 763
21 1 899
21 1 826
21 1 922
21 1 531
21 1 217
21 1 0
21 1 0
21 1 283
21 1 590
21 1 0
22 2 0
22 2 710
22 2 440
22 2 216
22 2 650
22 2 95
22 2 323
22 2 178
22 2 0
23 2 0
23 2 8
23 2 561
23 2 535
23 2 0
24 2 0
24 2 841
24 2 543
24 2 101
24 2 783
24 2 470
24 2 106
24 2 815
24 2 360
24 2 0
25 1 0
25 1 400
25 1 682
25 1 831
25 1 939
25 1 0
25 1 0
25 1 975
25 1 810
25 1 276
25 1 0
25 1 0
25 1 0
26 2 0
26 2 565
26 2 871
26 2 850
26 2 58
26 2 237
26 2 0
26 2 0
26 2 714
26 2 248
26 2 0
27 1 0
27 1 428
27 1 820
27 1 54
27 1 732
27 1 600
27 1 0
27 1 0
27 1 0
28 1 0
28 1 489
28 1 741
28 1 107
28 1 0
29 2 0
29 2 64
29 2 304
29 2 641
29 2 477
29 2 897
29 2 0
30 1 0
30 1 291
30 1 7
30 1 437
30 1 992
30 1 923
30 1 0
30 1 0
30 1 0
31 1 0
31 1 473
31 1 738
31 1 609
31 1 863
31 1 0
31 1 0
31 1 352
31 1 967
31 1 0
32 2 0
32 2 128
32 2 925
32 2 9
32 2 721
32 2 678
32 2 508
32 2 0
33 1 0
33 1 866
33 1 17
33 1 418
33 1 292
33 1 208
33 1 38
33 1 0
34 1 0
34 1 846
34 1 335
34 1 807
34 1 0
35 2 0
35 2 816
35 2 113
35 2 910
35 2 524
35 2 63
35 2 279
35 2 99
35 2 550
35 2 784
35 2 964
35 2 0
36 2 0
36 2 158
36 2 541
36 2 36
36 2 264
36 2 204
36 2 563
36 2 940
36 2 314
36 2 0
36 2 0
36 2 0
37 2 0
37 2 868
37 2 603
37 2 796
37 2 608
37 2 513
37 2 906
37 2 545
37 2 0
37 2 0
37 2 0
38 1 0
38 1 389
38 1 580
38 1 538
38 1 446
38 1 495
38 1 949
38 1 692
38 1 852
38 1 0
39 1 0
39 1 338
39 1 759
39 1 806
39 1 345
39 1 880
39 1 136
39 1 0
40 2 0
40 2 907
40 2 349
40 2 472
40 2 0
40 2 0
40 2 293
40 2 0
41 1 0
41 1 529
41 1 969
41 1 803
41 1 66
41 1 516
41 1 0
41 1 0
41 1 0
42 1 0
42 1 606
42 1 955
42 1 542
42 1 707
42 1 246
42 1 40
42 1 2
42 1 990
42 1 223
42 1 0
42 1 0
42 1 0
43 1 0
43 1 153
43 1 394
43 1 666
43 1 441
43 1 207
43 1 168
43 1 0
43 1 0
43 1 269
43 1 0
44 1 0
44 1 715
44 1 511
44 1 902
44 1 425
44 1 776
44 1 0
45 2 0
45 2 232
45 2 676
45 2 44
45 2 661
45 2 0
46 1 0
46 1 133
46 1 436
46 1 970
46 1 0
46 1 0
46 1 0
47 1 0
47 1 791
47 1 945
47 1 259
47 1 191
47 1 125
47 1 0
48 2 0
48 2 785
48 2 455
48 2 74
48 2 724
48 2 0
49 1 0
49 1 837
49 1 909
49 1 0
50 2 0
50 2 677
50 2 41
50 2 0
51 2 0
51 2 163
51 2 679
51 2 0
52 1 0
52 1 456
52 1 102
52 1 610
52 1 574
52 1 419
52 1 621
52 1 0
52 1 0
52 1 0
53 2 0
53 2 255
53 2 647
53 2 611
53 2 980
53 2 86
53 2 0
54 1 0
54 1 921
54 1 351
54 1 0
54 1 0
54 1 130
54 1 576
54 1 0
55 1 0
55 1 45
55 1 809
55 1 430
55 1 328
55 1 396
55 1 977
55 1 844
55 1 873
55 1 694
55 1 200
55 1 0
55 1 0
56 1 0
56 1 336
56 1 369
56 1 854
56 1 0
56 1 0
56 1 435
56 1 835
56 1 0
57 2 0
57 2 817
57 2 157
57 2 199
57 2 324
57 2 648
57 2 290
57 2 0
57 2 0
57 2 0
58 2 0
58 2 518
58 2 497
58 2 404
58 2 247
58 2 0
58 2 0
58 2 94
58 2 885
58 2 0
59 1 0
59 1 562
59 1 266
59 1 399
59 1 275
59 1 310
59 1 748
59 1 166
59 1 27
59 1 0
59 1 0
59 1 0
60 1 0
60 1 752
60 1 410
60 1 151
60 1 485
60 1 965
60 1 971
60 1 24
60 1 0
61 1 0
61 1 664
61 1 226
61 1 734
61 1 480
61 1 28
61 1 0
62 2 0
62 2 699
62 2 646
62 2 93
62 2 417
62 2 181
62 2 135
62 2 289
62 2 0
63 1 0
63 1 340
63 1 781
63 1 188
63 1 84
63 1 709
63 1 757
63 1 0
63 1 0
63 1 0
64 1 0
64 1 876
64 1 753
64 1 0
65 1 0
65 1 814
65 1 918
65 1 309
65 1 0
65 1 0
65 1 0
66 1 0
66 1 680
66 1 438
66 1 481
66 1 0
66 1 0
66 1 0
67 1 0
67 1 392
67 1 366
67 1 0
67 1 0
67 1 398
67 1 80
67 1 311
67 1 490
67 1 0
68 1 0
68 1 996
68 1 697
68 1 870
68 1 0
68 1 0
68 1 160
68 1 686
68 1 0
69 2 0
69 2 989
69 2 751
69 2 673
69 2 887
69 2 0
69 2 0
69 2 568
69 2 675
69 2 779
69 2 0
70 1 0
70 1 644
70 1 329
70 1 453
70 1 88
70 1 71
70 1 383
70 1 0
70 1 0
70 1 0
70 1 0
71 2 0
71 2 447
71 2 929
71 2 705
71 2 91
71 2 0
71 2 0
71 2 0
72 2 0
72 2 943
72 2 941
72 2 685
72 2 936
72 2 581
72 2 509
72 2 630
72 2 0
73 2 0
73 2 321
73 2 233
73 2 701
73 2 177
73 2 494
73 2 0
74 1 0
74 1 47
74 1 604
74 1 0
75 1 0
75 1 186
75 1 628
75 1 937
75 1 211
75 1 0
76 1 0
76 1 756
76 1 134
76 1 420
76 1 175
76 1 376
76 1 601
76 1 140
76 1 515
76 1 0
76 1 0
76 1 0
76 1 0
77 1 0
77 1 150
77 1 944
77 1 669
77 1 857
77 1 0
78 2 0
78 2 794
78 2 874
78 2 828
78 2 0
78 2 0
78 2 43
78 2 11
78 2 434
78 2 0
79 2 0
79 2 193
79 2 426
79 2 0
79 2 0
79 2 718
79 2 0
79 2 0
79 2 0
80 1 0
80 1 411
80 1 642
80 1 908
80 1 245
80 1 414
80 1 789
80 1 0
80 1 0
81 2 0
81 2 930
81 2 771
81 2 492
81 2 413
81 2 479
81 2 0
82 2 0
82 2 934
82 2 991
82 2 578
82 2 365
82 2 0
82 2 0
82 2 960
82 2 0
83 1 0
83 1 564
83 1 695
83 1 0
84 1 0
84 1 273
84 1 429
84 1 30
84 1 735
84 1 484
84 1 172
84 1 761
84 1 0
84 1 0
84 1 0
84 1 0
85 1 0
85 1 18
85 1 341
85 1 891
85 1 0
85 1 0
85 1 861
85 1 457
85 1 119
85 1 0
86 1 0
86 1 840
86 1 0
87 2 0
87 2 183
87 2 393
87 2 536
87 2 0
88 2 0
88 2 973
88 2 118
88 2 672
88 2 0
88 2 0
88 2 0
89 1 0
89 1 85
89 1 800
89 1 493
89 1 778
89 1 881
89 1 298
89 1 0
89 1 0
89 1 0
90 2 0
90 2 640
90 2 79
90 2 586
90 2 668
90 2 0
91 2 0
91 2 777
91 2 665
91 2 554
91 2 624
91 2 904
91 2 812
91 2 0
91 2 0
91 2 0
92 1 0
92 1 81
92 1 272
92 1 0
92 1 0
92 1 557
92 1 287
92 1 0
92 1 0
92 1 0
93 1 0
93 1 334
93 1 938
93 1 755
93 1 997
93 1 97
93 1 0
93 1 0
93 1 330
93 1 847
93 1 0
93 1 0
93 1 0
94 2 0
94 2 999
94 2 719
94 2 622
94 2 573
94 2 883
94 2 942
94 2 994
94 2 824
94 2 265
94 2 0
94 2 0
94 2 0
94 2 0
95 2 0
95 2 167
95 2 782
95 2 764
95 2 819
95 2 0
95 2 0
95 2 948
95 2 0
96 2 0
96 2 797
96 2 988
96 2 805
96 2 466
96 2 595
96 2 758
96 2 587
96 2 0
97 2 0
97 2 59
97 2 173
97 2 848
97 2 838
97 2 342
97 2 607
97 2 0
98 1 0
98 1 282
98 1 126
98 1 730
98 1 0
98 1 0
98 1 471
98 1 0
99 1 0
99 1 31
99 1 25
99 1 894
99 1 582
99 1 726
99 1 83
99 1 0
99 1 0
99 1 0
99 1 0
100 1 0
100 1 663
100 1 15
100 1 432
100 1 0
101 2 0
101 2 656
101 2 727
101 2 0
101 2 0
101 2 0
102 1 0
102 1 746
102 1 849
102 1 385
102 1 190
102 1 0
103 1 0
103 1 23
103 1 0
104 1 0
104 1 655
104 1 712
104 1 0
104 1 0
104 1 218
104 1 339
104 1 928
104 1 0
104 1 0
105 2 0
105 2 496
105 2 301
105 2 127
105 2 626
105 2 0
105 2 0
105 2 0
106 1 0
106 1 458
106 1 534
106 1 792
106 1 332
106 1 613
106 1 0
106 1 0
106 1 0
106 1 0
107 1 0
107 1 0
108 1 0
108 1 0
109 1 0
109 1 0
110 1 0
110 1 0
111 1 0
111 1 0
112 1 0
112 1 0
113 2 0
113 2 657
113 2 0
113 2 0
113 2 951
113 2 659
113 2 750
113 2 898
113 2 182
113 2 0
114 2 0
114 2 877
114 2 0
115 1 0
115 1 830
115 1 596
115 1 683
115 1 0
115 1 0
115 1 662
115 1 558
115 1 983
115 1 0
116 2 0
116 2 149
116 2 142
116 2 634
116 2 825
116 2 387
116 2 0
116 2 0
116 2 546
116 2 0
117 2 0
117 2 660
117 2 402
117 2 370
117 2 636
117 2 993
117 2 0
117 2 0
117 2 0
118 2 0
118 2 294
118 2 950
118 2 467
118 2 465
118 2 842
118 2 0
119 1 0
119 1 78
119 1 627
119 1 221
119 1 0
120 1 0
120 1 10
120 1 82
120 1 0
120 1 0
120 1 0
121 1 0
121 1 445
121 1 920
121 1 638
121 1 0
121 1 0
121 1 0
122 1 0
122 1 214
122 1 0
122 1 0
122 1 530
122 1 165
122 1 0
123 2 0
123 2 251
123 2 927
123 2 318
123 2 346
123 2 461
123 2 90
123 2 0
124 1 0
124 1 703
124 1 144
124 1 53
124 1 619
124 1 895
124 1 0
124 1 0
124 1 0
124 1 0
125 2 0
125 2 720
125 2 502
125 2 0
126 1 0
126 1 313
126 1 903
126 1 0
126 1 0
126 1 976
126 1 875
126 1 706
126 1 588
126 1 0
126 1 0
126 1 0
126 1 0
127 1 0
127 1 109
127 1 853
127 1 566
127 1 0
127 1 0
127 1 367
127 1 412
127 1 0
128 1 0
128 1 998
128 1 559
128 1 555
128 1 34
128 1 116
128 1 526
128 1 0
128 1 0
129 1 0
129 1 296
129 1 0
129 1 0
129 1 571
129 1 406
129 1 202
129 1 0
130 1 0
130 1 862
130 1 744
130 1 145
130 1 839
130 1 60
130 1 6
130 1 89
130 1 0
130 1 0
131 2 0
131 2 271
131 2 827
131 2 156
131 2 728
131 2 823
131 2 0
131 2 0
131 2 0
132 1 0
132 1 364
132 1 743
132 1 860
132 1 236
132 1 104
132 1 0
132 1 0
132 1 0
132 1 0
133 1 0
133 1 407
133 1 832
133 1 253
133 1 651
133 1 834
133 1 0
133 1 0
133 1 0
133 1 0
134 2 0
134 2 818
134 2 222
134 2 0
134 2 0
134 2 0
135 2 0
135 2 523
135 2 348
135 2 1000
135 2 69
135 2 68
135 2 0
136 2 0
136 2 488
136 2 320
136 2 725
136 2 0
136 2 0
136 2 505
136 2 503
136 2 0
137 1 0
137 1 42
137 1 615
137 1 327
137 1 617
137 1 381
137 1 0
137 1 0
138 1 0
138 1 240
138 1 249
138 1 0
138 1 0
138 1 0
138 1 811
138 1 772
138 1 305
138 1 0
139 2 0
139 2 653
139 2 448
139 2 196
139 2 872
139 2 377
139 2 0
139 2 0
139 2 740
139 2 0
140 2 0
140 2 187
140 2 745
140 2 0
140 2 0
140 2 112
140 2 506
140 2 0
141 1 0
141 1 670
141 1 698
141 1 35
141 1 122
141 1 263
141 1 760
141 1 297
141 1 0
141 1 0
141 1 0
141 1 0
142 2 0
142 2 409
142 2 384
142 2 46
142 2 382
142 2 0
143 2 0
143 2 514
143 2 277
143 2 498
143 2 73
143 2 548
143 2 0
144 1 0
144 1 917
144 1 32
144 1 912
144 1 0
144 1 0
145 2 0
145 2 722
145 2 98
145 2 986
145 2 0
145 2 0
145 2 995
145 2 786
145 2 451
145 2 55
145 2 0
146 1 0
146 1 982
146 1 368
146 1 123
146 1 579
146 1 984
146 1 0
146 1 0
146 1 0
146 1 0
147 1 0
147 1 374
147 1 788
147 1 522
147 1 0
147 1 0
147 1 0
147 1 765
147 1 0
148 2 0
148 2 22
148 2 316
148 2 978
148 2 972
148 2 325
148 2 5
148 2 569
148 2 0
148 2 0
148 2 0
148 2 0
149 2 0
149 2 773
149 2 464
149 2 635
149 2 632
149 2 737
149 2 0
149 2 0
149 2 0
150 2 0
150 2 690
150 2 916
150 2 56
150 2 162
150 2 633
150 2 829
150 2 795
150 2 295
150 2 845
150 2 0
150 2 0
151 1 0
151 1 681
151 1 598
151 1 326
151 1 373
151 1 0
151 1 0
151 1 0
151 1 0
152 1 0
152 1 913
152 1 0
152 1 0
152 1 0
153 2 0
153 2 449
153 2 460
153 2 893
153 2 597
153 2 549
153 2 286
153 2 486
153 2 915
153 2 252
153 2 241
153 2 0
153 2 0
154 2 0
154 2 372
154 2 882
154 2 0
155 1 0
155 1 450
155 1 303
155 1 959
155 1 308
155 1 49
155 1 704
155 1 415
155 1 0
155 1 0
155 1 0
155 1 0
156 2 0
156 2 357
156 2 713
156 2 0
157 2 0
157 2 317
157 2 0
157 2 0
157 2 0
158 1 0
158 1 914
158 1 256
158 1 905
158 1 890
158 1 858
158 1 0
158 1 0
159 2 0
159 2 243
159 2 884
159 2 867
159 2 0
159 2 0
159 2 195
159 2 0
160 2 0
160 2 625
160 2 224
160 2 238
160 2 966
160 2 859
160 2 491
160 2 299
160 2 0
160 2 0
160 2 0
160 2 0
161 1 0
161 1 201
161 1 209
161 1 75
161 1 0
161 1 0
162 2 0
162 2 184
162 2 194
162 2 747
162 2 674
162 2 517
162 2 0
162 2 0
162 2 0
162 2 87
162 2 0
163 1 0
163 1 733
163 1 244
163 1 567
163 1 528
163 1 0
163 1 0
163 1 0
163 1 0
164 2 0
164 2 331
164 2 556
164 2 979
164 2 499
164 2 0
164 2 0
165 2 0
165 2 643
165 2 0
165 2 0
165 2 176
165 2 267
165 2 0
165 2 0
165 2 0
166 2 0
166 2 137
166 2 131
166 2 268
166 2 0
166 2 0
166 2 0
166 2 33
166 2 0
167 1 0
167 1 198
167 1 416
167 1 507
167 1 900
167 1 433
167 1 0
167 1 0
167 1 0
167 1 0
168 1 0
168 1 981
168 1 723
168 1 210
168 1 667
168 1 0
168 1 0
168 1 0
168 1 0
169 2 0
169 2 924
169 2 649
169 2 878
169 2 378
169 2 280
169 2 0
169 2 0
169 2 0
169 2 0
170 1 0
170 1 618
170 1 0
170 1 0
170 1 155
170 1 0
171 2 0
171 2 684
171 2 120
171 2 197
171 2 21
171 2 139
171 2 260
171 2 219
171 2 0
171 2 0
172 2 0
172 2 482
172 2 72
172 2 901
172 2 96
172 2 242
172 2 146
172 2 0
172 2 0
173 1 0
173 1 333
173 1 552
173 1 864
173 1 375
173 1 0
173 1 0
174 2 0
174 2 362
174 2 639
174 2 386
174 2 0
175 2 0
175 2 61
175 2 631
175 2 946
175 2 353
175 2 361
175 2 427
175 2 0
175 2 0
176 2 0
176 2 322
176 2 0
177 1 0
177 1 103
177 1 215
177 1 691
177 1 306
177 1 962
177 1 0
177 1 0
177 1 0
177 1 76
177 1 0
177 1 0
178 2 0
178 2 770
178 2 422
178 2 687
178 2 892
178 2 138
178 2 0
178 2 0
178 2 0
178 2 0
179 1 0
179 1 129
179 1 227
179 1 347
179 1 225
179 1 0
179 1 0
179 1 0
179 1 29
179 1 0
180 1 0
180 1 117
180 1 623
180 1 100
180 1 585
180 1 879
180 1 836
180 1 0
180 1 0
180 1 0
180 1 0
181 2 0
181 2 953
181 2 174
181 2 355
181 2 278
181 2 787
181 2 65
181 2 431
181 2 0
181 2 0
182 1 0
182 1 379
182 1 159
182 1 671
182 1 105
182 1 228
182 1 443
182 1 0
182 1 0
183 1 0
183 1 711
183 1 560
183 1 0
183 1 0
184 1 0
184 1 483
184 1 52
184 1 343
184 1 285
184 1 0
184 1 0
184 1 0
184 1 961
184 1 629
184 1 0
184 1 0
185 2 0
185 2 115
185 2 821
185 2 452
185 2 926
185 2 696
185 2 3
185 2 599
185 2 0
185 2 0
186 2 0
186 2 768
186 2 575
186 2 804
186 2 0
186 2 0
186 2 0
186 2 169
186 2 0
187 2 0
187 2 403
187 2 931
187 2 851
187 2 363
187 2 110
187 2 0
187 2 0
188 1 0
188 1 20
188 1 132
188 1 444
188 1 147
188 1 0
188 1 0
188 1 0
188 1 0
189 2 0
189 2 206
189 2 519
189 2 121
189 2 896
189 2 547
189 2 0
189 2 0
190 2 0
190 2 203
190 2 234
190 2 405
190 2 239
190 2 620
190 2 0
190 2 0
191 2 0
191 2 261
191 2 769
191 2 533
191 2 963
191 2 736
191 2 315
191 2 888
191 2 0
191 2 0
191 2 0
191 2 0
192 2 0
192 2 258
192 2 62
192 2 390
192 2 0
192 2 0
192 2 0
192 2 152
192 2 0
193 2 0
193 2 111
193 2 933
193 2 1
193 2 637
193 2 766
193 2 0
193 2 0
193 2 0
193 2 0
194 1 0
194 1 312
194 1 302
194 1 833
194 1 658
194 1 0
194 1 0
194 1 0
194 1 0
195 1 0
195 1 16
195 1 388
195 1 262
195 1 350
195 1 0
195 1 0
195 1 0
195 1 0
196 2 0
196 2 592
196 2 729
196 2 337
196 2 583
196 2 537
196 2 300
196 2 13
196 2 0
196 2 0
196 2 0
196 2 0
197 2 0
197 2 358
197 2 968
197 2 731
197 2 0
197 2 0
197 2 0
197 2 0
198 2 0
198 2 70
198 2 67
198 2 48
198 2 270
198 2 584
198 2 371
198 2 0
198 2 0
198 2 0
198 2 0
199 1 0
199 1 739
199 1 774
199 1 889
199 1 0
199 1 0
199 1 0
199 1 0
200 2 0
200 2 213
200 2 775
200 2 421
200 2 935
200 2 762
200 2 0
200 2 0
200 2 0
200 2 0
201 2 0
201 2 487
201 2 594
201 2 551
201 2 395
201 2 0
201 2 0
202 2 0
202 2 344
202 2 702
202 2 572
202 2 0
202 2 0
203 1 0
203 1 952
203 1 0
203 1 0
204 2 0
204 2 822
204 2 0
204 2 0
204 2 0
204 2 0
205 2 0
205 2 589
205 2 39
205 2 359
205 2 235
205 2 957
205 2 869
205 2 0
205 2 0
206 2 0
206 2 886
206 2 500
206 2 987
206 2 192
206 2 469
206 2 527
206 2 0
206 2 0
207 2 0
207 2 614
207 2 231
207 2 0
207 2 0
208 2 0
208 2 688
208 2 179
208 2 958
208 2 51
208 2 708
208 2 0
208 2 0
208 2 0
208 2 0
209 1 0
209 1 143
209 1 985
209 1 50
209 1 0
209 1 0
209 1 0
209 1 439
209 1 0
209 1 0
210 1 0
210 1 185
210 1 780
210 1 0
210 1 0
210 1 0
210 1 521
210 1 77
210 1 274
210 1 0
210 1 0
211 1 0
211 1 956
211 1 474
211 1 0
211 1 19
211 1 0
211 1 0
212 1 0
212 1 540
212 1 424
212 1 0
212 1 108
212 1 12
212 1 0
212 1 0
213 1 0
213 1 26
213 1 0
213 1 0
