total cost: 332885
1 2 0
1 2 553
1 2 288
1 2 767
1 2 0
1 2 0
1 2 307
1 2 793
1 2 0
1 2 0
1 2 141
1 2 0
2 2 0
2 2 220
2 2 802
2 2 577
2 2 254
2 2 749
2 2 0
2 2 0
2 2 180
2 2 257
2 2 932
2 2 0
3 2 0
3 2 616
3 2 161
3 2 652
3 2 0
3 2 0
3 2 0
4 2 0
4 2 954
4 2 654
4 2 520
4 2 0
5 2 0
5 2 463
5 2 539
5 2 459
5 2 693
5 2 454
5 2 0
5 2 0
5 2 790
5 2 0
5 2 0
5 2 0
6 1 0
6 1 408
6 1 801
6 1 754
6 1 593
6 1 475
6 1 510
6 1 356
6 1 0
7 1 0
7 1 645
7 1 865
7 1 189
7 1 442
7 1 92
7 1 0
7 1 0
7 1 612
7 1 0
8 2 0
8 2 605
8 2 974
8 2 401
8 2 229
8 2 0
9 1 0
9 1 57
9 1 281
9 1 843
9 1 170
9 1 689
9 1 525
9 1 476
9 1 0
10 1 0
10 1 856
10 1 4
10 1 501
10 1 250
10 1 911
10 1 468
10 1 700
10 1 0
10 1 0
10 1 230
10 1 0
11 1 0
11 1 354
11 1 0
12 2 0
12 2 319
12 2 716
12 2 0
13 2 0
13 2 164
13 2 717
13 2 532
13 2 423
13 2 0
14 2 0
14 2 37
14 2 14
14 2 855
14 2 808
14 2 512
14 2 397
14 2 212
14 2 0
15 2 0
15 2 154
15 2 0
15 2 0
15 2 124
15 2 919
15 2 799
15 2 148
15 2 0
16 1 0
16 1 462
16 1 813
16 1 478
16 1 0
16 1 0
16 1 591
16 1 504
16 1 0
17 2 0
17 2 947
17 2 602
17 2 284
17 2 171
17 2 742
17 2 0
18 1 0
18 1 391
18 1 544
18 1 798
18 1 380
18 1 0
18 1 0
18 1 535
18 1 0
19 2 0
19 2 763
19 2 899
19 2 826
19 2 922
19 2 531
19 2 217
19 2 470
19 2 783
19 2 477
19 2 114
19 2 0
20 2 0
20 2 710
20 2 440
20 2 216
20 2 650
20 2 95
20 2 323
20 2 178
20 2 0
21 1 0
21 1 283
21 1 714
21 1 0
22 2 0
22 2 8
22 2 304
22 2 205
22 2 0
23 2 0
23 2 590
23 2 269
23 2 0
24 2 0
24 2 841
24 2 7
24 2 101
24 2 543
24 2 437
24 2 992
24 2 923
24 2 436
24 2 0
24 2 0
24 2 0
25 1 0
25 1 570
25 1 975
25 1 759
25 1 0
25 1 0
25 1 0
26 1 0
26 1 400
26 1 831
26 1 0
26 1 0
26 1 561
26 1 0
27 1 0
27 1 565
27 1 871
27 1 850
27 1 58
27 1 36
27 1 264
27 1 810
27 1 276
27 1 0
27 1 0
27 1 0
28 2 0
28 2 428
28 2 820
28 2 54
28 2 732
28 2 600
28 2 0
29 1 0
29 1 489
29 1 741
29 1 107
29 1 0
30 2 0
30 2 64
30 2 967
30 2 678
30 2 508
30 2 0
31 1 0
31 1 682
31 1 237
31 1 338
31 1 939
31 1 0
31 1 0
31 1 352
31 1 0
32 2 0
32 2 291
32 2 542
32 2 707
32 2 246
32 2 40
32 2 360
32 2 990
32 2 223
32 2 0
32 2 0
32 2 0
33 2 0
33 2 473
33 2 738
33 2 609
33 2 863
33 2 349
33 2 0
33 2 0
33 2 641
33 2 0
34 2 0
34 2 866
34 2 9
34 2 721
34 2 0
35 1 0
35 1 128
35 1 925
35 1 715
35 1 902
35 1 418
35 1 84
35 1 885
35 1 398
35 1 208
35 1 0
35 1 0
36 1 0
36 1 846
36 1 335
36 1 807
36 1 0
37 2 0
37 2 816
37 2 113
37 2 910
37 2 524
37 2 63
37 2 279
37 2 99
37 2 293
37 2 0
38 2 0
38 2 868
38 2 603
38 2 796
38 2 608
38 2 513
38 2 906
38 2 545
38 2 0
38 2 0
38 2 0
39 2 0
39 2 389
39 2 580
39 2 538
39 2 446
39 2 495
39 2 949
39 2 692
39 2 852
39 2 0
40 2 0
40 2 907
40 2 666
40 2 232
40 2 676
40 2 969
40 2 803
40 2 66
40 2 516
40 2 0
41 1 0
41 1 158
41 1 541
41 1 204
41 1 563
41 1 964
41 1 940
41 1 314
41 1 0
41 1 0
41 1 0
42 1 0
42 1 17
42 1 511
42 1 425
42 1 776
42 1 668
42 1 0
43 1 0
43 1 529
43 1 472
43 1 785
43 1 0
43 1 0
43 1 0
44 1 0
44 1 441
44 1 934
44 1 207
44 1 168
44 1 71
44 1 661
44 1 0
44 1 0
44 1 0
45 1 0
45 1 606
45 1 955
45 1 45
45 1 806
45 1 897
45 1 345
45 1 880
45 1 0
46 2 0
46 2 106
46 2 93
46 2 259
46 2 181
46 2 191
46 2 125
46 2 0
47 1 0
47 1 153
47 1 394
47 1 453
47 1 88
47 1 0
47 1 0
47 1 550
47 1 784
47 1 86
47 1 0
48 2 0
48 2 133
48 2 664
48 2 752
48 2 0
48 2 0
48 2 0
49 1 0
49 1 791
49 1 945
49 1 0
50 1 0
50 1 677
50 1 41
50 1 136
50 1 200
50 1 0
51 2 0
51 2 837
51 2 909
51 2 0
52 2 0
52 2 248
52 2 0
53 2 0
53 2 163
53 2 679
53 2 0
54 2 0
54 2 815
54 2 29
54 2 0
55 2 0
55 2 456
55 2 102
55 2 351
55 2 921
55 2 0
55 2 0
55 2 130
55 2 576
55 2 0
56 2 0
56 2 336
56 2 369
56 2 854
56 2 426
56 2 0
56 2 0
56 2 435
56 2 835
56 2 0
57 2 0
57 2 817
57 2 157
57 2 199
57 2 324
57 2 648
57 2 290
57 2 0
57 2 0
57 2 0
58 1 0
58 1 518
58 1 497
58 1 404
58 1 642
58 1 0
58 1 0
58 1 255
58 1 980
58 1 74
58 1 724
58 1 0
59 2 0
59 2 562
59 2 266
59 2 399
59 2 680
59 2 873
59 2 844
59 2 438
59 2 0
60 2 0
60 2 611
60 2 647
60 2 455
60 2 0
60 2 0
60 2 0
61 2 0
61 2 809
61 2 430
61 2 334
61 2 938
61 2 755
61 2 800
61 2 778
61 2 881
61 2 0
61 2 0
61 2 0
62 1 0
62 1 292
62 1 38
62 1 0
62 1 0
62 1 0
63 2 0
63 2 699
63 2 646
63 2 392
63 2 30
63 2 628
63 2 937
63 2 289
63 2 135
63 2 0
63 2 0
63 2 0
64 2 0
64 2 340
64 2 781
64 2 188
64 2 709
64 2 757
64 2 0
64 2 0
64 2 0
65 1 0
65 1 876
65 1 753
65 1 929
65 1 0
66 2 0
66 2 814
66 2 977
66 2 396
66 2 685
66 2 936
66 2 581
66 2 434
66 2 27
66 2 0
67 1 0
67 1 989
67 1 751
67 1 673
67 1 485
67 1 0
67 1 0
67 1 94
67 1 80
67 1 0
68 1 0
68 1 996
68 1 870
68 1 797
68 1 81
68 1 0
68 1 0
68 1 160
68 1 0
69 1 0
69 1 970
69 1 0
70 2 0
70 2 644
70 2 329
70 2 991
70 2 578
70 2 0
70 2 0
70 2 166
70 2 11
70 2 0
71 1 0
71 1 275
71 1 310
71 1 973
71 1 0
71 1 0
71 1 47
71 1 0
72 1 0
72 1 447
72 1 840
72 1 0
72 1 0
72 1 43
72 1 0
73 2 0
73 2 410
73 2 943
73 2 18
73 2 887
73 2 118
73 2 656
73 2 630
73 2 509
73 2 0
74 2 0
74 2 686
74 2 321
74 2 701
74 2 183
74 2 490
74 2 471
74 2 0
74 2 0
74 2 0
75 1 0
75 1 233
75 1 134
75 1 175
75 1 420
75 1 376
75 1 601
75 1 140
75 1 515
75 1 0
75 1 0
75 1 0
75 1 0
76 2 0
76 2 151
76 2 971
76 2 965
76 2 734
76 2 480
76 2 28
76 2 0
77 1 0
77 1 748
77 1 481
77 1 0
78 2 0
78 2 186
78 2 735
78 2 172
78 2 761
78 2 595
78 2 758
78 2 587
78 2 0
79 1 0
79 1 756
79 1 794
79 1 874
79 1 655
79 1 0
79 1 0
79 1 694
79 1 0
80 2 0
80 2 193
80 2 173
80 2 848
80 2 838
80 2 342
80 2 607
80 2 0
81 2 0
81 2 328
81 2 771
81 2 492
81 2 413
81 2 479
81 2 0
82 2 0
82 2 150
82 2 944
82 2 669
82 2 857
82 2 0
83 1 0
83 1 226
83 1 457
83 1 24
83 1 960
83 1 0
84 1 0
84 1 411
84 1 574
84 1 419
84 1 976
84 1 0
84 1 0
84 1 0
85 1 0
85 1 610
85 1 894
85 1 25
85 1 582
85 1 726
85 1 83
85 1 0
85 1 0
85 1 0
85 1 0
86 2 0
86 2 417
86 2 918
86 2 309
86 2 0
86 2 0
86 2 0
87 1 0
87 1 930
87 1 941
87 1 891
87 1 571
87 1 672
87 1 0
87 1 0
87 1 0
88 2 0
88 2 564
88 2 365
88 2 705
88 2 91
88 2 0
88 2 0
88 2 0
89 1 0
89 1 273
89 1 746
89 1 660
89 1 558
89 1 983
89 1 706
89 1 0
89 1 0
90 1 0
90 1 177
90 1 663
90 1 79
90 1 586
90 1 0
90 1 0
90 1 0
91 1 0
91 1 0
92 2 0
92 2 718
92 2 0
92 2 0
92 2 0
93 1 0
93 1 604
93 1 383
93 1 44
93 1 0
94 2 0
94 2 861
94 2 393
94 2 536
94 2 0
95 1 0
95 1 568
95 1 675
95 1 779
95 1 0
95 1 0
95 1 0
96 1 0
96 1 557
96 1 494
96 1 311
96 1 0
96 1 0
96 1 0
97 1 0
97 1 697
97 1 272
97 1 0
97 1 0
97 1 85
97 1 97
97 1 842
97 1 298
97 1 0
98 2 0
98 2 640
98 2 777
98 2 998
98 2 554
98 2 624
98 2 904
98 2 0
98 2 0
98 2 0
99 2 0
99 2 695
99 2 657
99 2 0
99 2 0
99 2 330
99 2 847
99 2 287
99 2 0
99 2 0
99 2 0
100 2 0
100 2 167
100 2 782
100 2 997
100 2 493
100 2 465
100 2 0
101 1 0
101 1 999
101 1 719
101 1 622
101 1 573
101 1 883
101 1 942
101 1 994
101 1 119
101 1 0
101 1 0
102 2 0
102 2 366
102 2 805
102 2 466
102 2 211
102 2 948
102 2 0
103 1 0
103 1 429
103 1 988
103 1 927
103 1 318
103 1 0
103 1 0
103 1 877
103 1 0
104 1 0
104 1 31
104 1 849
104 1 832
104 1 190
104 1 621
104 1 0
104 1 0
104 1 0
104 1 0
105 1 0
105 1 282
105 1 819
105 1 0
105 1 0
105 1 33
105 1 0
106 1 0
106 1 764
106 1 294
106 1 82
106 1 0
106 1 0
106 1 0
107 2 0
107 2 341
107 2 730
107 2 0
107 2 0
107 2 662
107 2 112
107 2 0
108 2 0
108 2 247
108 2 908
108 2 144
108 2 951
108 2 659
108 2 750
108 2 898
108 2 0
108 2 0
108 2 0
109 1 0
109 1 59
109 1 627
109 1 23
109 1 546
109 1 182
109 1 789
109 1 0
109 1 0
110 2 0
110 2 458
110 2 534
110 2 792
110 2 332
110 2 613
110 2 995
110 2 0
110 2 0
110 2 0
111 1 0
111 1 830
111 1 126
111 1 683
111 1 0
111 1 0
111 1 496
111 1 301
111 1 0
112 1 0
112 1 149
112 1 142
112 1 634
112 1 825
112 1 387
112 1 0
112 1 0
112 1 0
112 1 530
112 1 0
113 2 0
113 2 484
113 2 0
114 2 0
114 2 78
114 2 414
114 2 245
114 2 53
114 2 619
114 2 895
114 2 0
114 2 0
114 2 0
114 2 0
115 1 0
115 1 445
115 1 920
115 1 638
115 1 0
115 1 0
115 1 0
116 2 0
116 2 665
116 2 559
116 2 555
116 2 432
116 2 34
116 2 339
116 2 526
116 2 928
116 2 0
116 2 0
117 2 0
117 2 218
117 2 812
117 2 0
118 1 0
118 1 214
118 1 0
118 1 0
118 1 10
118 1 727
118 1 0
118 1 0
118 1 0
119 2 0
119 2 251
119 2 720
119 2 346
119 2 461
119 2 90
119 2 0
120 2 0
120 2 950
120 2 596
120 2 467
120 2 382
120 2 46
120 2 104
120 2 0
121 1 0
121 1 828
121 1 0
121 1 0
121 1 265
121 1 0
121 1 0
121 1 0
122 2 0
122 2 712
122 2 653
122 2 448
122 2 681
122 2 0
122 2 0
122 2 2
122 2 0
123 2 0
123 2 313
123 2 903
123 2 0
123 2 0
123 2 367
123 2 824
123 2 0
123 2 0
123 2 0
124 1 0
124 1 109
124 1 853
124 1 566
124 1 0
124 1 0
124 1 818
124 1 222
124 1 0
124 1 0
124 1 0
125 1 0
125 1 703
125 1 407
125 1 505
125 1 0
125 1 0
126 2 0
126 2 862
126 2 296
126 2 145
126 2 0
126 2 0
126 2 221
126 2 0
127 1 0
127 1 502
127 1 986
127 1 98
127 1 0
127 1 0
127 1 0
127 1 202
127 1 0
128 2 0
128 2 364
128 2 743
128 2 860
128 2 723
128 2 236
128 2 912
128 2 0
129 2 0
129 2 488
129 2 320
129 2 187
129 2 725
129 2 0
129 2 0
129 2 165
129 2 305
129 2 0
130 1 0
130 1 42
130 1 615
130 1 327
130 1 617
130 1 381
130 1 0
130 1 0
131 1 0
131 1 385
131 1 122
131 1 905
131 1 890
131 1 845
131 1 295
131 1 0
131 1 0
132 2 0
132 2 271
132 2 827
132 2 156
132 2 728
132 2 823
132 2 0
132 2 0
132 2 0
133 1 0
133 1 240
133 1 249
133 1 0
133 1 0
133 1 0
133 1 406
133 1 0
134 2 0
134 2 32
134 2 839
134 2 6
134 2 89
134 2 0
135 1 0
135 1 875
135 1 506
135 1 993
135 1 0
135 1 0
135 1 0
135 1 0
136 2 0
136 2 670
136 2 698
136 2 35
136 2 253
136 2 760
136 2 651
136 2 0
136 2 0
137 1 0
137 1 409
137 1 384
137 1 362
137 1 0
137 1 0
138 1 0
138 1 523
138 1 348
138 1 1000
138 1 69
138 1 68
138 1 0
138 1 0
139 1 0
139 1 744
139 1 625
139 1 981
139 1 72
139 1 308
139 1 105
139 1 961
139 1 0
139 1 0
140 2 0
140 2 15
140 2 116
140 2 0
141 2 0
141 2 514
141 2 498
141 2 357
141 2 73
141 2 548
141 2 503
141 2 740
141 2 0
141 2 0
141 2 0
141 2 0
142 1 0
142 1 402
142 1 636
142 1 733
142 1 464
142 1 415
142 1 0
142 1 0
142 1 0
142 1 0
143 1 0
143 1 917
143 1 60
143 1 0
144 2 0
144 2 772
144 2 373
144 2 317
144 2 0
145 2 0
145 2 722
145 2 773
145 2 370
145 2 635
145 2 632
145 2 737
145 2 0
145 2 0
145 2 0
145 2 0
146 1 0
146 1 127
146 1 626
146 1 0
146 1 0
146 1 0
147 1 0
147 1 982
147 1 368
147 1 123
147 1 834
147 1 263
147 1 0
147 1 0
147 1 0
147 1 412
147 1 0
148 2 0
148 2 374
148 2 788
148 2 522
148 2 872
148 2 377
148 2 0
148 2 0
148 2 811
148 2 0
149 2 0
149 2 277
149 2 916
149 2 56
149 2 162
149 2 633
149 2 984
149 2 579
149 2 829
149 2 0
149 2 0
150 1 0
150 1 690
150 1 914
150 1 713
150 1 795
150 1 0
150 1 0
151 2 0
151 2 22
151 2 316
151 2 978
151 2 972
151 2 325
151 2 5
151 2 569
151 2 0
151 2 0
152 2 0
152 2 786
152 2 0
152 2 0
152 2 0
153 2 0
153 2 913
153 2 0
154 2 0
154 2 449
154 2 460
154 2 0
154 2 0
154 2 765
154 2 0
155 1 0
155 1 450
155 1 303
155 1 959
155 1 671
155 1 209
155 1 49
155 1 386
155 1 0
155 1 0
156 1 0
156 1 243
156 1 884
156 1 867
156 1 0
156 1 0
156 1 0
156 1 588
156 1 201
156 1 0
157 1 0
157 1 196
157 1 131
157 1 331
157 1 326
157 1 0
157 1 0
157 1 0
157 1 0
158 1 0
158 1 0
159 1 0
159 1 0
160 2 0
160 2 745
160 2 0
160 2 0
160 2 556
160 2 0
161 1 0
161 1 184
161 1 893
161 1 747
161 1 674
161 1 0
161 1 0
161 1 0
161 1 372
161 1 882
161 1 0
161 1 0
162 1 0
162 1 224
162 1 238
162 1 198
162 1 966
162 1 0
162 1 0
162 1 0
162 1 195
162 1 0
163 2 0
163 2 643
163 2 0
163 2 0
163 2 598
163 2 979
163 2 499
163 2 0
164 2 0
164 2 137
164 2 176
164 2 268
164 2 0
164 2 0
164 2 451
164 2 252
164 2 915
164 2 0
165 2 0
165 2 859
165 2 924
165 2 597
165 2 517
165 2 486
165 2 286
165 2 552
165 2 241
165 2 55
165 2 87
165 2 0
165 2 0
165 2 0
165 2 0
166 2 0
166 2 684
166 2 120
166 2 618
166 2 549
166 2 0
166 2 0
166 2 0
166 2 0
167 2 0
167 2 416
167 2 507
167 2 900
167 2 649
167 2 491
167 2 433
167 2 242
167 2 146
167 2 0
167 2 0
168 1 0
168 1 482
168 1 379
168 1 768
168 1 159
168 1 629
168 1 952
168 1 0
168 1 0
168 1 0
168 1 0
169 1 0
169 1 194
169 1 623
169 1 117
169 1 878
169 1 378
169 1 280
169 1 0
169 1 0
169 1 0
169 1 0
170 2 0
170 2 267
170 2 197
170 2 0
170 2 0
171 1 0
171 1 210
171 1 667
171 1 96
171 1 76
171 1 75
171 1 0
171 1 0
172 1 0
172 1 333
172 1 155
172 1 152
172 1 0
172 1 0
173 2 0
173 2 61
173 2 528
173 2 244
173 2 567
173 2 361
173 2 353
173 2 443
173 2 0
173 2 0
173 2 0
173 2 0
174 1 0
174 1 103
174 1 946
174 1 631
174 1 427
174 1 963
174 1 344
174 1 0
174 1 0
174 1 0
174 1 0
175 1 0
175 1 100
175 1 227
175 1 299
175 1 169
175 1 0
175 1 0
176 1 0
176 1 770
176 1 422
176 1 0
176 1 0
176 1 0
176 1 704
176 1 639
176 1 0
176 1 0
177 1 0
177 1 129
177 1 203
177 1 347
177 1 225
177 1 358
177 1 696
177 1 0
177 1 0
177 1 0
177 1 0
178 1 0
178 1 953
178 1 20
178 1 691
178 1 306
178 1 962
178 1 0
178 1 0
178 1 0
178 1 0
179 2 0
179 2 256
179 2 215
179 2 174
179 2 278
179 2 787
179 2 65
179 2 431
179 2 0
179 2 0
180 2 0
180 2 901
180 2 206
180 2 585
180 2 879
180 2 836
180 2 3
180 2 0
180 2 0
181 1 0
181 1 711
181 1 858
181 1 0
181 1 0
182 1 0
182 1 483
182 1 343
182 1 452
182 1 285
182 1 0
182 1 0
182 1 0
182 1 0
183 1 0
183 1 52
183 1 258
183 1 926
183 1 0
183 1 0
183 1 0
183 1 322
183 1 0
183 1 0
184 2 0
184 2 115
184 2 821
184 2 592
184 2 121
184 2 519
184 2 896
184 2 547
184 2 231
184 2 0
184 2 0
185 1 0
185 1 403
185 1 21
185 1 851
185 1 931
185 1 363
185 1 0
185 1 0
185 1 0
185 1 0
186 2 0
186 2 261
186 2 769
186 2 533
186 2 228
186 2 350
186 2 0
186 2 0
186 2 0
186 2 0
187 2 0
187 2 599
187 2 375
187 2 892
187 2 138
187 2 0
187 2 0
188 2 0
188 2 111
188 2 933
188 2 0
188 2 0
188 2 0
188 2 560
188 2 739
188 2 0
188 2 0
189 1 0
189 1 312
189 1 70
189 1 302
189 1 687
189 1 614
189 1 0
189 1 0
189 1 0
189 1 0
190 2 0
190 2 16
190 2 388
190 2 736
190 2 766
190 2 888
190 2 572
190 2 395
190 2 0
190 2 0
191 2 0
191 2 355
191 2 132
191 2 147
191 2 774
191 2 702
191 2 315
191 2 0
191 2 0
191 2 0
191 2 0
192 1 0
192 1 139
192 1 110
192 1 260
192 1 0
192 1 0
193 2 0
193 2 864
193 2 0
193 2 0
194 1 0
194 1 575
194 1 804
194 1 0
194 1 0
194 1 0
194 1 439
194 1 0
194 1 0
195 1 0
195 1 1
195 1 637
195 1 262
195 1 213
195 1 0
195 1 0
195 1 0
195 1 0
196 1 0
196 1 487
196 1 775
196 1 729
196 1 390
196 1 0
196 1 0
196 1 0
196 1 594
196 1 0
196 1 0
197 2 0
197 2 234
197 2 405
197 2 239
197 2 337
197 2 583
197 2 537
197 2 300
197 2 0
197 2 0
197 2 0
197 2 0
198 2 0
198 2 822
198 2 0
198 2 0
198 2 0
198 2 0
199 2 0
199 2 62
199 2 968
199 2 731
199 2 620
199 2 0
199 2 0
200 2 0
200 2 521
200 2 551
200 2 0
200 2 0
201 2 0
201 2 589
201 2 26
201 2 889
201 2 0
201 2 0
201 2 0
201 2 0
202 1 0
202 1 886
202 1 500
202 1 987
202 1 762
202 1 0
202 1 0
202 1 0
202 1 0
203 1 0
203 1 444
203 1 143
203 1 50
203 1 527
203 1 0
203 1 0
203 1 0
203 1 0
204 2 0
204 2 297
204 2 0
205 2 0
205 2 688
205 2 658
205 2 833
205 2 48
205 2 270
205 2 584
205 2 0
205 2 0
205 2 0
205 2 0
206 2 0
206 2 67
206 2 540
206 2 424
206 2 935
206 2 192
206 2 469
206 2 19
206 2 0
206 2 0
206 2 0
206 2 0
207 1 0
207 1 185
207 1 958
207 1 985
207 1 51
207 1 0
207 1 0
207 1 0
207 1 0
208 2 0
208 2 780
208 2 421
208 2 371
208 2 708
208 2 274
208 2 0
208 2 0
208 2 0
208 2 0
209 2 0
209 2 956
209 2 474
209 2 179
209 2 359
209 2 235
209 2 0
209 2 0
209 2 0
209 2 0
210 1 0
210 1 77
210 1 957
210 1 869
210 1 0
210 1 0
211 1 0
211 1 39
211 1 0
211 1 219
211 1 0
211 1 0
211 1 0
211 1 0
212 1 0
212 1 108
212 1 12
212 1 0
212 1 0
213 1 0
213 1 13
213 1 0
213 1 0
