total cost: 347367
1 2 0
1 2 553
1 2 288
1 2 767
1 2 0
1 2 0
1 2 616
1 2 180
1 2 257
1 2 932
1 2 0
2 1 0
2 1 220
2 1 802
2 1 0
2 1 0
2 1 463
2 1 539
2 1 693
2 1 0
3 1 0
3 1 254
3 1 577
3 1 408
3 1 801
3 1 459
3 1 0
3 1 0
3 1 790
3 1 0
3 1 0
3 1 141
3 1 0
4 1 0
4 1 645
4 1 865
4 1 189
4 1 428
4 1 0
4 1 0
4 1 307
4 1 793
4 1 0
5 1 0
5 1 605
5 1 593
5 1 754
5 1 947
5 1 974
5 1 716
5 1 525
5 1 8
5 1 476
5 1 205
5 1 0
6 1 0
6 1 57
6 1 843
6 1 281
6 1 717
6 1 532
6 1 423
6 1 544
6 1 304
6 1 0
6 1 0
6 1 0
7 1 0
7 1 856
7 1 763
7 1 831
7 1 939
7 1 0
7 1 0
7 1 954
7 1 161
7 1 654
7 1 652
7 1 504
7 1 0
8 1 0
8 1 354
8 1 442
8 1 749
8 1 319
8 1 0
8 1 0
8 1 535
8 1 0
9 2 0
9 2 170
9 2 400
9 2 798
9 2 468
9 2 641
9 2 742
9 2 0
10 2 0
10 2 154
10 2 0
10 2 0
10 2 37
10 2 855
10 2 269
10 2 397
10 2 212
10 2 0
11 1 0
11 1 462
11 1 813
11 1 478
11 1 975
11 1 0
11 1 0
11 1 454
11 1 283
11 1 919
11 1 475
11 1 0
12 1 0
12 1 4
12 1 911
12 1 899
12 1 250
12 1 826
12 1 759
12 1 0
12 1 0
12 1 401
12 1 229
12 1 0
13 1 0
13 1 391
13 1 710
13 1 440
13 1 216
13 1 732
13 1 0
13 1 0
13 1 0
14 2 0
14 2 689
14 2 380
14 2 700
14 2 783
14 2 477
14 2 897
14 2 0
15 1 0
15 1 164
15 1 92
15 1 650
15 1 600
15 1 0
16 2 0
16 2 501
16 2 682
16 2 922
16 2 101
16 2 217
16 2 470
16 2 815
16 2 360
16 2 223
16 2 0
17 2 0
17 2 602
17 2 338
17 2 570
17 2 510
17 2 810
17 2 276
17 2 0
17 2 0
17 2 0
18 1 0
18 1 124
18 1 714
18 1 293
18 1 0
19 2 0
19 2 799
19 2 356
19 2 0
20 1 0
20 1 612
20 1 591
20 1 520
20 1 0
21 1 0
21 1 565
21 1 850
21 1 237
21 1 58
21 1 0
21 1 0
21 1 590
21 1 949
21 1 692
21 1 0
22 1 0
22 1 841
22 1 7
22 1 543
22 1 992
22 1 437
22 1 40
22 1 246
22 1 990
22 1 0
22 1 0
22 1 0
23 2 0
23 2 489
23 2 741
23 2 107
23 2 967
23 2 678
23 2 508
23 2 0
24 1 0
24 1 291
24 1 542
24 1 45
24 1 531
24 1 106
24 1 64
24 1 171
24 1 114
24 1 345
24 1 1037
24 1 0
24 1 1037
24 1 0
25 1 0
25 1 473
25 1 863
25 1 816
25 1 910
25 1 36
25 1 264
25 1 0
25 1 0
25 1 561
25 1 230
25 1 807
25 1 0
26 1 0
26 1 128
26 1 925
26 1 9
26 1 324
26 1 0
26 1 0
26 1 63
26 1 0
27 1 0
27 1 866
27 1 817
27 1 157
27 1 485
27 1 0
27 1 0
27 1 352
27 1 0
28 1 0
28 1 820
28 1 715
28 1 902
28 1 418
28 1 84
28 1 709
28 1 323
28 1 208
28 1 0
28 1 0
28 1 0
28 1 0
29 1 0
29 1 158
29 1 871
29 1 204
29 1 563
29 1 964
29 1 0
29 1 0
29 1 148
29 1 0
30 2 0
30 2 868
30 2 738
30 2 609
30 2 349
30 2 0
30 2 0
30 2 99
30 2 785
30 2 472
30 2 0
30 2 0
30 2 0
31 2 0
31 2 113
31 2 456
31 2 102
31 2 351
31 2 921
31 2 0
31 2 0
31 2 248
31 2 0
32 2 0
32 2 389
32 2 538
32 2 446
32 2 580
32 2 232
32 2 808
32 2 495
32 2 852
32 2 0
33 2 0
33 2 907
33 2 796
33 2 608
33 2 335
33 2 524
33 2 0
33 2 0
33 2 0
34 1 0
34 1 54
34 1 17
34 1 721
34 1 664
34 1 752
34 1 0
34 1 0
34 1 0
35 1 0
35 1 529
35 1 603
35 1 644
35 1 447
35 1 0
35 1 0
35 1 550
35 1 314
35 1 784
35 1 86
35 1 0
35 1 0
35 1 0
36 1 0
36 1 606
36 1 955
36 1 562
36 1 266
36 1 399
36 1 680
36 1 396
36 1 685
36 1 0
36 1 0
36 1 0
37 1 0
37 1 153
37 1 394
37 1 329
37 1 934
37 1 207
37 1 168
37 1 0
37 1 0
37 1 0
38 1 0
38 1 666
38 1 441
38 1 14
38 1 676
38 1 71
38 1 383
38 1 545
38 1 0
38 1 0
38 1 0
38 1 0
39 2 0
39 2 541
39 2 284
39 2 806
39 2 93
39 2 945
39 2 880
39 2 259
39 2 191
39 2 0
39 2 0
39 2 0
40 1 0
40 1 846
40 1 193
40 1 0
40 1 0
40 1 837
40 1 0
41 1 0
41 1 133
41 1 707
41 1 970
41 1 0
41 1 0
41 1 0
42 2 0
42 2 279
42 2 611
42 2 647
42 2 255
42 2 940
42 2 125
42 2 0
43 1 0
43 1 336
43 1 369
43 1 854
43 1 0
43 1 0
43 1 923
43 1 436
43 1 11
43 1 434
43 1 0
43 1 0
43 1 0
44 1 0
44 1 435
44 1 686
44 1 160
44 1 0
44 1 0
44 1 512
44 1 0
45 1 0
45 1 791
45 1 677
45 1 136
45 1 918
45 1 0
46 1 0
46 1 518
46 1 497
46 1 610
46 1 574
46 1 419
46 1 150
46 1 621
46 1 0
46 1 0
46 1 0
46 1 0
47 2 0
47 2 513
47 2 969
47 2 44
47 2 516
47 2 0
48 1 0
48 1 455
48 1 724
48 1 0
49 1 0
49 1 909
49 1 971
49 1 965
49 1 734
49 1 0
50 1 0
50 1 679
50 1 753
50 1 838
50 1 0
51 1 0
51 1 178
51 1 38
51 1 668
51 1 776
51 1 0
52 1 0
52 1 980
52 1 289
52 1 675
52 1 0
52 1 0
52 1 0
53 1 0
53 1 906
53 1 929
53 1 0
54 2 0
54 2 199
54 2 751
54 2 393
54 2 861
54 2 648
54 2 0
54 2 0
54 2 200
54 2 0
55 2 0
55 2 41
55 2 417
55 2 779
55 2 0
55 2 0
55 2 0
56 1 0
56 1 809
56 1 930
56 1 771
56 1 492
56 1 413
56 1 0
56 1 0
56 1 576
56 1 0
57 1 0
57 1 699
57 1 996
57 1 870
57 1 0
57 1 0
57 1 292
57 1 0
57 1 0
57 1 398
57 1 0
58 2 0
58 2 646
58 2 334
58 2 938
58 2 755
58 2 997
58 2 0
58 2 0
58 2 876
58 2 0
59 1 0
59 1 340
59 1 781
59 1 188
59 1 0
59 1 0
59 1 290
59 1 0
59 1 0
59 1 0
60 2 0
60 2 392
60 2 366
60 2 272
60 2 0
60 2 0
60 2 163
60 2 604
60 2 0
61 1 0
61 1 989
61 1 233
61 1 134
61 1 175
61 1 0
61 1 0
61 1 873
61 1 844
61 1 581
61 1 509
61 1 0
62 1 0
62 1 814
62 1 430
62 1 977
62 1 438
62 1 936
62 1 630
62 1 0
62 1 0
62 1 0
63 1 0
63 1 275
63 1 410
63 1 973
63 1 0
63 1 0
63 1 166
63 1 27
63 1 0
64 1 0
64 1 151
64 1 118
64 1 656
64 1 672
64 1 0
64 1 0
64 1 0
65 1 0
65 1 181
65 1 937
65 1 211
65 1 761
65 1 0
66 2 0
66 2 885
66 2 95
66 2 0
67 2 0
67 2 673
67 2 887
67 2 891
67 2 730
67 2 0
67 2 0
67 2 568
67 2 309
67 2 298
67 2 0
68 1 0
68 1 943
68 1 941
68 1 341
68 1 571
68 1 0
68 1 0
68 1 694
68 1 481
68 1 0
69 1 0
69 1 511
69 1 777
69 1 663
69 1 0
69 1 0
69 1 835
69 1 490
69 1 471
69 1 0
70 2 0
70 2 321
70 2 655
70 2 0
70 2 0
70 2 748
70 2 479
70 2 265
70 2 0
70 2 0
70 2 0
71 1 0
71 1 756
71 1 794
71 1 458
71 1 622
71 1 187
71 1 0
71 1 0
71 1 0
71 1 74
71 1 0
72 1 0
72 1 310
72 1 126
72 1 819
72 1 0
72 1 0
72 1 183
72 1 80
72 1 494
72 1 311
72 1 0
72 1 0
72 1 0
73 2 0
73 2 328
73 2 282
73 2 296
73 2 0
73 2 0
73 2 718
73 2 0
73 2 0
73 2 0
74 2 0
74 2 411
74 2 426
74 2 0
74 2 0
74 2 757
74 2 0
75 1 0
75 1 226
75 1 496
75 1 119
75 1 301
75 1 0
76 1 0
76 1 18
76 1 332
76 1 792
76 1 613
76 1 0
76 1 0
76 1 960
76 1 536
76 1 24
76 1 0
77 1 0
77 1 564
77 1 695
77 1 0
78 1 0
78 1 273
78 1 894
78 1 25
78 1 582
78 1 726
78 1 0
78 1 0
78 1 0
78 1 0
79 1 0
79 1 425
79 1 376
79 1 601
79 1 218
79 1 515
79 1 0
79 1 0
79 1 0
79 1 0
80 1 0
80 1 186
80 1 81
80 1 628
80 1 172
80 1 758
80 1 595
80 1 587
80 1 0
80 1 0
81 1 0
81 1 30
81 1 805
81 1 466
81 1 735
81 1 948
81 1 135
81 1 0
82 2 0
82 2 177
82 2 79
82 2 586
82 2 140
82 2 904
82 2 624
82 2 287
82 2 0
82 2 0
82 2 0
82 2 0
83 1 0
83 1 404
83 1 0
83 1 0
83 1 701
83 1 34
83 1 339
83 1 0
83 1 0
83 1 0
84 2 0
84 2 840
84 2 0
84 2 0
84 2 803
84 2 661
84 2 0
84 2 0
84 2 0
85 1 0
85 1 697
85 1 797
85 1 429
85 1 484
85 1 706
85 1 983
85 1 506
85 1 0
85 1 0
85 1 0
85 1 0
86 2 0
86 2 557
86 2 847
86 2 812
86 2 0
87 1 0
87 1 85
87 1 800
87 1 778
87 1 465
87 1 0
87 1 0
87 1 0
88 2 0
88 2 640
88 2 559
88 2 712
88 2 653
88 2 448
88 2 331
88 2 0
88 2 0
88 2 0
88 2 480
88 2 0
89 1 0
89 1 167
89 1 782
89 1 764
89 1 97
89 1 0
89 1 0
89 1 705
89 1 0
90 1 0
90 1 59
90 1 0
91 1 0
91 1 999
91 1 719
91 1 573
91 1 839
91 1 60
91 1 6
91 1 406
91 1 942
91 1 883
91 1 0
91 1 0
91 1 0
91 1 0
92 2 0
92 2 944
92 2 669
92 2 857
92 2 0
93 1 0
93 1 457
93 1 994
93 1 127
93 1 0
94 1 0
94 1 31
94 1 849
94 1 660
94 1 402
94 1 875
94 1 122
94 1 905
94 1 0
94 1 0
94 1 0
94 1 0
95 1 0
95 1 877
95 1 881
95 1 0
96 2 0
96 2 173
96 2 659
96 2 951
96 2 245
96 2 505
96 2 503
96 2 0
97 2 0
97 2 662
97 2 619
97 2 895
97 2 0
98 2 0
98 2 746
98 2 988
98 2 927
98 2 318
98 2 0
98 2 0
98 2 330
98 2 0
99 1 0
99 1 247
99 1 908
99 1 728
99 1 498
99 1 0
99 1 0
99 1 0
99 1 94
99 1 0
100 2 0
100 2 453
100 2 88
100 2 627
100 2 0
100 2 0
100 2 23
100 2 848
100 2 750
100 2 342
100 2 0
100 2 0
100 2 0
101 2 0
101 2 991
101 2 0
101 2 0
101 2 365
101 2 0
101 2 0
101 2 130
101 2 47
101 2 0
101 2 0
101 2 0
102 2 0
102 2 657
102 2 578
102 2 78
102 2 91
102 2 898
102 2 0
102 2 0
102 2 0
103 2 0
103 2 830
103 2 862
103 2 596
103 2 467
103 2 493
103 2 0
103 2 0
103 2 546
103 2 789
103 2 607
103 2 0
104 2 0
104 2 149
104 2 534
104 2 634
104 2 825
104 2 387
104 2 0
104 2 0
104 2 66
104 2 0
105 2 0
105 2 420
105 2 554
105 2 522
105 2 872
105 2 526
105 2 116
105 2 928
105 2 0
105 2 0
105 2 0
105 2 0
106 1 0
106 1 294
106 1 950
106 1 842
106 1 82
106 1 727
106 1 0
106 1 0
106 1 0
106 1 0
107 2 0
107 2 874
107 2 828
107 2 555
107 2 0
107 2 0
107 2 10
107 2 824
107 2 412
107 2 0
108 2 0
108 2 642
108 2 190
108 2 615
108 2 327
108 2 617
108 2 381
108 2 0
109 1 0
109 1 665
109 1 998
109 1 15
109 1 432
109 1 920
109 1 772
109 1 0
109 1 0
109 1 0
109 1 0
110 1 0
110 1 445
110 1 523
110 1 348
110 1 5
110 1 569
110 1 68
110 1 0
110 1 0
111 2 0
111 2 214
111 2 683
111 2 346
111 2 461
111 2 104
111 2 90
111 2 0
112 2 0
112 2 703
112 2 827
112 2 144
112 2 823
112 2 548
112 2 53
112 2 0
112 2 0
112 2 0
112 2 0
113 2 0
113 2 251
113 2 773
113 2 98
113 2 635
113 2 632
113 2 711
113 2 0
113 2 0
113 2 0
113 2 0
114 2 0
114 2 414
114 2 740
114 2 0
114 2 0
114 2 0
115 2 0
115 2 720
115 2 986
115 2 464
115 2 0
115 2 0
115 2 530
115 2 1000
115 2 0
116 2 0
116 2 313
116 2 903
116 2 502
116 2 303
116 2 450
116 2 959
116 2 308
116 2 49
116 2 0
116 2 0
116 2 0
116 2 0
117 2 0
117 2 109
117 2 853
117 2 972
117 2 884
117 2 0
117 2 0
117 2 367
117 2 222
117 2 0
117 2 0
117 2 0
118 2 0
118 2 142
118 2 320
118 2 460
118 2 725
118 2 0
118 2 0
118 2 818
118 2 0
118 2 0
118 2 0
119 2 0
119 2 271
119 2 407
119 2 832
119 2 558
119 2 993
119 2 0
119 2 0
119 2 0
119 2 0
120 2 0
120 2 976
120 2 0
120 2 0
120 2 638
120 2 317
120 2 0
120 2 0
120 2 0
121 2 0
121 2 145
121 2 917
121 2 859
121 2 882
121 2 299
121 2 433
121 2 242
121 2 0
121 2 0
121 2 0
121 2 0
122 2 0
122 2 364
122 2 743
122 2 860
122 2 723
122 2 236
122 2 46
122 2 912
122 2 0
122 2 0
123 2 0
123 2 221
123 2 182
123 2 0
124 2 0
124 2 488
124 2 745
124 2 0
124 2 0
124 2 202
124 2 28
124 2 626
124 2 0
124 2 0
124 2 0
125 2 0
125 2 42
125 2 698
125 2 385
125 2 636
125 2 415
125 2 201
125 2 83
125 2 0
125 2 0
126 1 0
126 1 670
126 1 690
126 1 123
126 1 156
126 1 834
126 1 760
126 1 0
126 1 0
126 1 0
126 1 0
127 2 0
127 2 409
127 2 981
127 2 507
127 2 649
127 2 378
127 2 599
127 2 836
127 2 0
127 2 0
127 2 0
127 2 0
128 2 0
128 2 240
128 2 196
128 2 681
128 2 326
128 2 373
128 2 0
128 2 0
128 2 0
128 2 0
129 2 0
129 2 744
129 2 625
129 2 384
129 2 210
129 2 900
129 2 491
129 2 169
129 2 585
129 2 0
129 2 0
130 2 0
130 2 514
130 2 914
130 2 357
130 2 651
130 2 263
130 2 890
130 2 579
130 2 829
130 2 295
130 2 0
130 2 0
131 1 0
131 1 32
131 1 924
131 1 0
131 1 0
131 1 0
131 1 0
132 2 0
132 2 995
132 2 786
132 2 0
132 2 0
132 2 0
133 1 0
133 1 69
133 1 811
133 1 556
133 1 0
133 1 0
133 1 0
133 1 0
134 1 0
134 1 722
134 1 224
134 1 238
134 1 416
134 1 117
134 1 0
134 1 0
134 1 0
134 1 305
134 1 0
135 1 0
135 1 982
135 1 953
135 1 56
135 1 162
135 1 0
135 1 0
135 1 0
135 1 0
136 2 0
136 2 374
136 2 788
136 2 598
136 2 316
136 2 867
136 2 0
136 2 0
136 2 0
136 2 0
137 2 0
137 2 22
137 2 978
137 2 566
137 2 0
137 2 0
137 2 588
137 2 0
138 2 0
138 2 73
138 2 253
138 2 560
138 2 858
138 2 0
138 2 0
139 1 0
139 1 277
139 1 916
139 1 35
139 1 0
139 1 0
139 1 0
139 1 765
139 1 0
139 1 0
139 1 0
140 2 0
140 2 377
140 2 325
140 2 0
140 2 0
140 2 913
140 2 87
140 2 0
141 1 0
141 1 449
141 1 893
141 1 747
141 1 597
141 1 517
141 1 286
141 1 486
141 1 915
141 1 0
141 1 0
141 1 0
141 1 0
142 2 0
142 2 382
142 2 704
142 2 386
142 2 0
143 2 0
143 2 243
143 2 684
143 2 0
143 2 0
143 2 372
143 2 252
143 2 241
143 2 0
144 2 0
144 2 184
144 2 194
144 2 623
144 2 0
144 2 0
144 2 195
144 2 845
144 2 0
145 1 0
145 1 733
145 1 244
145 1 0
145 1 0
145 1 0
145 1 362
145 1 667
145 1 146
145 1 0
145 1 0
146 2 0
146 2 643
146 2 674
146 2 100
146 2 878
146 2 0
146 2 0
146 2 0
146 2 0
147 1 0
147 1 370
147 1 61
147 1 946
147 1 528
147 1 361
147 1 0
147 1 0
147 1 0
147 1 0
148 2 0
148 2 137
148 2 131
148 2 249
148 2 268
148 2 0
148 2 0
148 2 0
148 2 0
149 2 0
149 2 966
149 2 227
149 2 452
149 2 206
149 2 519
149 2 0
149 2 0
149 2 0
149 2 0
150 1 0
150 1 198
150 1 129
150 1 901
150 1 159
150 1 671
150 1 105
150 1 0
150 1 0
150 1 0
150 1 0
151 1 0
151 1 176
151 1 197
151 1 139
151 1 892
151 1 138
151 1 0
151 1 0
151 1 0
151 1 0
152 2 0
152 2 155
152 2 618
152 2 0
152 2 0
152 2 165
152 2 55
152 2 0
153 2 0
153 2 368
153 2 20
153 2 691
153 2 306
153 2 589
153 2 278
153 2 0
153 2 0
153 2 0
153 2 0
154 2 0
154 2 120
154 2 21
154 2 302
154 2 687
154 2 363
154 2 375
154 2 3
154 2 879
154 2 0
154 2 0
154 2 0
154 2 0
155 2 0
155 2 482
155 2 379
155 2 768
155 2 350
155 2 0
155 2 0
155 2 0
155 2 0
156 2 0
156 2 267
156 2 549
156 2 333
156 2 552
156 2 864
156 2 0
156 2 0
157 2 0
157 2 72
157 2 228
157 2 963
157 2 443
157 2 344
157 2 0
157 2 0
158 1 0
158 1 451
158 1 0
159 1 0
159 1 737
159 1 961
159 1 629
159 1 0
159 1 0
160 1 0
160 1 322
160 1 979
160 1 0
160 1 0
160 1 0
160 1 0
161 2 0
161 2 297
161 2 795
161 2 65
161 2 0
161 2 0
162 2 0
162 2 103
162 2 631
162 2 769
162 2 533
162 2 766
162 2 0
162 2 0
162 2 0
162 2 0
163 1 0
163 1 770
163 1 0
163 1 0
163 1 0
163 1 499
163 1 0
163 1 0
163 1 0
163 1 0
164 1 0
164 1 209
164 1 639
164 1 75
164 1 0
164 1 0
165 1 0
165 1 256
165 1 174
165 1 132
165 1 147
165 1 0
165 1 0
165 1 0
165 1 76
165 1 0
165 1 0
166 1 0
166 1 567
166 1 16
166 1 388
166 1 774
166 1 0
166 1 0
166 1 0
166 1 0
167 1 0
167 1 483
167 1 343
167 1 575
167 1 0
167 1 0
167 1 0
167 1 152
167 1 0
168 2 0
168 2 52
168 2 1
168 2 933
168 2 637
168 2 0
168 2 0
168 2 0
168 2 0
169 2 0
169 2 115
169 2 347
169 2 931
169 2 358
169 2 696
169 2 121
169 2 0
169 2 0
169 2 0
169 2 0
170 2 0
170 2 215
170 2 355
170 2 444
170 2 26
170 2 889
170 2 572
170 2 235
170 2 0
170 2 0
170 2 0
170 2 0
171 1 0
171 1 353
171 1 0
171 1 0
171 1 0
171 1 713
171 1 0
171 1 0
172 2 0
172 2 984
172 2 787
172 2 739
172 2 0
172 2 0
173 2 0
173 2 952
173 2 439
173 2 315
173 2 888
173 2 0
173 2 0
173 2 0
173 2 0
174 2 0
174 2 403
174 2 851
174 2 614
174 2 833
174 2 537
174 2 337
174 2 620
174 2 0
174 2 0
174 2 0
174 2 0
175 2 0
175 2 427
175 2 962
175 2 633
175 2 702
175 2 0
175 2 0
175 2 0
175 2 0
176 2 0
176 2 203
176 2 234
176 2 405
176 2 390
176 2 239
176 2 300
176 2 48
176 2 110
176 2 0
176 2 0
176 2 0
176 2 0
177 2 0
177 2 285
177 2 594
177 2 0
177 2 0
177 2 0
177 2 0
178 1 0
178 1 261
178 1 886
178 1 0
178 1 0
178 1 0
178 1 280
178 1 547
178 1 231
178 1 0
178 1 0
178 1 0
178 1 0
179 2 0
179 2 821
179 2 258
179 2 62
179 2 926
179 2 0
179 2 0
179 2 0
179 2 112
179 2 0
180 1 0
180 1 111
180 1 0
180 1 0
180 1 0
180 1 108
180 1 96
180 1 0
180 1 0
180 1 0
180 1 0
181 2 0
181 2 422
181 2 658
181 2 968
181 2 935
181 2 192
181 2 762
181 2 469
181 2 0
181 2 0
181 2 0
181 2 0
182 2 0
182 2 312
182 2 70
182 2 225
182 2 896
182 2 584
182 2 371
182 2 0
182 2 0
182 2 0
182 2 0
183 2 0
183 2 592
183 2 804
183 2 0
183 2 0
183 2 0
183 2 260
183 2 0
183 2 0
184 2 0
184 2 487
184 2 500
184 2 958
184 2 51
184 2 50
184 2 527
184 2 0
184 2 0
184 2 0
184 2 0
185 2 0
185 2 262
185 2 736
185 2 213
185 2 0
185 2 0
185 2 0
185 2 822
185 2 0
185 2 0
185 2 0
185 2 0
186 1 0
186 1 729
186 1 987
186 1 0
186 1 0
186 1 0
186 1 431
186 1 77
186 1 0
186 1 0
187 2 0
187 2 775
187 2 540
187 2 583
187 2 421
187 2 19
187 2 957
187 2 0
187 2 0
187 2 0
187 2 0
188 1 0
188 1 551
188 1 869
188 1 708
188 1 0
188 1 0
189 1 0
189 1 688
189 1 179
189 1 0
189 1 0
189 1 0
189 1 521
189 1 395
189 1 0
189 1 0
189 1 0
189 1 0
190 2 0
190 2 143
190 2 39
190 2 985
190 2 359
190 2 0
190 2 0
190 2 0
190 2 0
191 1 0
191 1 67
191 1 474
191 1 0
191 1 270
191 1 0
191 1 0
191 1 0
191 1 0
192 1 0
192 1 185
192 1 780
192 1 0
192 1 0
192 1 0
192 1 731
192 1 274
192 1 0
192 1 0
193 2 0
193 2 956
193 2 424
193 2 219
193 2 0
193 2 0
194 1 0
194 1 89
194 1 12
194 1 0
194 1 0
195 2 0
195 2 43
195 2 0
196 1 0
196 1 33
196 1 0
197 1 0
197 1 29
197 1 0
198 2 0
198 2 13
198 2 0
198 2 0
199 2 0
199 2 2
199 2 0
