total cost: 325236
1 2 0
1 2 553
1 2 288
1 2 767
1 2 0
1 2 0
1 2 307
1 2 793
1 2 0
1 2 0
1 2 141
1 2 0
2 1 0
2 1 220
2 1 802
2 1 577
2 1 254
2 1 0
2 1 0
2 1 180
2 1 257
2 1 932
2 1 0
3 2 0
3 2 616
3 2 161
3 2 652
3 2 0
3 2 0
3 2 0
4 2 0
4 2 954
4 2 654
4 2 520
4 2 0
5 2 0
5 2 463
5 2 539
5 2 459
5 2 693
5 2 454
5 2 0
5 2 0
5 2 790
5 2 0
5 2 0
5 2 0
6 1 0
6 1 408
6 1 801
6 1 754
6 1 593
6 1 475
6 1 510
6 1 356
6 1 0
7 1 0
7 1 645
7 1 865
7 1 189
7 1 442
7 1 92
7 1 0
7 1 0
7 1 612
7 1 0
8 2 0
8 2 605
8 2 974
8 2 401
8 2 229
8 2 0
9 1 0
9 1 57
9 1 281
9 1 843
9 1 170
9 1 749
9 1 689
9 1 525
9 1 476
9 1 0
9 1 0
9 1 0
10 2 0
10 2 856
10 2 4
10 2 501
10 2 250
10 2 911
10 2 468
10 2 700
10 2 783
10 2 477
10 2 0
11 2 0
11 2 354
11 2 154
11 2 0
11 2 0
11 2 319
11 2 8
11 2 0
12 1 0
12 1 124
12 1 919
12 1 799
12 1 148
12 1 0
13 2 0
13 2 164
13 2 717
13 2 532
13 2 423
13 2 0
14 2 0
14 2 37
14 2 14
14 2 855
14 2 808
14 2 512
14 2 397
14 2 212
14 2 0
15 2 0
15 2 462
15 2 813
15 2 478
15 2 570
15 2 0
15 2 0
15 2 591
15 2 504
15 2 0
16 2 0
16 2 947
16 2 716
16 2 400
16 2 380
16 2 798
16 2 641
16 2 742
16 2 0
17 1 0
17 1 391
17 1 544
17 1 64
17 1 304
17 1 205
17 1 114
17 1 0
18 2 0
18 2 763
18 2 831
18 2 759
18 2 237
18 2 0
18 2 0
18 2 283
18 2 590
18 2 269
18 2 0
19 2 0
19 2 710
19 2 440
19 2 216
19 2 650
19 2 95
19 2 323
19 2 178
19 2 0
20 2 0
20 2 602
20 2 284
20 2 171
20 2 0
21 2 0
21 2 561
21 2 535
21 2 230
21 2 0
22 2 0
22 2 841
22 2 7
22 2 101
22 2 922
22 2 217
22 2 470
22 2 897
22 2 345
22 2 880
22 2 0
23 1 0
23 1 975
23 1 810
23 1 276
23 1 0
24 1 0
24 1 565
24 1 871
24 1 850
24 1 58
24 1 36
24 1 264
24 1 99
24 1 63
24 1 807
24 1 0
24 1 0
24 1 0
25 2 0
25 2 428
25 2 820
25 2 54
25 2 732
25 2 600
25 2 0
26 2 0
26 2 489
26 2 741
26 2 107
26 2 0
27 2 0
27 2 714
27 2 248
27 2 0
28 2 0
28 2 899
28 2 826
28 2 682
28 2 531
28 2 806
28 2 200
28 2 694
28 2 844
28 2 0
29 1 0
29 1 291
29 1 543
29 1 437
29 1 992
29 1 923
29 1 0
29 1 0
29 1 0
30 2 0
30 2 473
30 2 738
30 2 609
30 2 863
30 2 349
30 2 0
30 2 0
30 2 352
30 2 967
30 2 0
31 2 0
31 2 128
31 2 925
31 2 9
31 2 721
31 2 678
31 2 508
31 2 815
31 2 0
32 2 0
32 2 816
32 2 113
32 2 910
32 2 868
32 2 335
32 2 293
32 2 163
32 2 0
32 2 0
32 2 0
33 2 0
33 2 866
33 2 17
33 2 418
33 2 292
33 2 208
33 2 38
33 2 0
34 1 0
34 1 158
34 1 541
34 1 939
34 1 338
34 1 204
34 1 563
34 1 964
34 1 940
34 1 125
34 1 0
34 1 0
34 1 0
35 1 0
35 1 389
35 1 580
35 1 538
35 1 446
35 1 495
35 1 949
35 1 692
35 1 852
35 1 0
36 1 0
36 1 907
36 1 846
36 1 0
37 2 0
37 2 529
37 2 603
37 2 796
37 2 608
37 2 447
37 2 545
37 2 0
37 2 0
37 2 0
38 2 0
38 2 524
38 2 279
38 2 255
38 2 647
38 2 980
38 2 74
38 2 724
38 2 0
39 1 0
39 1 606
39 1 955
39 1 542
39 1 707
39 1 246
39 1 40
39 1 360
39 1 990
39 1 223
39 1 0
39 1 0
39 1 0
40 2 0
40 2 441
40 2 666
40 2 207
40 2 676
40 2 168
40 2 803
40 2 516
40 2 0
41 1 0
41 1 153
41 1 394
41 1 329
41 1 934
41 1 969
41 1 513
41 1 0
41 1 0
41 1 0
42 1 0
42 1 715
42 1 511
42 1 902
42 1 425
42 1 776
42 1 0
43 2 0
43 2 232
43 2 71
43 2 661
43 2 44
43 2 383
43 2 0
44 2 0
44 2 106
44 2 93
44 2 259
44 2 181
44 2 314
44 2 784
44 2 0
45 2 0
45 2 133
45 2 436
45 2 970
45 2 0
46 1 0
46 1 791
46 1 945
46 1 191
46 1 0
47 1 0
47 1 785
47 1 0
47 1 0
47 1 472
47 1 0
48 1 0
48 1 837
48 1 909
48 1 0
49 2 0
49 2 677
49 2 41
49 2 136
49 2 0
50 2 0
50 2 550
50 2 86
50 2 0
51 2 0
51 2 456
51 2 102
51 2 610
51 2 574
51 2 419
51 2 621
51 2 944
51 2 669
51 2 0
51 2 0
51 2 0
52 1 0
52 1 921
52 1 351
52 1 0
52 1 0
52 1 130
52 1 576
52 1 0
53 1 0
53 1 45
53 1 809
53 1 430
53 1 334
53 1 755
53 1 800
53 1 493
53 1 778
53 1 0
53 1 0
53 1 0
53 1 0
54 1 0
54 1 336
54 1 369
54 1 854
54 1 0
54 1 0
54 1 679
54 1 47
54 1 906
54 1 0
55 1 0
55 1 817
55 1 157
55 1 199
55 1 324
55 1 0
55 1 0
55 1 94
55 1 885
55 1 0
56 1 0
56 1 518
56 1 497
56 1 404
56 1 0
56 1 0
56 1 611
56 1 455
56 1 0
57 1 0
57 1 562
57 1 266
57 1 399
57 1 680
57 1 873
57 1 438
57 1 481
57 1 0
57 1 0
57 1 0
58 1 0
58 1 752
58 1 410
58 1 0
58 1 0
58 1 43
58 1 0
59 1 0
59 1 664
59 1 290
59 1 485
59 1 0
59 1 0
59 1 0
60 2 0
60 2 699
60 2 646
60 2 392
60 2 30
60 2 628
60 2 937
60 2 289
60 2 135
60 2 0
60 2 0
60 2 0
61 2 0
61 2 340
61 2 781
61 2 188
61 2 84
61 2 709
61 2 757
61 2 0
61 2 0
61 2 0
62 2 0
62 2 648
62 2 151
62 2 965
62 2 971
62 2 960
62 2 24
62 2 0
63 1 0
63 1 435
63 1 686
63 1 160
63 1 183
63 1 835
63 1 490
63 1 471
63 1 0
64 2 0
64 2 814
64 2 977
64 2 396
64 2 685
64 2 936
64 2 581
64 2 434
64 2 27
64 2 0
65 1 0
65 1 989
65 1 751
65 1 673
65 1 0
65 1 0
65 1 876
65 1 753
65 1 0
66 1 0
66 1 996
66 1 870
66 1 797
66 1 81
66 1 0
66 1 0
66 1 398
66 1 80
66 1 311
66 1 0
67 2 0
67 2 644
67 2 840
67 2 0
67 2 0
67 2 568
67 2 918
67 2 309
67 2 0
67 2 0
67 2 0
68 1 0
68 1 275
68 1 310
68 1 973
68 1 0
68 1 0
68 1 166
68 1 11
68 1 0
69 1 0
69 1 233
69 1 134
69 1 175
69 1 420
69 1 376
69 1 601
69 1 140
69 1 515
69 1 0
69 1 0
69 1 0
69 1 0
70 2 0
70 2 943
70 2 18
70 2 887
70 2 118
70 2 656
70 2 630
70 2 509
70 2 0
71 2 0
71 2 321
71 2 177
71 2 701
71 2 218
71 2 494
71 2 0
71 2 0
71 2 0
72 2 0
72 2 186
72 2 735
72 2 172
72 2 761
72 2 595
72 2 758
72 2 587
72 2 0
73 1 0
73 1 756
73 1 794
73 1 458
73 1 393
73 1 861
73 1 457
73 1 734
73 1 480
73 1 28
73 1 1094
73 1 0
73 1 1094
73 1 0
74 1 0
74 1 150
74 1 193
74 1 929
74 1 705
74 1 91
74 1 0
75 2 0
75 2 328
75 2 771
75 2 492
75 2 413
75 2 479
75 2 0
76 2 0
76 2 748
76 2 0
77 1 0
77 1 226
77 1 496
77 1 119
77 1 0
78 2 0
78 2 411
78 2 426
78 2 173
78 2 0
78 2 0
78 2 417
78 2 779
78 2 0
78 2 0
78 2 0
79 2 0
79 2 930
79 2 941
79 2 891
79 2 571
79 2 672
79 2 727
79 2 0
79 2 0
79 2 0
80 2 0
80 2 564
80 2 695
80 2 657
80 2 703
80 2 0
80 2 0
80 2 718
80 2 0
80 2 0
80 2 0
81 2 0
81 2 273
81 2 746
81 2 894
81 2 25
81 2 726
81 2 83
81 2 0
81 2 0
81 2 0
82 2 0
82 2 604
82 2 23
82 2 0
83 1 0
83 1 557
83 1 668
83 1 0
84 2 0
84 2 366
84 2 272
84 2 85
84 2 0
84 2 0
84 2 330
84 2 0
85 2 0
85 2 697
85 2 211
85 2 948
85 2 0
86 1 0
86 1 640
86 1 777
86 1 665
86 1 998
86 1 0
86 1 0
86 1 675
86 1 881
86 1 298
86 1 0
87 2 0
87 2 167
87 2 938
87 2 997
87 2 97
87 2 465
87 2 842
87 2 0
87 2 0
87 2 0
88 2 0
88 2 59
88 2 659
88 2 848
88 2 838
88 2 750
88 2 342
88 2 0
89 2 0
89 2 999
89 2 719
89 2 622
89 2 573
89 2 883
89 2 942
89 2 994
89 2 265
89 2 0
89 2 0
89 2 0
89 2 0
90 1 0
90 1 429
90 1 988
90 1 805
90 1 466
90 1 0
91 2 0
91 2 79
91 2 554
91 2 624
91 2 904
91 2 812
91 2 287
91 2 0
91 2 0
91 2 0
92 2 0
92 2 586
92 2 847
92 2 0
93 1 0
93 1 282
93 1 819
93 1 0
93 1 0
93 1 877
93 1 0
94 2 0
94 2 31
94 2 660
94 2 582
94 2 875
94 2 983
94 2 558
94 2 706
94 2 0
95 2 0
95 2 663
95 2 555
95 2 432
95 2 0
96 2 0
96 2 341
96 2 730
96 2 0
96 2 0
96 2 66
96 2 0
97 1 0
97 1 764
97 1 126
97 1 683
97 1 0
97 1 0
97 1 662
97 1 112
97 1 0
98 2 0
98 2 247
98 2 190
98 2 832
98 2 976
98 2 0
98 2 0
98 2 33
98 2 0
99 1 0
99 1 453
99 1 88
99 1 991
99 1 578
99 1 627
99 1 0
99 1 0
99 1 0
99 1 0
100 1 0
100 1 874
100 1 828
100 1 0
100 1 0
100 1 365
100 1 898
100 1 607
100 1 789
100 1 0
100 1 0
100 1 0
100 1 0
101 1 0
101 1 782
101 1 830
101 1 596
101 1 0
101 1 0
101 1 951
101 1 245
101 1 53
101 1 619
101 1 895
101 1 0
101 1 0
101 1 0
101 1 0
102 1 0
102 1 655
102 1 712
102 1 0
102 1 0
102 1 546
102 1 182
102 1 0
103 1 0
103 1 149
103 1 534
103 1 792
103 1 613
103 1 488
103 1 187
103 1 0
103 1 0
103 1 0
103 1 0
104 2 0
104 2 294
104 2 950
104 2 927
104 2 318
104 2 0
104 2 0
104 2 367
104 2 301
104 2 626
104 2 0
104 2 0
104 2 0
105 2 0
105 2 642
105 2 908
105 2 728
105 2 498
105 2 548
105 2 503
105 2 381
105 2 617
105 2 0
105 2 0
106 1 0
106 1 484
106 1 0
107 2 0
107 2 78
107 2 414
107 2 857
107 2 0
108 2 0
108 2 445
108 2 920
108 2 638
108 2 772
108 2 0
108 2 0
108 2 0
109 2 0
109 2 332
109 2 142
109 2 634
109 2 825
109 2 387
109 2 0
109 2 0
109 2 10
109 2 0
110 2 0
110 2 214
110 2 82
110 2 202
110 2 0
111 2 0
111 2 251
111 2 720
111 2 346
111 2 461
111 2 90
111 2 0
112 1 0
112 1 536
112 1 1000
112 1 0
113 2 0
113 2 313
113 2 903
113 2 0
113 2 0
113 2 530
113 2 165
113 2 305
113 2 0
114 1 0
114 1 109
114 1 853
114 1 972
114 1 978
114 1 0
114 1 0
114 1 0
114 1 221
114 1 0
115 2 0
115 2 144
115 2 514
115 2 827
115 2 156
115 2 823
115 2 505
115 2 0
115 2 0
115 2 0
116 1 0
116 1 296
116 1 0
116 1 0
116 1 818
116 1 222
116 1 0
116 1 0
116 1 0
117 1 0
117 1 862
117 1 744
117 1 145
117 1 917
117 1 839
117 1 6
117 1 89
117 1 0
117 1 0
117 1 0
117 1 0
118 1 0
118 1 502
118 1 986
118 1 98
118 1 0
118 1 0
118 1 0
118 1 824
118 1 412
118 1 0
118 1 0
118 1 0
119 2 0
119 2 849
119 2 670
119 2 385
119 2 253
119 2 651
119 2 834
119 2 0
119 2 0
120 1 0
120 1 364
120 1 743
120 1 860
120 1 236
120 1 104
120 1 0
120 1 0
120 1 0
120 1 0
121 2 0
121 2 467
121 2 409
121 2 46
121 2 382
121 2 0
122 2 0
122 2 407
122 2 327
122 2 615
122 2 740
122 2 0
123 2 0
123 2 271
123 2 73
123 2 0
124 1 0
124 1 34
124 1 653
124 1 116
124 1 0
124 1 0
124 1 0
124 1 0
125 1 0
125 1 42
125 1 698
125 1 35
125 1 122
125 1 263
125 1 760
125 1 297
125 1 0
125 1 0
125 1 0
125 1 0
126 1 0
126 1 240
126 1 559
126 1 0
126 1 0
126 1 523
126 1 995
126 1 0
127 2 0
127 2 348
127 2 5
127 2 325
127 2 569
127 2 68
127 2 0
128 1 0
128 1 32
128 1 60
128 1 912
128 1 0
128 1 0
129 2 0
129 2 406
129 2 108
129 2 0
130 2 0
130 2 384
130 2 723
130 2 433
130 2 242
130 2 667
130 2 76
130 2 0
130 2 0
130 2 0
130 2 0
131 1 0
131 1 15
131 1 526
131 1 928
131 1 0
131 1 0
132 2 0
132 2 127
132 2 372
132 2 0
133 2 0
133 2 402
133 2 733
133 2 636
133 2 0
133 2 0
133 2 339
133 2 0
134 1 0
134 1 69
134 1 811
134 1 0
134 1 0
134 1 0
135 2 0
135 2 448
135 2 196
135 2 131
135 2 522
135 2 499
135 2 979
135 2 0
135 2 0
135 2 0
135 2 0
136 1 0
136 1 722
136 1 773
136 1 464
136 1 635
136 1 632
136 1 0
136 1 0
136 1 0
136 1 0
137 2 0
137 2 681
137 2 598
137 2 326
137 2 373
137 2 0
137 2 0
137 2 0
138 1 0
138 1 982
138 1 123
138 1 914
138 1 0
138 1 0
139 2 0
139 2 374
139 2 788
139 2 249
139 2 872
139 2 0
139 2 0
139 2 765
139 2 913
139 2 0
140 2 0
140 2 320
140 2 460
140 2 725
140 2 0
140 2 0
140 2 588
140 2 415
140 2 201
140 2 0
141 1 0
141 1 277
141 1 916
141 1 56
141 1 984
141 1 829
141 1 713
141 1 579
141 1 0
141 1 0
142 1 0
142 1 690
142 1 256
142 1 890
142 1 905
142 1 993
142 1 506
142 1 0
142 1 0
143 1 0
143 1 22
143 1 316
143 1 867
143 1 268
143 1 0
143 1 0
143 1 0
143 1 786
143 1 0
143 1 0
143 1 0
144 1 0
144 1 566
144 1 267
144 1 0
144 1 0
144 1 0
144 1 0
145 1 0
145 1 449
145 1 194
145 1 893
145 1 597
145 1 549
145 1 286
145 1 486
145 1 915
145 1 0
145 1 0
145 1 0
145 1 0
146 2 0
146 2 450
146 2 303
146 2 959
146 2 308
146 2 49
146 2 704
146 2 386
146 2 0
146 2 0
147 1 0
147 1 357
147 1 295
147 1 845
147 1 858
147 1 0
147 1 0
148 2 0
148 2 377
148 2 331
148 2 317
148 2 556
148 2 322
148 2 0
148 2 0
148 2 0
148 2 0
149 1 0
149 1 625
149 1 224
149 1 981
149 1 507
149 1 900
149 1 491
149 1 299
149 1 0
149 1 0
149 1 0
149 1 0
150 1 0
150 1 243
150 1 120
150 1 674
150 1 517
150 1 552
150 1 252
150 1 0
150 1 0
150 1 0
150 1 0
151 1 0
151 1 370
151 1 61
151 1 528
151 1 567
151 1 361
151 1 353
151 1 0
151 1 0
151 1 0
151 1 0
152 1 0
152 1 184
152 1 747
152 1 0
152 1 0
153 1 0
153 1 0
154 2 0
154 2 745
154 2 0
154 2 0
154 2 195
154 2 0
155 1 0
155 1 643
155 1 0
155 1 0
155 1 176
155 1 618
155 1 0
155 1 0
155 1 0
155 1 0
156 2 0
156 2 884
156 2 333
156 2 155
156 2 451
156 2 241
156 2 55
156 2 0
156 2 0
157 1 0
157 1 966
157 1 859
157 1 924
157 1 882
157 1 0
157 1 0
158 2 0
158 2 137
158 2 152
158 2 87
158 2 0
158 2 0
159 1 0
159 1 238
159 1 129
159 1 227
159 1 649
159 1 0
159 1 0
159 1 0
159 1 0
160 1 0
160 1 684
160 1 422
160 1 21
160 1 197
160 1 687
160 1 0
160 1 0
160 1 0
160 1 0
161 1 0
161 1 198
161 1 117
161 1 878
161 1 378
161 1 280
161 1 169
161 1 0
161 1 0
161 1 0
161 1 0
162 2 0
162 2 368
162 2 953
162 2 215
162 2 162
162 2 691
162 2 278
162 2 787
162 2 65
162 2 431
162 2 0
162 2 0
163 1 0
163 1 416
163 1 623
163 1 599
163 1 3
163 1 879
163 1 836
163 1 0
163 1 0
164 2 0
164 2 482
164 2 72
164 2 901
164 2 952
164 2 629
164 2 961
164 2 0
164 2 0
165 2 0
165 2 210
165 2 362
165 2 639
165 2 0
165 2 0
166 1 0
166 1 103
166 1 946
166 1 631
166 1 443
166 1 427
166 1 963
166 1 0
166 1 0
166 1 0
166 1 0
167 1 0
167 1 100
167 1 347
167 1 225
167 1 358
167 1 696
167 1 0
167 1 0
167 1 0
167 1 0
168 1 0
168 1 770
168 1 403
168 1 0
168 1 0
168 1 0
168 1 737
168 1 0
168 1 0
169 2 0
169 2 209
169 2 75
169 2 0
170 1 0
170 1 671
170 1 105
170 1 228
170 1 350
170 1 0
170 1 0
170 1 0
170 1 0
171 2 0
171 2 244
171 2 261
171 2 769
171 2 533
171 2 344
171 2 711
171 2 0
171 2 0
171 2 0
171 2 0
172 1 0
172 1 379
172 1 768
172 1 159
172 1 343
172 1 0
172 1 0
172 1 0
172 1 146
172 1 0
172 1 0
173 2 0
173 2 483
173 2 452
173 2 258
173 2 926
173 2 519
173 2 121
173 2 0
173 2 0
173 2 0
173 2 0
174 2 0
174 2 52
174 2 592
174 2 575
174 2 1
174 2 521
174 2 0
174 2 0
175 2 0
175 2 115
175 2 821
175 2 206
175 2 285
175 2 0
175 2 0
175 2 0
175 2 0
176 2 0
176 2 20
176 2 355
176 2 174
176 2 306
176 2 589
176 2 739
176 2 774
176 2 0
176 2 0
176 2 0
176 2 0
177 2 0
177 2 962
177 2 633
177 2 560
177 2 795
177 2 0
177 2 0
178 2 0
178 2 203
178 2 931
178 2 851
178 2 363
178 2 892
178 2 139
178 2 260
178 2 138
178 2 0
178 2 0
179 2 0
179 2 585
179 2 896
179 2 547
179 2 231
179 2 0
179 2 0
180 2 0
180 2 111
180 2 933
180 2 0
180 2 0
180 2 0
180 2 864
180 2 375
180 2 110
180 2 0
180 2 0
181 2 0
181 2 312
181 2 302
181 2 833
181 2 658
181 2 537
181 2 300
181 2 620
181 2 0
181 2 0
182 1 0
182 1 70
182 1 67
182 1 48
182 1 239
182 1 0
182 1 0
182 1 0
182 1 0
183 2 0
183 2 16
183 2 388
183 2 736
183 2 766
183 2 888
183 2 572
183 2 395
183 2 0
183 2 0
184 2 0
184 2 439
184 2 315
184 2 822
184 2 0
184 2 0
184 2 0
184 2 0
185 2 0
185 2 262
185 2 0
185 2 0
185 2 0
185 2 219
185 2 0
185 2 0
186 2 0
186 2 804
186 2 886
186 2 637
186 2 0
186 2 0
186 2 0
186 2 96
186 2 594
186 2 0
186 2 0
187 1 0
187 1 487
187 1 775
187 1 729
187 1 390
187 1 62
187 1 0
187 1 0
187 1 0
187 1 0
188 2 0
188 2 405
188 2 688
188 2 968
188 2 337
188 2 935
188 2 0
188 2 0
188 2 0
188 2 0
189 1 0
189 1 234
189 1 583
189 1 731
189 1 584
189 1 0
189 1 0
189 1 0
189 1 0
190 2 0
190 2 213
190 2 500
190 2 469
190 2 19
190 2 0
190 2 0
191 1 0
191 1 444
191 1 132
191 1 147
191 1 0
191 1 0
191 1 0
191 1 702
191 1 889
191 1 0
191 1 0
191 1 0
191 1 0
192 2 0
192 2 614
192 2 270
192 2 0
192 2 0
193 1 0
193 1 143
193 1 26
193 1 39
193 1 359
193 1 0
193 1 0
193 1 0
193 1 0
194 2 0
194 2 192
194 2 762
194 2 371
194 2 551
194 2 0
194 2 0
195 2 0
195 2 185
195 2 958
195 2 987
195 2 421
195 2 0
195 2 0
195 2 0
195 2 0
196 1 0
196 1 780
196 1 985
196 1 51
196 1 957
196 1 0
196 1 0
196 1 0
196 1 0
197 2 0
197 2 956
197 2 474
197 2 179
197 2 235
197 2 527
197 2 0
197 2 0
198 2 0
198 2 424
198 2 540
198 2 50
198 2 77
198 2 869
198 2 0
198 2 0
199 1 0
199 1 274
199 1 708
199 1 0
199 1 0
200 1 0
200 1 29
200 1 12
200 1 0
200 1 0
201 1 0
201 1 13
201 1 0
201 1 0
202 1 0
202 1 2
202 1 0
