total cost: 349983
1 2 0
1 2 553
1 2 288
1 2 767
1 2 0
1 2 0
1 2 616
1 2 180
1 2 257
1 2 932
1 2 0
2 2 0
2 2 220
2 2 802
2 2 577
2 2 408
2 2 801
2 2 0
2 2 0
2 2 307
2 2 790
2 2 0
2 2 0
2 2 141
2 2 0
3 1 0
3 1 539
3 1 462
3 1 813
3 1 693
3 1 754
3 1 974
3 1 0
3 1 0
3 1 793
3 1 654
3 1 0
4 2 0
4 2 645
4 2 865
4 2 189
4 2 428
4 2 0
4 2 0
4 2 652
4 2 591
4 2 520
4 2 0
5 1 0
5 1 605
5 1 856
5 1 947
5 1 593
5 1 602
5 1 716
5 1 525
5 1 8
5 1 476
5 1 205
5 1 0
5 1 0
5 1 0
6 2 0
6 2 463
6 2 354
6 2 442
6 2 710
6 2 717
6 2 94
6 2 732
6 2 600
6 2 0
6 2 0
6 2 0
7 2 0
7 2 254
7 2 57
7 2 843
7 2 423
7 2 798
7 2 468
7 2 380
7 2 304
7 2 114
7 2 0
8 1 0
8 1 281
8 1 532
8 1 489
8 1 440
8 1 391
8 1 0
9 2 0
9 2 954
9 2 154
9 2 37
9 2 283
9 2 919
9 2 475
9 2 0
9 2 0
9 2 0
10 2 0
10 2 170
10 2 400
10 2 689
10 2 749
10 2 229
10 2 510
10 2 356
10 2 0
11 1 0
11 1 459
11 1 454
11 1 124
11 1 401
11 1 535
11 1 799
11 1 0
12 2 0
12 2 4
12 2 911
12 2 899
12 2 831
12 2 939
12 2 759
12 2 0
12 2 0
12 2 161
12 2 504
12 2 0
13 1 0
13 1 763
13 1 250
13 1 237
13 1 850
13 1 58
13 1 0
13 1 0
13 1 544
13 1 0
14 1 0
14 1 501
14 1 682
14 1 101
14 1 922
14 1 217
14 1 470
14 1 783
14 1 815
14 1 897
14 1 0
14 1 0
14 1 0
15 1 0
15 1 478
15 1 473
15 1 863
15 1 609
15 1 0
15 1 0
15 1 319
15 1 641
15 1 477
15 1 0
16 2 0
16 2 164
16 2 92
16 2 216
16 2 650
16 2 885
16 2 323
16 2 178
16 2 0
17 1 0
17 1 841
17 1 7
17 1 543
17 1 992
17 1 437
17 1 40
17 1 246
17 1 990
17 1 0
17 1 0
17 1 0
18 1 0
18 1 570
18 1 264
18 1 99
18 1 63
18 1 807
18 1 0
18 1 0
18 1 0
19 2 0
19 2 284
19 2 826
19 2 700
19 2 106
19 2 345
19 2 880
19 2 259
19 2 0
19 2 0
19 2 0
20 2 0
20 2 975
20 2 810
20 2 276
20 2 784
20 2 86
20 2 0
21 2 0
21 2 565
21 2 910
21 2 816
21 2 868
21 2 349
21 2 0
21 2 0
21 2 714
21 2 293
21 2 0
22 2 0
22 2 291
22 2 542
22 2 266
22 2 399
22 2 680
22 2 873
22 2 844
22 2 0
22 2 0
22 2 0
23 2 0
23 2 846
23 2 335
23 2 608
23 2 447
23 2 705
23 2 0
23 2 0
23 2 0
24 2 0
24 2 64
24 2 171
24 2 945
24 2 191
24 2 964
24 2 0
25 1 0
25 1 820
25 1 925
25 1 9
25 1 324
25 1 0
25 1 0
25 1 742
25 1 0
26 1 0
26 1 866
26 1 128
26 1 741
26 1 0
26 1 0
26 1 107
26 1 837
26 1 0
26 1 0
26 1 0
27 1 0
27 1 158
27 1 871
27 1 338
27 1 204
27 1 0
27 1 0
27 1 612
27 1 590
27 1 0
28 1 0
28 1 113
28 1 456
28 1 102
28 1 351
28 1 0
28 1 0
28 1 855
28 1 269
28 1 397
28 1 512
28 1 212
28 1 0
29 2 0
29 2 738
29 2 796
29 2 644
29 2 929
29 2 545
29 2 383
29 2 44
29 2 0
30 2 0
30 2 389
30 2 538
30 2 446
30 2 580
30 2 232
30 2 808
30 2 495
30 2 852
30 2 692
30 2 0
31 1 0
31 1 54
31 1 715
31 1 902
31 1 418
31 1 84
31 1 709
31 1 776
31 1 668
31 1 0
31 1 0
31 1 0
32 1 0
32 1 907
32 1 666
32 1 207
32 1 168
32 1 71
32 1 661
32 1 516
32 1 0
32 1 0
32 1 0
32 1 0
33 1 0
33 1 14
33 1 329
33 1 676
33 1 969
33 1 803
33 1 0
33 1 0
33 1 0
34 1 0
34 1 17
34 1 188
34 1 781
34 1 177
34 1 686
34 1 0
34 1 0
34 1 967
34 1 0
35 1 0
35 1 36
35 1 541
35 1 611
35 1 647
35 1 255
35 1 0
35 1 0
35 1 230
35 1 0
36 1 0
36 1 529
36 1 603
36 1 934
36 1 88
36 1 0
36 1 0
36 1 678
36 1 923
36 1 436
36 1 11
36 1 0
37 2 0
37 2 441
37 2 513
37 2 785
37 2 472
37 2 0
37 2 0
37 2 0
38 1 0
38 1 606
38 1 955
38 1 562
38 1 752
38 1 410
38 1 664
38 1 0
38 1 0
38 1 561
38 1 508
38 1 0
39 1 0
39 1 153
39 1 453
39 1 991
39 1 578
39 1 0
39 1 0
39 1 949
39 1 906
39 1 679
39 1 0
40 1 0
40 1 531
40 1 45
40 1 814
40 1 430
40 1 977
40 1 438
40 1 581
40 1 936
40 1 0
40 1 0
40 1 0
40 1 0
41 2 0
41 2 524
41 2 921
41 2 150
41 2 944
41 2 669
41 2 857
41 2 0
42 2 0
42 2 133
42 2 806
42 2 93
42 2 791
42 2 940
42 2 314
42 2 125
42 2 0
43 2 0
43 2 721
43 2 290
43 2 485
43 2 971
43 2 0
43 2 0
43 2 0
44 2 0
44 2 279
44 2 455
44 2 724
44 2 0
44 2 0
44 2 0
45 1 0
45 1 707
45 1 275
45 1 970
45 1 734
45 1 965
45 1 480
45 1 0
45 1 0
45 1 0
46 1 0
46 1 563
46 1 677
46 1 181
46 1 135
46 1 289
46 1 0
47 2 0
47 2 336
47 2 369
47 2 426
47 2 0
47 2 0
47 2 909
47 2 0
48 2 0
48 2 817
48 2 751
48 2 157
48 2 199
48 2 861
48 2 0
48 2 0
48 2 148
48 2 0
49 1 0
49 1 394
49 1 564
49 1 854
49 1 840
49 1 0
49 1 0
49 1 435
49 1 835
49 1 490
49 1 471
49 1 0
50 2 0
50 2 518
50 2 497
50 2 610
50 2 894
50 2 25
50 2 726
50 2 758
50 2 0
50 2 0
50 2 0
51 1 0
51 1 576
51 1 753
51 1 0
52 1 0
52 1 550
52 1 74
52 1 0
53 1 0
53 1 360
53 1 748
53 1 0
53 1 0
53 1 0
54 1 0
54 1 980
54 1 0
55 1 0
55 1 352
55 1 200
55 1 223
55 1 0
56 2 0
56 2 809
56 2 930
56 2 771
56 2 492
56 2 413
56 2 0
56 2 0
56 2 41
56 2 136
56 2 918
56 2 309
56 2 0
56 2 0
56 2 0
57 1 0
57 1 648
57 1 973
57 1 0
57 1 0
57 1 248
57 1 0
58 2 0
58 2 699
58 2 996
58 2 870
58 2 272
58 2 0
58 2 0
58 2 292
58 2 208
58 2 0
59 2 0
59 2 646
59 2 334
59 2 938
59 2 755
59 2 997
59 2 0
59 2 0
59 2 876
59 2 838
59 2 342
59 2 0
60 2 0
60 2 340
60 2 794
60 2 233
60 2 134
60 2 701
60 2 160
60 2 0
60 2 0
60 2 0
61 2 0
61 2 989
61 2 756
61 2 420
61 2 175
61 2 376
61 2 601
61 2 0
61 2 0
61 2 398
61 2 0
62 2 0
62 2 392
62 2 366
62 2 81
62 2 628
62 2 937
62 2 761
62 2 595
62 2 0
62 2 0
62 2 0
63 1 0
63 1 151
63 1 118
63 1 656
63 1 672
63 1 0
63 1 0
63 1 0
64 1 0
64 1 673
64 1 887
64 1 891
64 1 685
64 1 396
64 1 694
64 1 509
64 1 630
64 1 0
64 1 0
64 1 0
64 1 0
65 2 0
65 2 511
65 2 777
65 2 663
65 2 425
65 2 79
65 2 586
65 2 0
65 2 0
65 2 0
66 2 0
66 2 943
66 2 941
66 2 341
66 2 571
66 2 0
66 2 0
66 2 568
66 2 779
66 2 675
66 2 0
67 1 0
67 1 321
67 1 655
67 1 0
67 1 0
67 1 166
67 1 481
67 1 434
67 1 0
68 1 0
68 1 193
68 1 0
69 2 0
69 2 328
69 2 282
69 2 683
69 2 0
69 2 0
69 2 163
69 2 23
69 2 0
70 1 0
70 1 310
70 1 126
70 1 0
70 1 0
70 1 183
70 1 218
70 1 515
70 1 624
70 1 812
70 1 0
70 1 0
70 1 0
70 1 0
71 2 0
71 2 226
71 2 496
71 2 119
71 2 301
71 2 0
72 2 0
72 2 411
72 2 574
72 2 582
72 2 875
72 2 122
72 2 983
72 2 0
72 2 0
72 2 0
73 2 0
73 2 186
73 2 735
73 2 172
73 2 211
73 2 948
73 2 0
74 1 0
74 1 960
74 1 536
74 1 0
75 1 0
75 1 417
75 1 881
75 1 298
75 1 0
76 1 0
76 1 757
76 1 494
76 1 311
76 1 0
76 1 0
76 1 0
77 2 0
77 2 38
77 2 80
77 2 847
77 2 287
77 2 0
77 2 0
77 2 0
78 2 0
78 2 18
78 2 458
78 2 622
78 2 573
78 2 942
78 2 0
78 2 0
78 2 27
78 2 0
79 1 0
79 1 273
79 1 805
79 1 927
79 1 466
79 1 877
79 1 0
80 1 0
80 1 30
80 1 660
80 1 484
80 1 706
80 1 558
80 1 506
80 1 0
80 1 0
81 2 0
81 2 718
81 2 0
81 2 0
81 2 0
82 1 0
82 1 404
82 1 0
83 2 0
83 2 604
83 2 91
83 2 607
83 2 0
84 1 0
84 1 557
84 1 95
84 1 0
85 1 0
85 1 697
85 1 797
85 1 429
85 1 85
85 1 800
85 1 778
85 1 465
85 1 0
85 1 0
85 1 0
85 1 0
86 2 0
86 2 640
86 2 559
86 2 712
86 2 653
86 2 448
86 2 331
86 2 0
86 2 0
86 2 0
86 2 24
86 2 0
87 1 0
87 1 167
87 1 782
87 1 764
87 1 0
87 1 0
87 1 479
87 1 727
87 1 0
87 1 0
87 1 0
88 2 0
88 2 695
88 2 657
88 2 0
88 2 0
88 2 457
88 2 818
88 2 127
88 2 626
88 2 0
88 2 0
88 2 0
89 2 0
89 2 999
89 2 730
89 2 819
89 2 0
89 2 0
89 2 330
89 2 0
90 1 0
90 1 31
90 1 849
90 1 419
90 1 190
90 1 621
90 1 0
90 1 0
90 1 0
90 1 0
91 2 0
91 2 59
91 2 627
91 2 659
91 2 951
91 2 245
91 2 53
91 2 619
91 2 0
91 2 0
91 2 0
91 2 0
92 2 0
92 2 393
92 2 613
92 2 523
92 2 1000
92 2 913
92 2 0
92 2 0
92 2 0
93 2 0
93 2 746
93 2 988
93 2 318
93 2 346
93 2 461
93 2 104
93 2 90
93 2 0
93 2 0
94 1 0
94 1 247
94 1 908
94 1 728
94 1 498
94 1 0
94 1 0
94 1 0
94 1 662
94 1 0
95 1 0
95 1 874
95 1 828
95 1 555
95 1 0
95 1 0
95 1 130
95 1 66
95 1 0
96 2 0
96 2 97
96 2 493
96 2 842
96 2 0
97 2 0
97 2 365
97 2 173
97 2 414
97 2 789
97 2 848
97 2 0
98 1 0
98 1 830
98 1 862
98 1 596
98 1 467
98 1 0
98 1 0
98 1 546
98 1 750
98 1 0
99 1 0
99 1 149
99 1 792
99 1 332
99 1 142
99 1 488
99 1 187
99 1 0
99 1 0
99 1 0
99 1 28
99 1 0
100 2 0
100 2 294
100 2 950
100 2 214
100 2 0
100 2 0
100 2 530
100 2 920
100 2 772
100 2 0
101 2 0
101 2 642
101 2 615
101 2 327
101 2 617
101 2 503
101 2 0
102 1 0
102 1 445
102 1 387
102 1 348
102 1 0
102 1 0
102 1 47
102 1 0
103 1 0
103 1 665
103 1 554
103 1 522
103 1 526
103 1 339
103 1 928
103 1 0
103 1 0
103 1 0
103 1 0
104 1 0
104 1 78
104 1 898
104 1 505
104 1 0
104 1 0
105 2 0
105 2 251
105 2 720
105 2 588
105 2 201
105 2 415
105 2 83
105 2 0
105 2 0
106 2 0
106 2 703
106 2 827
106 2 144
106 2 823
106 2 548
106 2 0
106 2 0
106 2 0
106 2 0
107 1 0
107 1 140
107 1 34
107 1 432
107 1 116
107 1 0
107 1 0
108 2 0
108 2 265
108 2 883
108 2 994
108 2 824
108 2 0
108 2 0
108 2 0
109 1 0
109 1 313
109 1 903
109 1 98
109 1 635
109 1 0
109 1 0
109 1 0
109 1 10
109 1 0
110 1 0
110 1 719
110 1 839
110 1 966
110 1 859
110 1 6
110 1 406
110 1 0
110 1 0
110 1 0
110 1 0
111 1 0
111 1 109
111 1 853
111 1 825
111 1 0
111 1 0
111 1 904
111 1 499
111 1 0
111 1 0
112 2 0
112 2 998
112 2 196
112 2 872
112 2 326
112 2 373
112 2 0
112 2 0
112 2 0
112 2 0
113 1 0
113 1 271
113 1 407
113 1 832
113 1 905
113 1 890
113 1 0
113 1 0
113 1 0
113 1 0
114 2 0
114 2 296
114 2 0
114 2 0
114 2 82
114 2 382
114 2 46
114 2 0
115 2 0
115 2 534
115 2 460
115 2 320
115 2 924
115 2 0
115 2 0
115 2 587
115 2 0
116 2 0
116 2 502
116 2 986
116 2 0
116 2 0
116 2 638
116 2 317
116 2 0
116 2 0
116 2 0
117 2 0
117 2 145
117 2 917
117 2 60
117 2 433
117 2 491
117 2 299
117 2 882
117 2 0
117 2 0
117 2 0
117 2 0
118 2 0
118 2 976
118 2 0
118 2 0
118 2 367
118 2 786
118 2 0
118 2 0
118 2 0
119 1 0
119 1 364
119 1 743
119 1 860
119 1 723
119 1 236
119 1 0
119 1 0
119 1 0
119 1 0
120 1 0
120 1 385
120 1 35
120 1 253
120 1 760
120 1 834
120 1 895
120 1 0
120 1 0
120 1 0
120 1 0
121 1 0
121 1 634
121 1 972
121 1 316
121 1 978
121 1 0
121 1 0
121 1 0
121 1 182
121 1 0
122 2 0
122 2 42
122 2 698
122 2 402
122 2 636
122 2 632
122 2 711
122 2 737
122 2 386
122 2 0
122 2 0
123 2 0
123 2 240
123 2 249
123 2 0
123 2 0
123 2 811
123 2 556
123 2 305
123 2 0
124 1 0
124 1 32
124 1 912
124 1 0
125 2 0
125 2 670
125 2 690
125 2 123
125 2 156
125 2 651
125 2 263
125 2 845
125 2 579
125 2 829
125 2 0
125 2 0
126 1 0
126 1 409
126 1 981
126 1 507
126 1 649
126 1 378
126 1 0
126 1 0
126 1 0
126 1 0
127 2 0
127 2 69
127 2 569
127 2 68
127 2 0
128 2 0
128 2 744
128 2 625
128 2 384
128 2 303
128 2 0
128 2 0
128 2 740
128 2 0
129 2 0
129 2 15
129 2 681
129 2 5
129 2 325
129 2 765
129 2 0
129 2 0
129 2 0
129 2 0
130 2 0
130 2 514
130 2 914
130 2 357
130 2 73
130 2 984
130 2 795
130 2 713
130 2 295
130 2 0
130 2 0
130 2 0
130 2 0
131 2 0
131 2 995
131 2 222
131 2 0
131 2 0
131 2 0
132 1 0
132 1 722
132 1 773
132 1 0
132 1 0
132 1 412
132 1 372
132 1 0
132 1 0
132 1 0
133 2 0
133 2 982
133 2 953
133 2 306
133 2 691
133 2 162
133 2 962
133 2 633
133 2 0
133 2 0
133 2 0
133 2 0
134 1 0
134 1 374
134 1 788
134 1 598
134 1 377
134 1 0
134 1 0
134 1 0
134 1 165
134 1 0
134 1 0
134 1 0
135 1 0
135 1 277
135 1 916
135 1 56
135 1 858
135 1 560
135 1 0
135 1 0
136 1 0
136 1 22
136 1 884
136 1 0
136 1 0
136 1 0
136 1 381
136 1 0
137 1 0
137 1 566
137 1 0
137 1 0
137 1 221
137 1 993
137 1 0
137 1 0
137 1 0
137 1 0
138 2 0
138 2 449
138 2 893
138 2 747
138 2 597
138 2 517
138 2 286
138 2 486
138 2 915
138 2 252
138 2 0
138 2 0
138 2 0
138 2 0
139 2 0
139 2 725
139 2 0
139 2 0
139 2 202
139 2 146
139 2 242
139 2 0
140 2 0
140 2 243
140 2 120
140 2 0
140 2 0
140 2 745
140 2 0
140 2 0
140 2 112
140 2 0
141 2 0
141 2 184
141 2 194
141 2 623
141 2 0
141 2 0
141 2 195
141 2 0
142 2 0
142 2 224
142 2 238
142 2 129
142 2 227
142 2 0
142 2 0
142 2 0
142 2 87
142 2 55
142 2 0
143 1 0
143 1 733
143 1 244
143 1 0
143 1 0
143 1 0
143 1 362
143 1 667
143 1 76
143 1 0
143 1 0
144 1 0
144 1 643
144 1 0
144 1 0
144 1 450
144 1 308
144 1 105
144 1 49
144 1 0
144 1 0
145 2 0
145 2 370
145 2 464
145 2 567
145 2 946
145 2 963
145 2 353
145 2 344
145 2 0
145 2 0
146 1 0
146 1 198
146 1 117
146 1 347
146 1 878
146 1 206
146 1 0
146 1 0
146 1 0
146 1 0
147 2 0
147 2 137
147 2 131
147 2 867
147 2 674
147 2 618
147 2 0
147 2 0
147 2 0
147 2 0
148 2 0
148 2 267
148 2 197
148 2 139
148 2 892
148 2 138
148 2 110
148 2 0
148 2 0
149 1 0
149 1 268
149 1 21
149 1 363
149 1 0
149 1 0
149 1 0
149 1 0
150 1 0
150 1 684
150 1 422
150 1 931
150 1 358
150 1 225
150 1 0
150 1 0
150 1 0
150 1 0
151 1 0
151 1 416
151 1 100
151 1 549
151 1 333
151 1 0
151 1 0
151 1 0
151 1 0
152 1 0
152 1 368
152 1 174
152 1 769
152 1 533
152 1 0
152 1 0
152 1 0
152 1 451
152 1 0
153 2 0
153 2 482
153 2 379
153 2 768
153 2 159
153 2 671
153 2 961
153 2 629
153 2 75
153 2 0
153 2 0
154 1 0
154 1 210
154 1 901
154 1 959
154 1 704
154 1 639
154 1 0
154 1 0
155 1 0
155 1 176
155 1 687
155 1 833
155 1 537
155 1 0
155 1 0
155 1 0
155 1 0
156 2 0
156 2 72
156 2 443
156 2 361
156 2 427
156 2 739
156 2 787
156 2 0
156 2 0
157 1 0
157 1 155
157 1 552
157 1 599
157 1 879
157 1 585
157 1 0
157 1 0
158 2 0
158 2 61
158 2 631
158 2 16
158 2 388
158 2 702
158 2 774
158 2 889
158 2 0
158 2 0
158 2 0
158 2 0
159 2 0
159 2 103
159 2 261
159 2 736
159 2 766
159 2 0
159 2 0
159 2 0
159 2 322
159 2 0
160 1 0
160 1 770
160 1 0
160 1 0
160 1 0
160 1 979
160 1 0
160 1 0
160 1 0
160 1 0
161 1 0
161 1 900
161 1 285
161 1 121
161 1 896
161 1 836
161 1 0
161 1 0
161 1 0
161 1 0
162 1 0
162 1 256
162 1 215
162 1 444
162 1 147
162 1 0
162 1 0
162 1 0
162 1 241
162 1 0
162 1 0
163 1 0
163 1 297
163 1 315
163 1 888
163 1 0
163 1 0
164 1 0
164 1 528
164 1 637
164 1 0
164 1 0
164 1 0
164 1 169
164 1 0
164 1 0
165 1 0
165 1 483
165 1 343
165 1 575
165 1 0
165 1 0
165 1 0
165 1 152
165 1 375
165 1 0
165 1 0
166 2 0
166 2 115
166 2 821
166 2 452
166 2 926
166 2 696
166 2 519
166 2 3
166 2 864
166 2 547
166 2 0
166 2 0
166 2 0
166 2 0
167 2 0
167 2 52
167 2 258
167 2 933
167 2 0
167 2 0
167 2 0
167 2 108
167 2 0
168 1 0
168 1 228
168 1 0
168 1 0
168 1 0
168 1 0
169 1 0
169 1 403
169 1 302
169 1 851
169 1 614
169 1 0
169 1 0
169 1 0
169 1 0
170 1 0
170 1 20
170 1 132
170 1 39
170 1 50
170 1 0
170 1 952
170 1 0
170 1 0
170 1 0
170 1 0
171 2 0
171 2 203
171 2 405
171 2 390
171 2 239
171 2 62
171 2 337
171 2 0
171 2 0
171 2 0
171 2 0
172 1 0
172 1 111
172 1 487
172 1 0
172 1 0
172 1 0
172 1 280
172 1 594
172 1 0
172 1 0
172 1 0
172 1 0
173 2 0
173 2 312
173 2 658
173 2 540
173 2 935
173 2 192
173 2 762
173 2 469
173 2 0
173 2 0
173 2 0
173 2 0
174 1 0
174 1 592
174 1 0
174 1 0
174 1 0
174 1 350
174 1 0
174 1 0
174 1 0
174 1 0
175 1 0
175 1 70
175 1 67
175 1 968
175 1 0
175 1 0
175 1 0
175 1 439
175 1 0
175 1 0
175 1 0
175 1 0
176 1 0
176 1 355
176 1 26
176 1 589
176 1 0
176 1 0
176 1 0
176 1 0
177 2 0
177 2 262
177 2 0
177 2 0
177 2 0
177 2 260
177 2 620
177 2 231
177 2 0
177 2 0
178 2 0
178 2 1
178 2 886
178 2 804
178 2 0
178 2 0
178 2 0
178 2 219
178 2 0
178 2 0
179 1 0
179 1 234
179 1 688
179 1 729
179 1 0
179 1 0
179 1 0
179 1 0
180 1 0
180 1 213
180 1 500
180 1 572
180 1 527
180 1 235
180 1 0
180 1 0
181 2 0
181 2 278
181 2 0
181 2 0
181 2 0
181 2 822
181 2 0
181 2 0
181 2 0
181 2 0
182 2 0
182 2 65
182 2 359
182 2 77
182 2 12
182 2 0
182 2 0
183 1 0
183 1 521
183 1 584
183 1 371
183 1 0
183 1 0
183 1 0
183 1 0
184 1 0
184 1 775
184 1 987
184 1 0
184 1 0
184 1 0
184 1 551
184 1 869
184 1 0
184 1 0
185 2 0
185 2 431
185 2 957
185 2 708
185 2 0
185 2 0
186 2 0
186 2 143
186 2 958
186 2 179
186 2 583
186 2 300
186 2 0
186 2 395
186 2 0
186 2 0
187 1 0
187 1 424
187 1 780
187 1 0
187 1 0
187 1 0
187 1 209
187 1 0
187 1 0
188 1 0
188 1 185
188 1 474
188 1 985
188 1 0
188 1 731
188 1 274
188 1 0
188 1 0
188 1 0
188 1 0
189 2 0
189 2 421
189 2 51
189 2 48
189 2 0
189 2 0
189 2 0
189 2 0
190 1 0
190 1 956
190 1 19
190 1 0
190 1 0
190 1 0
190 1 0
191 2 0
191 2 270
191 2 96
191 2 0
191 2 0
192 1 0
192 1 89
192 1 0
193 2 0
193 2 43
193 2 0
194 1 0
194 1 33
194 1 0
195 2 0
195 2 29
195 2 0
196 2 0
196 2 13
196 2 0
196 2 0
197 1 0
197 1 2
197 1 0
