total cost: 342975
1 2 0
1 2 553
1 2 288
1 2 767
1 2 0
1 2 0
1 2 307
1 2 793
1 2 0
1 2 0
1 2 141
1 2 0
2 2 0
2 2 220
2 2 802
2 2 577
2 2 254
2 2 749
2 2 0
2 2 0
2 2 180
2 2 257
2 2 932
2 2 0
3 1 0
3 1 616
3 1 161
3 1 652
3 1 0
3 1 0
3 1 0
4 2 0
4 2 954
4 2 654
4 2 520
4 2 0
5 1 0
5 1 463
5 1 539
5 1 459
5 1 693
5 1 454
5 1 0
5 1 0
5 1 790
5 1 0
5 1 0
5 1 0
6 1 0
6 1 408
6 1 801
6 1 754
6 1 593
6 1 475
6 1 510
6 1 356
6 1 0
7 2 0
7 2 645
7 2 865
7 2 189
7 2 442
7 2 92
7 2 710
7 2 717
7 2 0
7 2 0
7 2 0
8 1 0
8 1 605
8 1 974
8 1 401
8 1 229
8 1 0
9 2 0
9 2 57
9 2 843
9 2 170
9 2 689
9 2 525
9 2 476
9 2 0
10 1 0
10 1 281
10 1 423
10 1 532
10 1 544
10 1 798
10 1 380
10 1 0
11 2 0
11 2 856
11 2 4
11 2 501
11 2 250
11 2 911
11 2 468
11 2 700
11 2 783
11 2 477
11 2 0
12 2 0
12 2 354
12 2 37
12 2 154
12 2 0
12 2 0
12 2 230
12 2 535
12 2 0
13 1 0
13 1 319
13 1 716
13 1 0
14 1 0
14 1 164
14 1 391
14 1 440
14 1 216
14 1 650
14 1 0
15 1 0
15 1 124
15 1 919
15 1 799
15 1 148
15 1 0
16 2 0
16 2 462
16 2 813
16 2 478
16 2 570
16 2 0
16 2 0
16 2 612
16 2 8
16 2 0
17 1 0
17 1 947
17 1 400
17 1 682
17 1 826
17 1 641
17 1 171
17 1 742
17 1 0
18 2 0
18 2 763
18 2 831
18 2 759
18 2 237
18 2 0
18 2 0
18 2 283
18 2 590
18 2 269
18 2 0
19 1 0
19 1 602
19 1 939
19 1 975
19 1 810
19 1 276
19 1 0
20 1 0
20 1 591
20 1 504
20 1 0
21 1 0
21 1 714
21 1 248
21 1 0
22 2 0
22 2 841
22 2 543
22 2 101
22 2 531
22 2 217
22 2 470
22 2 897
22 2 345
22 2 880
22 2 0
23 1 0
23 1 565
23 1 850
23 1 58
23 1 871
23 1 36
23 1 264
23 1 99
23 1 63
23 1 807
23 1 0
23 1 0
23 1 0
24 1 0
24 1 428
24 1 820
24 1 54
24 1 732
24 1 600
24 1 0
24 1 0
24 1 0
25 1 0
25 1 284
25 1 338
25 1 791
25 1 945
25 1 191
25 1 259
25 1 125
25 1 0
26 2 0
26 2 489
26 2 741
26 2 107
26 2 0
27 2 0
27 2 304
27 2 205
27 2 114
27 2 508
27 2 0
28 1 0
28 1 899
28 1 922
28 1 45
28 1 806
28 1 814
28 1 93
28 1 136
28 1 41
28 1 0
29 2 0
29 2 64
29 2 967
29 2 678
29 2 0
30 1 0
30 1 291
30 1 7
30 1 992
30 1 437
30 1 923
30 1 0
30 1 0
30 1 0
31 2 0
31 2 846
31 2 473
31 2 293
31 2 0
32 2 0
32 2 866
32 2 9
32 2 721
32 2 0
33 2 0
33 2 128
33 2 925
33 2 715
33 2 418
33 2 292
33 2 208
33 2 38
33 2 0
34 2 0
34 2 816
34 2 863
34 2 868
34 2 609
34 2 349
34 2 0
34 2 0
34 2 561
34 2 0
35 2 0
35 2 158
35 2 541
35 2 204
35 2 563
35 2 964
35 2 940
35 2 314
35 2 0
36 1 0
36 1 389
36 1 580
36 1 441
36 1 855
36 1 232
36 1 808
36 1 512
36 1 397
36 1 0
36 1 0
36 1 0
37 1 0
37 1 113
37 1 910
37 1 529
37 1 907
37 1 335
37 1 0
38 1 0
38 1 738
38 1 603
38 1 796
38 1 0
39 2 0
39 2 14
39 2 538
39 2 446
39 2 495
39 2 949
39 2 692
39 2 852
39 2 0
40 1 0
40 1 17
40 1 178
40 1 323
40 1 885
40 1 0
41 1 0
41 1 279
41 1 524
41 1 255
41 1 980
41 1 74
41 1 724
41 1 0
42 2 0
42 2 606
42 2 955
42 2 542
42 2 707
42 2 246
42 2 40
42 2 360
42 2 990
42 2 223
42 2 844
42 2 0
43 2 0
43 2 106
43 2 815
43 2 200
43 2 694
43 2 0
44 1 0
44 1 153
44 1 394
44 1 666
44 1 207
44 1 676
44 1 168
44 1 0
44 1 0
44 1 472
44 1 785
44 1 0
44 1 0
44 1 0
45 1 0
45 1 133
45 1 664
45 1 752
45 1 0
45 1 0
45 1 0
46 2 0
46 2 550
46 2 784
46 2 86
46 2 0
47 2 0
47 2 677
47 2 181
47 2 0
48 2 0
48 2 837
48 2 909
48 2 0
49 2 0
49 2 352
49 2 436
49 2 970
49 2 0
50 2 0
50 2 212
50 2 516
50 2 0
51 2 0
51 2 163
51 2 513
51 2 906
51 2 545
51 2 0
52 2 0
52 2 456
52 2 102
52 2 610
52 2 574
52 2 419
52 2 621
52 2 944
52 2 669
52 2 0
52 2 0
52 2 0
53 2 0
53 2 921
53 2 351
53 2 455
53 2 0
53 2 0
53 2 0
54 2 0
54 2 336
54 2 369
54 2 854
54 2 426
54 2 0
54 2 0
54 2 679
54 2 576
54 2 0
54 2 0
54 2 0
55 2 0
55 2 817
55 2 157
55 2 199
55 2 324
55 2 648
55 2 290
55 2 0
55 2 0
55 2 0
56 1 0
56 1 0
57 1 0
57 1 0
58 1 0
58 1 0
59 2 0
59 2 608
59 2 447
59 2 705
59 2 0
59 2 0
59 2 0
60 1 0
60 1 435
60 1 686
60 1 160
60 1 183
60 1 835
60 1 490
60 1 471
60 1 0
61 1 0
61 1 130
61 1 0
62 1 0
62 1 518
62 1 497
62 1 404
62 1 0
62 1 0
62 1 95
62 1 398
62 1 0
63 1 0
63 1 266
63 1 562
63 1 275
63 1 310
63 1 748
63 1 166
63 1 27
63 1 0
63 1 0
63 1 0
64 1 0
64 1 611
64 1 647
64 1 289
64 1 135
64 1 0
64 1 0
64 1 0
65 1 0
65 1 94
65 1 0
66 2 0
66 2 399
66 2 680
66 2 396
66 2 977
66 2 438
66 2 481
66 2 509
66 2 0
66 2 0
66 2 0
67 1 0
67 1 809
67 1 430
67 1 334
67 1 938
67 1 755
67 1 800
67 1 0
67 1 0
67 1 47
67 1 0
68 1 0
68 1 699
68 1 646
68 1 392
68 1 30
68 1 628
68 1 937
68 1 211
68 1 0
68 1 0
69 2 0
69 2 340
69 2 781
69 2 188
69 2 425
69 2 776
69 2 668
69 2 0
70 2 0
70 2 969
70 2 803
70 2 66
70 2 0
71 1 0
71 1 989
71 1 751
71 1 673
71 1 485
71 1 0
71 1 0
71 1 876
71 1 753
71 1 929
71 1 0
72 2 0
72 2 996
72 2 870
72 2 797
72 2 81
72 2 272
72 2 0
72 2 0
72 2 873
72 2 581
72 2 434
72 2 0
73 2 0
73 2 644
73 2 329
73 2 453
73 2 88
73 2 71
73 2 44
73 2 383
73 2 0
73 2 0
73 2 0
74 1 0
74 1 902
74 1 84
74 1 709
74 1 757
74 1 0
74 1 0
74 1 0
75 2 0
75 2 151
75 2 734
75 2 965
75 2 971
75 2 480
75 2 0
76 1 0
76 1 568
76 1 918
76 1 309
76 1 675
76 1 0
77 2 0
77 2 511
77 2 777
77 2 79
77 2 663
77 2 601
77 2 0
77 2 0
77 2 11
77 2 0
78 2 0
78 2 410
78 2 943
78 2 941
78 2 973
78 2 0
78 2 0
78 2 43
78 2 0
79 2 0
79 2 233
79 2 134
79 2 175
79 2 420
79 2 376
79 2 140
79 2 218
79 2 701
79 2 80
79 2 494
79 2 0
79 2 0
79 2 0
79 2 0
80 1 0
80 1 321
80 1 177
80 1 330
80 1 0
81 1 0
81 1 756
81 1 794
81 1 874
81 1 655
81 1 0
81 1 0
81 1 33
81 1 0
82 1 0
82 1 193
82 1 840
82 1 0
83 1 0
83 1 328
83 1 771
83 1 492
83 1 413
83 1 0
83 1 0
83 1 0
84 2 0
84 2 186
84 2 735
84 2 172
84 2 761
84 2 758
84 2 595
84 2 587
84 2 0
85 1 0
85 1 226
85 1 887
85 1 118
85 1 656
85 1 936
85 1 630
85 1 0
86 2 0
86 2 411
86 2 642
86 2 190
86 2 832
86 2 857
86 2 0
87 1 0
87 1 150
87 1 894
87 1 0
88 1 0
88 1 417
88 1 877
88 1 881
88 1 298
88 1 0
89 2 0
89 2 930
89 2 764
89 2 126
89 2 214
89 2 0
89 2 0
89 2 960
89 2 24
89 2 0
90 1 0
90 1 18
90 1 891
90 1 341
90 1 571
90 1 672
90 1 0
90 1 0
90 1 0
91 2 0
91 2 564
91 2 695
91 2 657
91 2 173
91 2 848
91 2 0
91 2 0
91 2 0
92 1 0
92 1 273
92 1 746
92 1 25
92 1 582
92 1 726
92 1 83
92 1 0
92 1 0
92 1 0
92 1 0
93 2 0
93 2 934
93 2 991
93 2 578
93 2 365
93 2 23
93 2 91
93 2 0
93 2 0
93 2 0
94 1 0
94 1 861
94 1 393
94 1 457
94 1 119
94 1 28
94 1 824
94 1 0
94 1 0
95 2 0
95 2 718
95 2 0
95 2 0
95 2 0
96 2 0
96 2 604
96 2 182
96 2 0
97 2 0
97 2 366
97 2 493
97 2 778
97 2 97
97 2 465
97 2 0
97 2 0
97 2 0
98 2 0
98 2 697
98 2 429
98 2 805
98 2 466
98 2 0
99 1 0
99 1 85
99 1 842
99 1 779
99 1 0
100 2 0
100 2 640
100 2 998
100 2 554
100 2 624
100 2 515
100 2 847
100 2 0
100 2 0
100 2 0
101 2 0
101 2 685
101 2 10
101 2 727
101 2 0
101 2 0
101 2 0
102 1 0
102 1 167
102 1 782
102 1 997
102 1 82
102 1 0
102 1 0
102 1 0
103 2 0
103 2 557
103 2 812
103 2 287
103 2 0
103 2 0
103 2 0
104 2 0
104 2 59
104 2 659
104 2 838
104 2 342
104 2 750
104 2 607
104 2 0
105 2 0
105 2 586
105 2 904
105 2 311
105 2 0
106 2 0
106 2 999
106 2 719
106 2 622
106 2 573
106 2 883
106 2 942
106 2 994
106 2 265
106 2 0
106 2 0
106 2 0
106 2 0
107 2 0
107 2 948
107 2 0
108 1 0
108 1 282
108 1 730
108 1 0
108 1 0
108 1 661
108 1 0
109 2 0
109 2 31
109 2 849
109 2 385
109 2 976
109 2 875
109 2 122
109 2 983
109 2 558
109 2 706
109 2 0
109 2 0
110 1 0
110 1 484
110 1 0
111 1 0
111 1 247
111 1 908
111 1 144
111 1 951
111 1 245
111 1 414
111 1 1011
111 1 0
111 1 1011
111 1 789
111 1 0
112 1 0
112 1 496
112 1 301
112 1 127
112 1 626
112 1 0
112 1 0
112 1 0
112 1 0
113 2 0
113 2 458
113 2 534
113 2 792
113 2 613
113 2 488
113 2 187
113 2 0
113 2 0
113 2 662
113 2 619
113 2 0
114 2 0
114 2 830
114 2 862
114 2 596
114 2 0
114 2 0
114 2 546
114 2 0
115 2 0
115 2 149
115 2 332
115 2 142
115 2 320
115 2 0
115 2 0
115 2 479
115 2 0
116 1 0
116 1 660
116 1 773
116 1 98
116 1 0
116 1 0
116 1 0
116 1 530
116 1 638
116 1 0
117 1 0
117 1 294
117 1 950
117 1 927
117 1 318
117 1 0
117 1 0
117 1 367
117 1 412
117 1 0
118 2 0
118 2 819
118 2 364
118 2 467
118 2 382
118 2 461
118 2 46
118 2 104
118 2 0
119 1 0
119 1 665
119 1 559
119 1 555
119 1 432
119 1 34
119 1 339
119 1 526
119 1 0
119 1 0
119 1 0
119 1 0
120 1 0
120 1 445
120 1 348
120 1 0
121 2 0
121 2 78
121 2 627
121 2 898
121 2 0
122 2 0
122 2 251
122 2 988
122 2 0
123 1 0
123 1 703
123 1 407
123 1 505
123 1 0
123 1 0
124 1 0
124 1 828
124 1 0
124 1 0
124 1 683
124 1 0
124 1 0
124 1 536
124 1 0
125 2 0
125 2 720
125 2 502
125 2 346
125 2 0
126 2 0
126 2 313
126 2 903
126 2 0
126 2 0
126 2 221
126 2 0
127 1 0
127 1 109
127 1 853
127 1 825
127 1 0
127 1 0
127 1 29
127 1 0
128 2 0
128 2 712
128 2 653
128 2 448
128 2 681
128 2 0
128 2 0
128 2 165
128 2 305
128 2 0
129 2 0
129 2 296
129 2 145
129 2 917
129 2 0
129 2 0
129 2 920
129 2 772
129 2 317
129 2 0
130 2 0
130 2 271
130 2 827
130 2 156
130 2 728
130 2 823
130 2 0
130 2 0
130 2 0
131 2 0
131 2 53
131 2 503
131 2 0
132 2 0
132 2 523
132 2 995
132 2 0
132 2 0
132 2 0
133 2 0
133 2 634
133 2 387
133 2 566
133 2 972
133 2 0
133 2 0
133 2 818
133 2 786
133 2 0
133 2 0
133 2 0
134 1 0
134 1 42
134 1 615
134 1 327
134 1 617
134 1 381
134 1 0
134 1 0
135 2 0
135 2 240
135 2 249
135 2 522
135 2 0
135 2 0
135 2 406
135 2 0
136 2 0
136 2 32
136 2 839
136 2 6
136 2 89
136 2 0
137 1 0
137 1 811
137 1 556
137 1 0
138 2 0
138 2 670
138 2 698
138 2 35
138 2 263
138 2 760
138 2 651
138 2 895
138 2 0
138 2 0
139 2 0
139 2 409
139 2 743
139 2 860
139 2 236
139 2 723
139 2 108
139 2 90
139 2 0
139 2 0
140 1 0
140 1 69
140 1 1000
140 1 913
140 1 0
140 1 0
140 1 0
140 1 0
141 1 0
141 1 744
141 1 625
141 1 981
141 1 72
141 1 308
141 1 105
141 1 961
141 1 0
141 1 0
142 1 0
142 1 384
142 1 0
142 1 0
142 1 15
142 1 928
142 1 0
142 1 0
143 2 0
143 2 514
143 2 498
143 2 123
143 2 73
143 2 548
143 2 740
143 2 0
143 2 0
143 2 0
143 2 0
144 1 0
144 1 402
144 1 733
144 1 636
144 1 0
144 1 0
144 1 0
144 1 588
144 1 201
144 1 415
144 1 0
144 1 0
145 1 0
145 1 722
145 1 635
145 1 464
145 1 370
145 1 632
145 1 737
145 1 704
145 1 0
145 1 0
145 1 0
145 1 0
146 2 0
146 2 982
146 2 368
146 2 914
146 2 834
146 2 0
146 2 0
146 2 0
146 2 112
146 2 905
146 2 0
147 2 0
147 2 374
147 2 788
147 2 131
147 2 196
147 2 872
147 2 331
147 2 326
147 2 0
147 2 0
147 2 0
147 2 0
148 2 0
148 2 22
148 2 978
148 2 316
148 2 325
148 2 176
148 2 5
148 2 68
148 2 0
148 2 0
149 1 0
149 1 222
149 1 0
150 1 0
150 1 277
150 1 690
150 1 357
150 1 0
150 1 0
150 1 0
150 1 765
150 1 0
151 1 0
151 1 986
151 1 482
151 1 0
151 1 0
151 1 0
151 1 912
151 1 0
152 2 0
152 2 449
152 2 460
152 2 725
152 2 0
152 2 0
152 2 372
152 2 55
152 2 252
152 2 915
152 2 0
153 1 0
153 1 450
153 1 303
153 1 959
153 1 671
153 1 209
153 1 49
153 1 386
153 1 0
153 1 0
154 1 0
154 1 377
154 1 598
154 1 373
154 1 116
154 1 0
154 1 0
154 1 0
154 1 0
155 2 0
155 2 60
155 2 859
155 2 924
155 2 882
155 2 299
155 2 491
155 2 146
155 2 0
155 2 0
156 1 0
156 1 243
156 1 884
156 1 867
156 1 0
156 1 0
156 1 0
156 1 0
157 1 0
157 1 0
158 2 0
158 2 745
158 2 0
158 2 0
158 2 506
158 2 0
159 2 0
159 2 184
159 2 893
159 2 747
159 2 674
159 2 517
159 2 0
159 2 0
159 2 0
159 2 87
159 2 0
160 2 0
160 2 224
160 2 238
160 2 198
160 2 966
160 2 210
160 2 433
160 2 0
160 2 0
160 2 0
160 2 0
161 2 0
161 2 643
161 2 0
161 2 0
161 2 253
161 2 890
161 2 845
161 2 295
161 2 829
161 2 0
161 2 0
162 1 0
162 1 569
162 1 0
163 2 0
163 2 137
163 2 979
163 2 499
163 2 0
164 2 0
164 2 993
164 2 0
165 2 0
165 2 451
165 2 0
166 2 0
166 2 155
166 2 618
166 2 0
166 2 0
166 2 0
167 2 0
167 2 267
167 2 197
167 2 286
167 2 552
167 2 241
167 2 0
167 2 0
168 2 0
168 2 268
168 2 333
168 2 0
169 2 0
169 2 684
169 2 194
169 2 597
169 2 623
169 2 117
169 2 169
169 2 378
169 2 0
169 2 0
170 2 0
170 2 416
170 2 507
170 2 649
170 2 878
170 2 280
170 2 0
170 2 0
171 2 0
171 2 120
171 2 21
171 2 851
171 2 931
171 2 363
171 2 892
171 2 139
171 2 260
171 2 0
171 2 0
172 1 0
172 1 362
172 1 667
172 1 76
172 1 242
172 1 0
172 1 0
172 1 0
172 1 0
173 1 0
173 1 297
173 1 579
173 1 0
173 1 0
174 2 0
174 2 322
174 2 0
175 2 0
175 2 61
175 2 528
175 2 244
175 2 567
175 2 361
175 2 353
175 2 443
175 2 0
175 2 0
175 2 0
175 2 0
176 1 0
176 1 103
176 1 946
176 1 631
176 1 427
176 1 963
176 1 344
176 1 0
176 1 0
176 1 0
176 1 0
177 1 0
177 1 900
177 1 901
177 1 96
177 1 75
177 1 0
177 1 0
178 1 0
178 1 100
178 1 227
178 1 206
178 1 452
178 1 0
178 1 0
178 1 0
178 1 0
179 2 0
179 2 770
179 2 422
179 2 687
179 2 138
179 2 375
179 2 0
179 2 0
179 2 0
179 2 0
180 2 0
180 2 256
180 2 916
180 2 56
180 2 162
180 2 633
180 2 984
180 2 795
180 2 0
180 2 0
181 2 0
181 2 129
181 2 203
181 2 347
181 2 225
181 2 358
181 2 696
181 2 519
181 2 0
181 2 0
181 2 0
181 2 0
182 1 0
182 1 486
182 1 599
182 1 879
182 1 836
182 1 585
182 1 0
182 1 0
182 1 0
182 1 0
183 2 0
183 2 639
183 2 0
184 2 0
184 2 549
184 2 864
184 2 3
184 2 547
184 2 0
184 2 0
185 1 0
185 1 379
185 1 768
185 1 159
185 1 285
185 1 629
185 1 0
185 1 0
185 1 0
185 1 0
186 2 0
186 2 953
186 2 691
186 2 174
186 2 306
186 2 589
186 2 278
186 2 787
186 2 0
186 2 0
186 2 0
186 2 0
187 2 0
187 2 711
187 2 858
187 2 0
188 1 0
188 1 560
188 1 0
188 1 0
189 2 0
189 2 483
189 2 343
189 2 575
189 2 0
189 2 0
189 2 0
189 2 202
189 2 0
190 2 0
190 2 115
190 2 821
190 2 258
190 2 926
190 2 0
190 2 0
190 2 0
190 2 0
191 1 0
191 1 215
191 1 355
191 1 769
191 1 533
191 1 228
191 1 0
191 1 0
191 1 0
191 1 0
192 1 0
192 1 52
192 1 592
192 1 121
192 1 896
192 1 231
192 1 0
192 1 0
193 1 0
193 1 952
193 1 439
193 1 0
193 1 0
194 1 0
194 1 403
194 1 302
194 1 614
194 1 833
194 1 300
194 1 0
194 1 0
194 1 0
194 1 0
195 2 0
195 2 20
195 2 132
195 2 444
195 2 147
195 2 26
195 2 889
195 2 0
195 2 0
195 2 0
195 2 0
196 2 0
196 2 962
196 2 739
196 2 774
196 2 702
196 2 315
196 2 0
196 2 0
196 2 0
196 2 0
197 1 0
197 1 261
197 1 388
197 1 736
197 1 766
197 1 637
197 1 0
197 1 0
197 1 0
197 1 0
198 2 0
198 2 111
198 2 933
198 2 0
198 2 0
198 2 0
198 2 713
198 2 65
198 2 431
198 2 0
198 2 0
199 1 0
199 1 312
199 1 70
199 1 48
199 1 658
199 1 537
199 1 0
199 1 0
199 1 0
199 1 0
200 1 0
200 1 16
200 1 143
200 1 235
200 1 0
200 1 0
200 1 0
200 1 0
201 1 0
201 1 350
201 1 0
201 1 0
201 1 0
201 1 219
201 1 620
201 1 0
201 1 0
202 2 0
202 2 1
202 2 804
202 2 0
202 2 0
202 2 0
202 2 195
202 2 594
202 2 0
202 2 0
203 1 0
203 1 234
203 1 405
203 1 239
203 1 390
203 1 0
203 1 0
203 1 0
203 1 2
203 1 0
204 1 0
204 1 487
204 1 775
204 1 729
204 1 62
204 1 0
204 1 0
204 1 0
204 1 0
205 1 0
205 1 262
205 1 213
205 1 888
205 1 572
205 1 0
205 1 0
205 1 0
205 1 0
206 2 0
206 2 968
206 2 337
206 2 935
206 2 584
206 2 371
206 2 0
206 2 0
206 2 0
206 2 0
207 1 0
207 1 886
207 1 500
207 1 780
207 1 50
207 1 527
207 1 0
207 1 0
207 1 0
207 1 0
208 1 0
208 1 110
208 1 731
208 1 0
208 1 0
209 2 0
209 2 822
209 2 0
209 2 0
209 2 0
209 2 0
210 1 0
210 1 551
210 1 395
210 1 0
210 1 0
211 2 0
211 2 688
211 2 67
211 2 540
211 2 583
211 2 270
211 2 0
211 2 0
212 2 0
212 2 424
212 2 762
212 2 0
212 2 0
212 2 0
212 2 0
213 1 0
213 1 185
213 1 987
213 1 958
213 1 51
213 1 0
213 1 0
213 1 0
213 1 0
214 2 0
214 2 421
214 2 192
214 2 469
214 2 19
214 2 957
214 2 869
214 2 0
214 2 0
215 1 0
215 1 956
215 1 474
215 1 0
215 1 0
215 1 0
215 1 77
215 1 708
215 1 12
215 1 0
215 1 0
216 1 0
216 1 985
216 1 39
216 1 359
216 1 0
216 1 0
216 1 0
216 1 0
217 1 0
217 1 179
217 1 0
217 1 0
217 1 0
217 1 521
217 1 274
217 1 0
217 1 0
218 1 0
218 1 152
218 1 0
219 1 0
219 1 13
219 1 0
219 1 0
