total cost: 345449
1 2 0
1 2 553
1 2 288
1 2 767
1 2 0
1 2 0
1 2 616
1 2 180
1 2 257
1 2 932
1 2 0
2 1 0
2 1 220
2 1 802
2 1 0
2 1 0
2 1 463
2 1 539
2 1 693
2 1 0
3 1 0
3 1 254
3 1 577
3 1 408
3 1 801
3 1 459
3 1 0
3 1 0
3 1 790
3 1 0
3 1 0
3 1 141
3 1 0
4 2 0
4 2 645
4 2 865
4 2 189
4 2 428
4 2 0
4 2 0
4 2 307
4 2 793
4 2 654
4 2 0
5 2 0
5 2 605
5 2 593
5 2 754
5 2 947
5 2 974
5 2 716
5 2 525
5 2 8
5 2 476
5 2 205
5 2 0
6 1 0
6 1 57
6 1 843
6 1 281
6 1 717
6 1 532
6 1 423
6 1 544
6 1 304
6 1 0
6 1 0
6 1 0
7 2 0
7 2 856
7 2 763
7 2 831
7 2 939
7 2 0
7 2 0
7 2 954
7 2 161
7 2 652
7 2 520
7 2 535
7 2 0
8 1 0
8 1 354
8 1 442
8 1 749
8 1 319
8 1 401
8 1 0
8 1 0
8 1 0
9 1 0
9 1 170
9 1 400
9 1 798
9 1 468
9 1 641
9 1 742
9 1 0
10 2 0
10 2 154
10 2 0
10 2 0
10 2 37
10 2 855
10 2 269
10 2 397
10 2 212
10 2 0
11 1 0
11 1 462
11 1 813
11 1 478
11 1 975
11 1 0
11 1 0
11 1 454
11 1 283
11 1 919
11 1 475
11 1 0
12 2 0
12 2 4
12 2 911
12 2 899
12 2 250
12 2 826
12 2 759
12 2 0
12 2 0
12 2 124
12 2 229
12 2 799
12 2 0
13 1 0
13 1 689
13 1 380
13 1 700
13 1 783
13 1 477
13 1 897
13 1 0
14 1 0
14 1 710
14 1 440
14 1 391
14 1 107
14 1 0
14 1 0
14 1 504
14 1 0
15 2 0
15 2 501
15 2 682
15 2 922
15 2 101
15 2 217
15 2 470
15 2 815
15 2 360
15 2 223
15 2 0
16 2 0
16 2 602
16 2 237
16 2 570
16 2 0
16 2 0
16 2 612
16 2 590
16 2 0
17 2 0
17 2 164
17 2 92
17 2 216
17 2 732
17 2 600
17 2 0
18 2 0
18 2 841
18 2 7
18 2 543
18 2 992
18 2 437
18 2 40
18 2 246
18 2 990
18 2 844
18 2 0
18 2 0
18 2 0
19 2 0
19 2 284
19 2 58
19 2 264
19 2 99
19 2 807
19 2 293
19 2 0
20 2 0
20 2 714
20 2 248
20 2 510
20 2 356
20 2 0
21 1 0
21 1 565
21 1 850
21 1 871
21 1 541
21 1 338
21 1 204
21 1 0
21 1 0
21 1 591
21 1 230
21 1 0
22 2 0
22 2 473
22 2 863
22 2 816
22 2 910
22 2 36
22 2 524
22 2 0
22 2 0
22 2 148
22 2 0
23 2 0
23 2 291
23 2 542
23 2 266
23 2 399
23 2 680
23 2 873
23 2 438
23 2 581
23 2 509
23 2 0
23 2 0
23 2 0
24 1 0
24 1 128
24 1 925
24 1 9
24 1 741
24 1 0
24 1 0
24 1 171
24 1 114
24 1 508
24 1 967
24 1 0
25 1 0
25 1 866
25 1 54
25 1 489
25 1 721
25 1 324
25 1 0
25 1 0
25 1 0
26 1 0
26 1 820
26 1 715
26 1 902
26 1 418
26 1 84
26 1 709
26 1 323
26 1 208
26 1 0
26 1 0
26 1 0
26 1 0
27 2 0
27 2 868
27 2 738
27 2 609
27 2 349
27 2 0
27 2 0
27 2 63
27 2 785
27 2 472
27 2 0
27 2 0
27 2 0
28 2 0
28 2 113
28 2 456
28 2 102
28 2 351
28 2 921
28 2 0
28 2 0
28 2 810
28 2 784
28 2 964
28 2 191
28 2 0
29 2 0
29 2 389
29 2 538
29 2 446
29 2 580
29 2 232
29 2 808
29 2 495
29 2 852
29 2 692
29 2 0
30 1 0
30 1 907
30 1 796
30 1 0
31 1 0
31 1 158
31 1 531
31 1 806
31 1 814
31 1 93
31 1 945
31 1 880
31 1 0
31 1 0
31 1 0
32 1 0
32 1 17
32 1 292
32 1 38
32 1 0
32 1 0
32 1 0
33 2 0
33 2 529
33 2 603
33 2 644
33 2 608
33 2 447
33 2 0
33 2 0
33 2 678
33 2 436
33 2 0
34 2 0
34 2 14
34 2 666
34 2 207
34 2 168
34 2 71
34 2 44
34 2 383
34 2 545
34 2 906
34 2 0
35 2 0
35 2 441
35 2 329
35 2 676
35 2 969
35 2 803
35 2 512
35 2 0
35 2 0
35 2 0
36 2 0
36 2 606
36 2 955
36 2 562
36 2 752
36 2 410
36 2 664
36 2 0
36 2 0
36 2 561
36 2 276
36 2 0
37 2 0
37 2 153
37 2 453
37 2 88
37 2 578
37 2 0
37 2 0
37 2 949
37 2 513
37 2 679
37 2 0
38 1 0
38 1 846
38 1 854
38 1 0
38 1 0
38 1 791
38 1 940
38 1 125
38 1 0
39 2 0
39 2 335
39 2 193
39 2 840
39 2 0
39 2 0
39 2 650
39 2 178
39 2 0
40 1 0
40 1 133
40 1 707
40 1 106
40 1 64
40 1 923
40 1 0
40 1 0
40 1 0
41 2 0
41 2 279
41 2 611
41 2 647
41 2 255
41 2 86
41 2 314
41 2 0
41 2 0
41 2 0
42 1 0
42 1 563
42 1 677
42 1 345
42 1 136
42 1 259
42 1 0
43 1 0
43 1 45
43 1 809
43 1 930
43 1 771
43 1 492
43 1 977
43 1 396
43 1 0
43 1 0
43 1 837
43 1 0
44 1 0
44 1 336
44 1 369
44 1 0
44 1 0
44 1 435
44 1 686
44 1 160
44 1 0
44 1 0
44 1 0
45 1 0
45 1 394
45 1 991
45 1 934
45 1 78
45 1 0
45 1 0
45 1 909
45 1 971
45 1 965
45 1 734
45 1 0
46 1 0
46 1 518
46 1 497
46 1 610
46 1 574
46 1 419
46 1 150
46 1 621
46 1 0
46 1 0
46 1 0
46 1 0
47 2 0
47 2 817
47 2 751
47 2 157
47 2 199
47 2 485
47 2 0
47 2 0
47 2 0
48 1 0
48 1 455
48 1 724
48 1 0
49 2 0
49 2 576
49 2 753
49 2 838
49 2 0
50 1 0
50 1 550
50 1 74
50 1 0
51 2 0
51 2 980
51 2 289
51 2 675
51 2 309
51 2 0
51 2 0
51 2 0
52 2 0
52 2 352
52 2 200
52 2 0
53 1 0
53 1 648
53 1 290
53 1 0
53 1 0
53 1 95
53 1 885
53 1 776
53 1 0
54 2 0
54 2 699
54 2 996
54 2 870
54 2 272
54 2 0
54 2 0
54 2 41
54 2 417
54 2 918
54 2 779
54 2 0
55 1 0
55 1 646
55 1 334
55 1 938
55 1 755
55 1 0
55 1 0
55 1 876
55 1 944
55 1 669
55 1 857
55 1 0
56 1 0
56 1 340
56 1 781
56 1 188
56 1 0
56 1 0
56 1 398
56 1 80
56 1 494
56 1 287
56 1 0
56 1 0
56 1 0
57 1 0
57 1 989
57 1 233
57 1 134
57 1 175
57 1 0
57 1 0
57 1 970
57 1 748
57 1 0
57 1 0
57 1 0
58 1 0
58 1 392
58 1 366
58 1 81
58 1 628
58 1 937
58 1 0
58 1 0
58 1 0
59 2 0
59 2 275
59 2 310
59 2 973
59 2 118
59 2 0
59 2 0
59 2 166
59 2 0
60 1 0
60 1 151
60 1 457
60 1 119
60 1 301
60 1 0
61 1 0
61 1 181
61 1 948
61 1 761
61 1 595
61 1 0
62 2 0
62 2 673
62 2 887
62 2 891
62 2 685
62 2 936
62 2 656
62 2 265
62 2 0
62 2 0
62 2 0
63 2 0
63 2 511
63 2 777
63 2 663
63 2 425
63 2 79
63 2 0
63 2 0
63 2 11
63 2 434
63 2 0
64 2 0
64 2 943
64 2 941
64 2 413
64 2 214
64 2 0
64 2 0
64 2 694
64 2 481
64 2 630
64 2 0
64 2 0
64 2 0
65 2 0
65 2 321
65 2 177
65 2 701
65 2 601
65 2 515
65 2 624
65 2 812
65 2 0
66 2 0
66 2 835
66 2 490
66 2 471
66 2 847
66 2 0
67 2 0
67 2 186
67 2 894
67 2 172
67 2 758
67 2 587
67 2 211
67 2 135
67 2 0
68 2 0
68 2 756
68 2 794
68 2 458
68 2 622
68 2 187
68 2 626
68 2 0
68 2 0
68 2 0
69 1 0
69 1 430
69 1 764
69 1 997
69 1 800
69 1 778
69 1 0
69 1 0
69 1 94
69 1 668
69 1 0
70 2 0
70 2 328
70 2 126
70 2 730
70 2 0
70 2 0
70 2 183
70 2 960
70 2 536
70 2 0
71 1 0
71 1 226
71 1 393
71 1 861
71 1 818
71 1 0
71 1 0
71 1 0
72 1 0
72 1 411
72 1 426
72 1 0
73 2 0
73 2 757
73 2 0
74 2 0
74 2 718
74 2 0
74 2 0
74 2 0
75 2 0
75 2 18
75 2 332
75 2 792
75 2 613
75 2 523
75 2 0
75 2 0
75 2 47
75 2 516
75 2 0
76 2 0
76 2 564
76 2 695
76 2 657
76 2 0
76 2 0
76 2 568
76 2 881
76 2 298
76 2 0
77 1 0
77 1 273
77 1 805
77 1 927
77 1 466
77 1 877
77 1 0
78 2 0
78 2 30
78 2 660
78 2 25
78 2 582
78 2 726
78 2 0
78 2 0
78 2 27
78 2 480
78 2 0
79 2 0
79 2 404
79 2 247
79 2 908
79 2 0
79 2 0
79 2 604
79 2 929
79 2 0
80 2 0
80 2 557
80 2 0
81 2 0
81 2 697
81 2 797
81 2 429
81 2 735
81 2 484
81 2 85
81 2 465
81 2 0
82 1 0
82 1 640
82 1 554
82 1 559
82 1 555
82 1 34
82 1 0
82 1 0
82 1 0
82 1 311
82 1 0
83 1 0
83 1 167
83 1 830
83 1 819
83 1 0
83 1 0
83 1 705
83 1 848
83 1 750
83 1 342
83 1 0
84 2 0
84 2 59
84 2 627
84 2 365
84 2 173
84 2 951
84 2 607
84 2 91
84 2 789
84 2 0
84 2 0
84 2 0
84 2 0
85 2 0
85 2 586
85 2 376
85 2 432
85 2 339
85 2 0
85 2 0
85 2 0
86 1 0
86 1 661
86 1 23
86 1 0
87 1 0
87 1 999
87 1 719
87 1 341
87 1 0
87 1 0
87 1 479
87 1 727
87 1 0
87 1 0
87 1 0
88 1 0
88 1 31
88 1 849
88 1 832
88 1 190
88 1 619
88 1 53
88 1 503
88 1 0
88 1 0
89 2 0
89 2 282
89 2 296
89 2 0
89 2 0
89 2 662
89 2 983
89 2 706
89 2 0
90 1 0
90 1 746
90 1 988
90 1 318
90 1 0
90 1 0
90 1 330
90 1 0
91 2 0
91 2 874
91 2 828
91 2 0
91 2 0
91 2 97
91 2 842
91 2 0
92 1 0
92 1 655
92 1 0
92 1 0
92 1 218
92 1 140
92 1 526
92 1 928
92 1 0
92 1 0
93 1 0
93 1 496
93 1 942
93 1 883
93 1 994
93 1 0
94 1 0
94 1 782
94 1 862
94 1 596
94 1 467
94 1 493
94 1 0
94 1 0
94 1 0
94 1 66
94 1 0
95 1 0
95 1 420
95 1 131
95 1 196
95 1 448
95 1 331
95 1 326
95 1 373
95 1 0
95 1 0
95 1 0
95 1 0
96 1 0
96 1 149
96 1 534
96 1 634
96 1 825
96 1 0
96 1 0
96 1 0
96 1 546
96 1 0
97 2 0
97 2 294
97 2 950
97 2 82
97 2 672
97 2 824
97 2 412
97 2 0
97 2 0
97 2 0
98 1 0
98 1 642
98 1 327
98 1 615
98 1 253
98 1 651
98 1 0
98 1 0
98 1 0
98 1 24
98 1 0
99 1 0
99 1 530
99 1 920
99 1 772
99 1 0
100 1 0
100 1 10
100 1 406
100 1 0
101 1 0
101 1 445
101 1 653
101 1 0
101 1 0
101 1 367
101 1 222
101 1 0
101 1 0
101 1 0
102 1 0
102 1 665
102 1 522
102 1 872
102 1 116
102 1 811
102 1 0
102 1 0
102 1 0
102 1 0
103 1 0
103 1 659
103 1 144
103 1 823
103 1 505
103 1 0
103 1 0
103 1 0
103 1 0
104 2 0
104 2 898
104 2 182
104 2 0
105 1 0
105 1 251
105 1 720
105 1 588
105 1 201
105 1 415
105 1 83
105 1 0
105 1 0
106 2 0
106 2 703
106 2 827
106 2 728
106 2 548
106 2 617
106 2 0
106 2 0
106 2 0
106 2 0
107 2 0
107 2 245
107 2 498
107 2 740
107 2 895
107 2 0
107 2 0
107 2 0
108 1 0
108 1 414
108 1 221
108 1 558
108 1 0
108 1 0
108 1 0
108 1 0
109 2 0
109 2 683
109 2 571
109 2 6
109 2 912
109 2 104
109 2 461
109 2 346
109 2 0
109 2 0
110 2 0
110 2 313
110 2 903
110 2 98
110 2 635
110 2 0
110 2 0
110 2 904
110 2 499
110 2 0
111 1 0
111 1 109
111 1 853
111 1 387
111 1 0
111 1 0
111 1 163
111 1 0
112 2 0
112 2 998
112 2 712
112 2 681
112 2 317
112 2 569
112 2 0
112 2 0
112 2 0
112 2 0
113 2 0
113 2 142
113 2 320
113 2 460
113 2 725
113 2 0
113 2 0
113 2 165
113 2 1000
113 2 68
113 2 0
114 2 0
114 2 502
114 2 986
114 2 0
114 2 0
114 2 638
114 2 556
114 2 305
114 2 0
115 2 0
115 2 271
115 2 407
115 2 156
115 2 834
115 2 381
115 2 0
115 2 0
116 1 0
116 1 364
116 1 743
116 1 860
116 1 723
116 1 236
116 1 0
116 1 0
116 1 0
116 1 28
116 1 0
117 1 0
117 1 385
117 1 35
117 1 122
117 1 875
117 1 993
117 1 0
117 1 0
117 1 0
117 1 0
118 1 0
118 1 488
118 1 573
118 1 859
118 1 882
118 1 299
118 1 433
118 1 242
118 1 0
118 1 0
118 1 0
118 1 0
119 2 0
119 2 145
119 2 839
119 2 924
119 2 252
119 2 915
119 2 241
119 2 0
119 2 0
120 1 0
120 1 42
120 1 698
120 1 760
120 1 263
120 1 905
120 1 890
120 1 579
120 1 0
120 1 0
121 1 0
121 1 240
121 1 249
121 1 0
121 1 0
121 1 0
121 1 202
121 1 46
121 1 90
121 1 0
121 1 0
122 1 0
122 1 670
122 1 914
122 1 123
122 1 73
122 1 0
122 1 0
123 1 0
123 1 409
123 1 384
123 1 238
123 1 60
123 1 146
123 1 667
123 1 491
123 1 0
123 1 0
123 1 0
123 1 0
124 1 0
124 1 976
124 1 636
124 1 0
124 1 0
124 1 0
124 1 0
125 2 0
125 2 744
125 2 625
125 2 981
125 2 507
125 2 649
125 2 378
125 2 599
125 2 0
125 2 0
125 2 0
125 2 0
126 2 0
126 2 32
126 2 917
126 2 382
126 2 0
127 1 0
127 1 15
127 1 598
127 1 978
127 1 325
127 1 0
127 1 0
127 1 0
127 1 0
128 1 0
128 1 514
128 1 916
128 1 56
128 1 162
128 1 962
128 1 0
128 1 0
128 1 0
128 1 0
129 1 0
129 1 402
129 1 773
129 1 0
129 1 0
129 1 348
129 1 0
129 1 0
129 1 0
130 1 0
130 1 722
130 1 464
130 1 733
130 1 370
130 1 0
130 1 0
130 1 0
130 1 995
130 1 0
131 1 0
131 1 982
131 1 953
131 1 984
131 1 845
131 1 0
131 1 0
131 1 0
131 1 0
132 1 0
132 1 374
132 1 788
132 1 137
132 1 316
132 1 0
132 1 0
132 1 0
132 1 127
132 1 0
133 1 0
133 1 22
133 1 972
133 1 867
133 1 0
133 1 0
133 1 0
133 1 130
133 1 0
134 2 0
134 2 690
134 2 277
134 2 357
134 2 633
134 2 829
134 2 795
134 2 65
134 2 0
134 2 0
134 2 0
134 2 0
135 2 0
135 2 786
135 2 0
135 2 0
135 2 0
136 2 0
136 2 566
136 2 268
136 2 0
136 2 0
136 2 69
136 2 0
137 2 0
137 2 377
137 2 267
137 2 0
137 2 0
137 2 913
137 2 87
137 2 0
137 2 0
137 2 0
138 2 0
138 2 449
138 2 893
138 2 747
138 2 597
138 2 623
138 2 286
138 2 486
138 2 552
138 2 55
138 2 0
138 2 0
138 2 0
138 2 0
139 1 0
139 1 450
139 1 303
139 1 959
139 1 308
139 1 49
139 1 632
139 1 0
139 1 0
139 1 0
139 1 0
140 1 0
140 1 5
140 1 618
140 1 0
140 1 0
140 1 0
140 1 506
140 1 0
141 2 0
141 2 243
141 2 684
141 2 884
141 2 0
141 2 0
141 2 745
141 2 0
141 2 0
141 2 0
142 2 0
142 2 184
142 2 194
142 2 0
142 2 0
142 2 765
142 2 451
142 2 0
143 1 0
143 1 224
143 1 198
143 1 129
143 1 0
143 1 0
143 1 0
143 1 372
143 1 0
144 2 0
144 2 643
144 2 403
144 2 21
144 2 0
144 2 0
144 2 0
144 2 112
144 2 386
144 2 0
145 2 0
145 2 966
145 2 117
145 2 878
145 2 206
145 2 519
145 2 121
145 2 879
145 2 0
145 2 0
145 2 0
145 2 0
146 1 0
146 1 176
146 1 674
146 1 333
146 1 155
146 1 0
146 1 0
147 2 0
147 2 368
147 2 691
147 2 174
147 2 769
147 2 533
147 2 963
147 2 0
147 2 0
147 2 0
147 2 0
148 2 0
148 2 416
148 2 227
148 2 452
148 2 285
148 2 0
148 2 0
148 2 0
148 2 0
149 1 0
149 1 120
149 1 931
149 1 347
149 1 358
149 1 0
149 1 0
149 1 0
149 1 43
149 1 0
150 2 0
150 2 482
150 2 379
150 2 768
150 2 159
150 2 105
150 2 629
150 2 961
150 2 75
150 2 0
150 2 0
151 1 0
151 1 210
151 1 901
151 1 671
151 1 952
151 1 96
151 1 585
151 1 0
151 1 0
152 1 0
152 1 72
152 1 228
152 1 353
152 1 443
152 1 711
152 1 0
152 1 0
152 1 0
152 1 0
153 1 0
153 1 704
153 1 737
153 1 858
153 1 0
153 1 0
154 2 0
154 2 362
154 2 639
154 2 0
155 1 0
155 1 61
155 1 946
155 1 631
155 1 567
155 1 361
155 1 427
155 1 0
155 1 0
155 1 0
155 1 0
156 2 0
156 2 322
156 2 979
156 2 0
157 1 0
157 1 103
157 1 261
157 1 244
157 1 528
157 1 0
157 1 0
157 1 0
157 1 76
157 1 0
157 1 0
158 1 0
158 1 517
158 1 197
158 1 687
158 1 614
158 1 833
158 1 0
158 1 0
158 1 0
158 1 0
159 2 0
159 2 100
159 2 225
159 2 926
159 2 696
159 2 836
159 2 3
159 2 864
159 2 375
159 2 0
159 2 0
160 2 0
160 2 770
160 2 302
160 2 851
160 2 363
160 2 0
160 2 0
160 2 0
160 2 0
161 2 0
161 2 900
161 2 343
161 2 0
161 2 0
161 2 0
161 2 0
162 2 0
162 2 256
162 2 215
162 2 355
162 2 306
162 2 589
162 2 278
162 2 787
162 2 0
162 2 0
162 2 0
162 2 0
163 2 0
163 2 549
163 2 139
163 2 892
163 2 138
163 2 110
163 2 0
163 2 0
164 2 0
164 2 297
164 2 739
164 2 431
164 2 0
164 2 0
165 2 0
165 2 560
165 2 344
165 2 822
165 2 0
165 2 0
165 2 0
165 2 0
166 1 0
166 1 483
166 1 575
166 1 933
166 1 0
166 1 0
166 1 0
166 1 295
166 1 0
166 1 0
167 2 0
167 2 52
167 2 1
167 2 804
167 2 0
167 2 0
167 2 0
167 2 195
167 2 439
167 2 0
167 2 0
168 2 0
168 2 115
168 2 821
168 2 258
168 2 405
168 2 896
168 2 547
168 2 0
168 2 0
168 2 0
168 2 0
169 2 0
169 2 713
169 2 774
169 2 889
169 2 0
169 2 0
169 2 0
169 2 0
170 2 0
170 2 20
170 2 132
170 2 39
170 2 50
170 2 572
170 2 527
170 2 235
170 2 0
170 2 0
171 2 0
171 2 203
171 2 234
171 2 390
171 2 239
171 2 62
171 2 337
171 2 537
171 2 0
171 2 0
171 2 0
171 2 0
172 2 0
172 2 111
172 2 487
172 2 766
172 2 637
172 2 388
172 2 0
172 2 0
172 2 0
172 2 0
173 1 0
173 1 422
173 1 658
173 1 540
173 1 935
173 1 0
173 1 0
173 1 0
173 1 0
174 2 0
174 2 312
174 2 70
174 2 300
174 2 583
174 2 731
174 2 620
174 2 0
174 2 0
174 2 0
174 2 0
175 2 0
175 2 16
175 2 736
175 2 500
175 2 762
175 2 192
175 2 469
175 2 19
175 2 957
175 2 0
175 2 0
176 1 0
176 1 592
176 1 968
176 1 48
176 1 584
176 1 0
176 1 0
176 1 0
176 1 0
177 1 0
177 1 350
177 1 213
177 1 594
177 1 0
177 1 0
177 1 0
177 1 0
178 2 0
178 2 280
178 2 260
178 2 0
178 2 0
179 1 0
179 1 262
179 1 780
179 1 0
179 1 0
179 1 0
179 1 219
179 1 231
179 1 0
179 1 0
180 2 0
180 2 729
180 2 987
180 2 0
180 2 0
180 2 0
180 2 209
180 2 315
180 2 888
180 2 0
180 2 0
181 2 0
181 2 702
181 2 77
181 2 869
181 2 395
181 2 0
181 2 0
182 1 0
182 1 886
182 1 958
182 1 179
182 1 0
182 1 0
182 1 0
182 1 169
182 1 551
182 1 0
182 1 0
183 1 0
183 1 444
183 1 474
183 1 985
183 1 0
183 1 521
183 1 0
183 1 0
183 1 0
183 1 0
184 1 0
184 1 147
184 1 143
184 1 775
184 1 0
184 1 270
184 1 0
184 1 0
184 1 0
184 1 0
185 2 0
185 2 688
185 2 67
185 2 424
185 2 421
185 2 51
185 2 0
185 2 0
185 2 0
185 2 0
186 1 0
186 1 956
186 1 0
186 1 0
186 1 0
186 1 371
186 1 0
186 1 0
186 1 0
186 1 0
187 2 0
187 2 185
187 2 26
187 2 359
187 2 708
187 2 0
187 2 0
187 2 0
187 2 0
188 1 0
188 1 274
188 1 0
188 1 0
189 2 0
189 2 152
189 2 12
189 2 0
189 2 0
190 1 0
190 1 108
190 1 0
191 1 0
191 1 89
191 1 0
192 1 0
192 1 33
192 1 0
193 2 0
193 2 29
193 2 0
194 2 0
194 2 13
194 2 0
194 2 0
195 2 0
195 2 2
195 2 0
