total cost: 343383
1 2 0
1 2 553
1 2 288
1 2 767
1 2 0
1 2 0
1 2 307
1 2 793
1 2 0
1 2 0
1 2 141
1 2 0
2 1 0
2 1 220
2 1 802
2 1 577
2 1 254
2 1 0
2 1 0
2 1 180
2 1 257
2 1 932
2 1 0
3 1 0
3 1 616
3 1 161
3 1 652
3 1 0
3 1 0
3 1 0
4 1 0
4 1 954
4 1 654
4 1 520
4 1 0
5 1 0
5 1 463
5 1 539
5 1 459
5 1 693
5 1 454
5 1 0
5 1 0
5 1 790
5 1 0
5 1 0
5 1 0
6 2 0
6 2 408
6 2 801
6 2 754
6 2 593
6 2 475
6 2 510
6 2 356
6 2 0
7 2 0
7 2 645
7 2 865
7 2 189
7 2 442
7 2 92
7 2 710
7 2 717
7 2 0
7 2 0
7 2 0
8 1 0
8 1 605
8 1 974
8 1 401
8 1 229
8 1 0
9 2 0
9 2 57
9 2 843
9 2 170
9 2 749
9 2 689
9 2 525
9 2 476
9 2 0
10 1 0
10 1 281
10 1 423
10 1 532
10 1 544
10 1 798
10 1 380
10 1 0
11 1 0
11 1 856
11 1 4
11 1 501
11 1 250
11 1 911
11 1 468
11 1 700
11 1 0
11 1 0
11 1 230
11 1 0
12 2 0
12 2 354
12 2 154
12 2 0
12 2 0
12 2 319
12 2 8
12 2 0
13 1 0
13 1 124
13 1 919
13 1 799
13 1 148
13 1 0
14 1 0
14 1 164
14 1 391
14 1 440
14 1 216
14 1 650
14 1 0
15 1 0
15 1 37
15 1 14
15 1 855
15 1 808
15 1 512
15 1 397
15 1 212
15 1 0
16 2 0
16 2 462
16 2 813
16 2 478
16 2 570
16 2 0
16 2 0
16 2 612
16 2 535
16 2 0
17 2 0
17 2 947
17 2 716
17 2 400
17 2 641
17 2 171
17 2 742
17 2 0
18 2 0
18 2 763
18 2 831
18 2 759
18 2 237
18 2 0
18 2 0
18 2 283
18 2 590
18 2 269
18 2 0
19 1 0
19 1 602
19 1 284
19 1 0
20 1 0
20 1 591
20 1 504
20 1 0
21 2 0
21 2 714
21 2 248
21 2 0
22 1 0
22 1 841
22 1 543
22 1 101
22 1 783
22 1 470
22 1 217
22 1 897
22 1 345
22 1 0
22 1 0
22 1 0
23 2 0
23 2 565
23 2 871
23 2 850
23 2 58
23 2 36
23 2 264
23 2 810
23 2 276
23 2 0
24 2 0
24 2 428
24 2 820
24 2 54
24 2 732
24 2 600
24 2 0
25 1 0
25 1 975
25 1 43
25 1 0
26 1 0
26 1 489
26 1 741
26 1 107
26 1 0
27 2 0
27 2 899
27 2 826
27 2 922
27 2 531
27 2 806
27 2 200
27 2 694
27 2 844
27 2 0
27 2 0
27 2 0
28 1 0
28 1 64
28 1 304
28 1 205
28 1 678
28 1 967
28 1 0
29 2 0
29 2 291
29 2 7
29 2 992
29 2 437
29 2 508
29 2 815
29 2 360
29 2 0
30 1 0
30 1 682
30 1 338
30 1 939
30 1 791
30 1 945
30 1 191
30 1 259
30 1 125
30 1 0
31 2 0
31 2 473
31 2 738
31 2 609
31 2 863
31 2 349
31 2 0
31 2 0
31 2 561
31 2 114
31 2 477
31 2 0
32 1 0
32 1 128
32 1 925
32 1 9
32 1 721
32 1 923
32 1 0
32 1 0
32 1 0
33 2 0
33 2 866
33 2 17
33 2 418
33 2 292
33 2 208
33 2 38
33 2 0
34 2 0
34 2 816
34 2 868
34 2 529
34 2 335
34 2 807
34 2 293
34 2 0
35 1 0
35 1 158
35 1 541
35 1 204
35 1 563
35 1 964
35 1 940
35 1 314
35 1 0
35 1 0
35 1 0
36 1 0
36 1 846
36 1 495
36 1 0
37 2 0
37 2 389
37 2 580
37 2 538
37 2 446
37 2 949
37 2 692
37 2 852
37 2 0
38 2 0
38 2 113
38 2 910
38 2 524
38 2 63
38 2 279
38 2 99
38 2 785
38 2 0
38 2 0
38 2 0
39 1 0
39 1 907
39 1 796
39 1 0
40 1 0
40 1 606
40 1 955
40 1 542
40 1 707
40 1 246
40 1 40
40 1 2
40 1 990
40 1 223
40 1 0
40 1 0
40 1 0
41 2 0
41 2 441
41 2 666
41 2 232
41 2 676
41 2 969
41 2 803
41 2 66
41 2 516
41 2 0
42 2 0
42 2 153
42 2 394
42 2 603
42 2 0
42 2 0
42 2 106
42 2 93
42 2 880
42 2 136
42 2 0
43 2 0
43 2 715
43 2 902
43 2 425
43 2 776
43 2 0
44 1 0
44 1 133
44 1 436
44 1 970
44 1 0
44 1 0
44 1 0
45 1 0
45 1 472
45 1 513
45 1 0
46 1 0
46 1 677
46 1 41
46 1 0
47 2 0
47 2 837
47 2 909
47 2 0
48 1 0
48 1 784
48 1 86
48 1 0
49 1 0
49 1 550
49 1 0
50 2 0
50 2 352
50 2 0
51 2 0
51 2 456
51 2 102
51 2 351
51 2 921
51 2 0
51 2 0
51 2 163
51 2 906
51 2 545
51 2 0
52 2 0
52 2 45
52 2 809
52 2 430
52 2 334
52 2 755
52 2 800
52 2 493
52 2 778
52 2 0
52 2 0
52 2 0
53 2 0
53 2 336
53 2 369
53 2 854
53 2 426
53 2 0
53 2 0
53 2 255
53 2 74
53 2 724
53 2 0
54 2 0
54 2 817
54 2 157
54 2 199
54 2 324
54 2 648
54 2 290
54 2 0
54 2 0
54 2 0
55 1 0
55 1 0
56 2 0
56 2 608
56 2 447
56 2 679
56 2 576
56 2 0
56 2 0
56 2 0
57 1 0
57 1 435
57 1 686
57 1 160
57 1 183
57 1 835
57 1 490
57 1 471
57 1 0
58 2 0
58 2 518
58 2 497
58 2 404
58 2 642
58 2 0
58 2 0
58 2 130
58 2 0
59 1 0
59 1 266
59 1 562
59 1 664
59 1 410
59 1 151
59 1 752
59 1 0
60 1 0
60 1 611
60 1 647
60 1 455
60 1 980
60 1 0
61 1 0
61 1 178
61 1 323
61 1 885
61 1 0
62 1 0
62 1 399
62 1 680
62 1 873
62 1 438
62 1 481
62 1 0
62 1 0
62 1 0
63 1 0
63 1 699
63 1 646
63 1 392
63 1 30
63 1 628
63 1 937
63 1 0
63 1 0
63 1 0
64 2 0
64 2 340
64 2 781
64 2 188
64 2 84
64 2 709
64 2 757
64 2 668
64 2 0
65 1 0
65 1 398
65 1 80
65 1 311
65 1 0
66 2 0
66 2 876
66 2 753
66 2 929
66 2 0
67 2 0
67 2 814
67 2 977
67 2 396
67 2 685
67 2 936
67 2 581
67 2 434
67 2 27
67 2 0
68 1 0
68 1 989
68 1 751
68 1 673
68 1 485
68 1 0
68 1 0
68 1 95
68 1 0
69 1 0
69 1 996
69 1 697
69 1 870
69 1 81
69 1 289
69 1 211
69 1 0
70 1 0
70 1 644
70 1 329
70 1 934
70 1 207
70 1 168
70 1 71
70 1 661
70 1 0
70 1 0
70 1 0
70 1 0
71 1 0
71 1 181
71 1 417
71 1 918
71 1 309
71 1 0
71 1 0
71 1 0
72 2 0
72 2 275
72 2 310
72 2 973
72 2 118
72 2 0
72 2 0
72 2 166
72 2 0
73 1 0
73 1 568
73 1 675
73 1 779
73 1 0
73 1 0
73 1 0
74 1 0
74 1 511
74 1 777
74 1 79
74 1 663
74 1 0
74 1 0
74 1 94
74 1 0
75 2 0
75 2 943
75 2 18
75 2 887
75 2 496
75 2 119
75 2 28
75 2 480
75 2 0
76 2 0
76 2 233
76 2 134
76 2 175
76 2 420
76 2 376
76 2 601
76 2 140
76 2 515
76 2 0
76 2 0
76 2 0
77 1 0
77 1 321
77 1 177
77 1 701
77 1 218
77 1 494
77 1 0
77 1 0
77 1 0
78 1 0
78 1 748
78 1 479
78 1 630
78 1 0
79 1 0
79 1 186
79 1 484
79 1 172
79 1 761
79 1 595
79 1 758
79 1 0
79 1 0
79 1 0
79 1 0
80 1 0
80 1 756
80 1 794
80 1 874
80 1 655
80 1 0
80 1 0
80 1 971
80 1 965
80 1 734
80 1 0
81 1 0
81 1 150
81 1 944
81 1 669
81 1 857
81 1 0
82 1 0
82 1 193
82 1 840
82 1 705
82 1 0
82 1 0
82 1 11
82 1 0
83 1 0
83 1 328
83 1 771
83 1 492
83 1 413
83 1 0
83 1 0
83 1 0
84 1 0
84 1 226
84 1 457
84 1 24
84 1 960
84 1 0
85 1 0
85 1 411
85 1 574
85 1 419
85 1 976
85 1 0
85 1 0
85 1 0
86 1 0
86 1 610
86 1 894
86 1 25
86 1 582
86 1 726
86 1 83
86 1 0
86 1 0
86 1 0
86 1 0
87 2 0
87 2 930
87 2 941
87 2 891
87 2 571
87 2 672
87 2 727
87 2 0
87 2 0
87 2 0
88 1 0
88 1 564
88 1 59
88 1 0
89 2 0
89 2 273
89 2 797
89 2 805
89 2 466
89 2 587
89 2 0
90 1 0
90 1 0
91 2 0
91 2 718
91 2 0
91 2 0
91 2 0
92 2 0
92 2 604
92 2 383
92 2 44
92 2 0
93 1 0
93 1 861
93 1 393
93 1 536
93 1 0
94 2 0
94 2 557
94 2 0
95 2 0
95 2 330
95 2 287
95 2 0
95 2 0
95 2 0
96 1 0
96 1 366
96 1 0
96 1 0
96 1 85
96 1 97
96 1 842
96 1 881
96 1 298
96 1 0
96 1 0
96 1 0
97 1 0
97 1 640
97 1 998
97 1 554
97 1 586
97 1 624
97 1 904
97 1 0
97 1 0
97 1 0
97 1 0
98 2 0
98 2 695
98 2 657
98 2 173
98 2 848
98 2 0
98 2 0
98 2 0
99 2 0
99 2 167
99 2 938
99 2 997
99 2 465
99 2 0
100 1 0
100 1 999
100 1 719
100 1 622
100 1 573
100 1 883
100 1 942
100 1 994
100 1 265
100 1 0
100 1 0
100 1 0
100 1 0
101 1 0
101 1 948
101 1 135
101 1 0
101 1 0
101 1 0
102 2 0
102 2 429
102 2 988
102 2 927
102 2 318
102 2 0
102 2 0
102 2 877
102 2 0
103 1 0
103 1 282
103 1 819
103 1 0
103 1 0
103 1 509
103 1 0
104 1 0
104 1 31
104 1 746
104 1 660
104 1 558
104 1 983
104 1 706
104 1 0
104 1 0
105 1 0
105 1 341
105 1 0
105 1 0
105 1 735
105 1 0
106 2 0
106 2 764
106 2 126
106 2 730
106 2 0
106 2 0
106 2 838
106 2 342
106 2 750
106 2 0
107 1 0
107 1 656
107 1 824
107 1 0
107 1 0
107 1 0
108 2 0
108 2 621
108 2 951
108 2 659
108 2 91
108 2 23
108 2 0
109 2 0
109 2 247
109 2 908
109 2 144
109 2 245
109 2 414
109 2 789
109 2 0
110 2 0
110 2 453
110 2 88
110 2 991
110 2 578
110 2 627
110 2 898
110 2 0
110 2 0
110 2 0
111 1 0
111 1 272
111 1 0
111 1 0
111 1 365
111 1 546
111 1 182
111 1 607
111 1 0
112 2 0
112 2 782
112 2 830
112 2 596
112 2 683
112 2 0
112 2 0
112 2 662
112 2 112
112 2 0
113 1 0
113 1 458
113 1 534
113 1 792
113 1 332
113 1 613
113 1 0
113 1 0
113 1 0
113 1 47
113 1 0
114 2 0
114 2 149
114 2 142
114 2 634
114 2 825
114 2 387
114 2 0
114 2 0
114 2 530
114 2 638
114 2 0
115 1 0
115 1 294
115 1 950
115 1 467
115 1 10
115 1 0
115 1 0
115 1 0
116 2 0
116 2 445
116 2 348
116 2 1000
116 2 913
116 2 0
116 2 0
116 2 0
117 2 0
117 2 665
117 2 559
117 2 555
117 2 432
117 2 847
117 2 812
117 2 0
118 2 0
118 2 78
118 2 221
118 2 0
119 2 0
119 2 703
119 2 190
119 2 327
119 2 619
119 2 53
119 2 503
119 2 0
119 2 0
120 2 0
120 2 251
120 2 720
120 2 346
120 2 461
120 2 90
120 2 0
121 1 0
121 1 828
121 1 0
121 1 0
121 1 214
121 1 0
121 1 0
121 1 0
122 1 0
122 1 313
122 1 903
122 1 0
122 1 0
122 1 367
122 1 301
122 1 0
123 1 0
123 1 109
123 1 853
123 1 972
123 1 978
123 1 0
123 1 0
123 1 0
123 1 82
123 1 0
123 1 0
123 1 0
124 1 0
124 1 712
124 1 653
124 1 448
124 1 681
124 1 0
124 1 0
124 1 0
124 1 0
125 2 0
125 2 296
125 2 145
125 2 32
125 2 0
125 2 0
125 2 818
125 2 222
125 2 0
125 2 0
125 2 0
126 2 0
126 2 862
126 2 744
126 2 917
126 2 839
126 2 6
126 2 89
126 2 0
127 2 0
127 2 502
127 2 986
127 2 98
127 2 0
127 2 0
127 2 34
127 2 339
127 2 928
127 2 0
128 1 0
128 1 271
128 1 827
128 1 156
128 1 728
128 1 0
128 1 0
128 1 0
128 1 0
129 1 0
129 1 849
129 1 832
129 1 385
129 1 122
129 1 905
129 1 890
129 1 845
129 1 295
129 1 0
129 1 0
130 1 0
130 1 364
130 1 743
130 1 860
130 1 236
130 1 104
130 1 0
130 1 0
130 1 0
130 1 0
131 1 0
131 1 920
131 1 772
131 1 317
131 1 0
131 1 0
131 1 0
131 1 0
132 1 0
132 1 407
132 1 740
132 1 0
132 1 0
133 2 0
133 2 505
133 2 0
134 2 0
134 2 523
134 2 995
134 2 0
134 2 0
134 2 0
135 1 0
135 1 488
135 1 320
135 1 187
135 1 725
135 1 0
135 1 0
136 1 0
136 1 42
136 1 615
136 1 253
136 1 651
136 1 834
136 1 0
136 1 0
136 1 0
136 1 0
137 2 0
137 2 875
137 2 506
137 2 993
137 2 0
137 2 0
137 2 0
138 2 0
138 2 240
138 2 15
138 2 526
138 2 116
138 2 0
139 2 0
139 2 811
139 2 556
139 2 0
140 2 0
140 2 406
140 2 46
140 2 0
141 2 0
141 2 670
141 2 698
141 2 35
141 2 263
141 2 760
141 2 297
141 2 895
141 2 617
141 2 0
141 2 0
142 1 0
142 1 409
142 1 384
142 1 382
142 1 0
143 1 0
143 1 69
143 1 765
143 1 68
143 1 0
143 1 0
144 2 0
144 2 823
144 2 498
144 2 548
144 2 381
144 2 0
145 1 0
145 1 412
145 1 372
145 1 0
145 1 0
145 1 0
146 2 0
146 2 127
146 2 626
146 2 0
146 2 0
146 2 0
147 2 0
147 2 514
147 2 690
147 2 123
147 2 73
147 2 0
148 1 0
148 1 402
148 1 636
148 1 733
148 1 464
148 1 415
148 1 0
148 1 0
148 1 0
148 1 0
149 1 0
149 1 588
149 1 201
149 1 0
150 2 0
150 2 305
150 2 0
151 1 0
151 1 722
151 1 981
151 1 723
151 1 912
151 1 0
151 1 0
152 1 0
152 1 982
152 1 368
152 1 914
152 1 579
152 1 984
152 1 829
152 1 0
152 1 0
152 1 0
152 1 0
153 1 0
153 1 374
153 1 788
153 1 522
153 1 249
153 1 0
153 1 0
153 1 0
153 1 202
153 1 0
154 2 0
154 2 22
154 2 316
154 2 325
154 2 176
154 2 5
154 2 155
154 2 0
154 2 0
155 1 0
155 1 773
155 1 635
155 1 370
155 1 632
155 1 0
155 1 0
155 1 0
155 1 0
156 2 0
156 2 277
156 2 916
156 2 56
156 2 162
156 2 633
156 2 795
156 2 713
156 2 0
156 2 0
157 2 0
157 2 786
157 2 0
157 2 0
157 2 0
158 1 0
158 1 195
158 1 737
158 1 386
158 1 0
158 1 0
159 1 0
159 1 566
159 1 867
159 1 0
159 1 0
159 1 0
159 1 0
160 2 0
160 2 377
160 2 872
160 2 331
160 2 326
160 2 373
160 2 0
160 2 0
160 2 0
161 1 0
161 1 449
161 1 460
161 1 0
161 1 0
161 1 165
161 1 0
161 1 0
161 1 0
162 2 0
162 2 357
162 2 691
162 2 306
162 2 962
162 2 858
162 2 560
162 2 0
162 2 0
163 2 0
163 2 60
163 2 859
163 2 924
163 2 882
163 2 299
163 2 491
163 2 146
163 2 0
163 2 0
164 2 0
164 2 243
164 2 884
164 2 0
164 2 0
164 2 108
164 2 0
165 2 0
165 2 625
165 2 224
165 2 238
165 2 966
165 2 210
165 2 433
165 2 0
165 2 0
165 2 0
165 2 0
166 1 0
166 1 196
166 1 598
166 1 137
166 1 0
166 1 0
166 1 0
166 1 0
167 2 0
167 2 303
167 2 482
167 2 72
167 2 308
167 2 105
167 2 961
167 2 0
167 2 0
168 2 0
168 2 184
168 2 893
168 2 747
168 2 674
168 2 517
168 2 0
168 2 0
168 2 0
168 2 87
168 2 0
168 2 0
168 2 0
169 1 0
169 1 643
169 1 0
169 1 0
169 1 450
169 1 959
169 1 49
169 1 704
169 1 0
169 1 0
170 2 0
170 2 745
170 2 0
170 2 0
170 2 569
170 2 0
171 1 0
171 1 198
171 1 507
171 1 129
171 1 649
171 1 169
171 1 378
171 1 0
171 1 0
172 2 0
172 2 131
172 2 979
172 2 499
172 2 0
172 2 0
172 2 0
173 1 0
173 1 267
173 1 0
173 1 0
173 1 451
173 1 252
173 1 915
173 1 0
173 1 0
174 2 0
174 2 618
174 2 0
174 2 0
174 2 362
174 2 667
174 2 242
174 2 0
175 2 0
175 2 684
175 2 120
175 2 268
175 2 197
175 2 286
175 2 0
175 2 0
175 2 0
175 2 0
176 2 0
176 2 194
176 2 597
176 2 549
176 2 486
176 2 552
176 2 241
176 2 55
176 2 0
176 2 0
177 1 0
177 1 416
177 1 623
177 1 117
177 1 280
177 1 0
177 1 0
178 1 0
178 1 333
178 1 0
178 1 0
179 1 0
179 1 61
179 1 528
179 1 244
179 1 567
179 1 361
179 1 353
179 1 0
179 1 0
179 1 0
179 1 0
180 2 0
180 2 322
180 2 0
181 1 0
181 1 103
181 1 946
181 1 631
181 1 443
181 1 427
181 1 963
181 1 0
181 1 0
181 1 0
181 1 0
182 1 0
182 1 900
182 1 878
182 1 585
182 1 879
182 1 836
182 1 0
182 1 0
182 1 0
182 1 0
183 2 0
183 2 100
183 2 347
183 2 225
183 2 358
183 2 696
183 2 3
183 2 599
183 2 375
183 2 0
183 2 0
184 1 0
184 1 770
184 1 422
184 1 0
184 1 0
184 1 0
184 1 209
184 1 75
184 1 0
184 1 0
185 1 0
185 1 256
185 1 215
185 1 174
185 1 278
185 1 787
185 1 0
185 1 0
185 1 0
185 1 0
186 1 0
186 1 639
186 1 0
186 1 0
187 1 0
187 1 152
187 1 0
188 1 0
188 1 671
188 1 0
188 1 0
189 2 0
189 2 379
189 2 768
189 2 159
189 2 901
189 2 629
189 2 952
189 2 0
189 2 0
190 2 0
190 2 953
190 2 20
190 2 132
190 2 26
190 2 147
190 2 774
190 2 702
190 2 0
190 2 0
190 2 0
190 2 0
191 2 0
191 2 711
191 2 344
191 2 0
192 2 0
192 2 227
192 2 203
192 2 931
192 2 363
192 2 21
192 2 139
192 2 260
192 2 219
192 2 0
192 2 0
192 2 0
192 2 0
193 1 0
193 1 483
193 1 343
193 1 452
193 1 206
193 1 0
193 1 0
193 1 0
193 1 76
193 1 0
193 1 0
194 1 0
194 1 115
194 1 821
194 1 258
194 1 0
194 1 0
194 1 0
194 1 96
194 1 0
194 1 0
195 1 0
195 1 403
195 1 851
195 1 614
195 1 833
195 1 300
195 1 0
195 1 0
195 1 0
195 1 0
196 2 0
196 2 52
196 2 592
196 2 575
196 2 1
196 2 521
196 2 0
196 2 0
197 1 0
197 1 261
197 1 769
197 1 533
197 1 228
197 1 350
197 1 0
197 1 0
197 1 0
197 1 0
198 1 0
198 1 111
198 1 926
198 1 519
198 1 121
198 1 896
198 1 0
198 1 0
198 1 0
198 1 0
199 1 0
199 1 312
199 1 302
199 1 687
199 1 892
199 1 138
199 1 0
199 1 0
199 1 0
199 1 0
200 2 0
200 2 16
200 2 388
200 2 736
200 2 766
200 2 888
200 2 572
200 2 395
200 2 0
200 2 0
201 1 0
201 1 355
201 1 444
201 1 589
201 1 0
201 1 0
201 1 0
201 1 0
202 1 0
202 1 285
202 1 0
202 1 0
202 1 0
202 1 0
203 2 0
203 2 70
203 2 67
203 2 658
203 2 537
203 2 731
203 2 620
203 2 231
203 2 0
203 2 0
204 1 0
204 1 739
204 1 315
204 1 0
204 1 0
205 1 0
205 1 864
205 1 547
205 1 0
205 1 0
206 2 0
206 2 262
206 2 0
206 2 0
206 2 0
206 2 439
206 2 822
206 2 0
206 2 0
206 2 0
206 2 0
207 2 0
207 2 804
207 2 933
207 2 0
207 2 0
207 2 0
207 2 33
207 2 0
208 1 0
208 1 637
208 1 886
208 1 500
208 1 469
208 1 19
208 1 0
208 1 0
209 1 0
209 1 487
209 1 775
209 1 729
209 1 390
209 1 0
209 1 0
209 1 0
209 1 594
209 1 0
209 1 0
210 2 0
210 2 405
210 2 234
210 2 239
210 2 62
210 2 337
210 2 935
210 2 0
210 2 0
210 2 0
210 2 0
211 2 0
211 2 213
211 2 424
211 2 421
211 2 0
211 2 0
211 2 0
211 2 65
211 2 0
211 2 0
212 2 0
212 2 968
212 2 583
212 2 584
212 2 371
212 2 551
212 2 0
212 2 0
213 2 0
213 2 110
213 2 13
213 2 0
213 2 0
214 1 0
214 1 688
214 1 540
214 1 762
214 1 0
214 1 0
214 1 0
214 1 431
214 1 889
214 1 0
214 1 0
214 1 0
214 1 0
215 2 0
215 2 185
215 2 958
215 2 987
215 2 192
215 2 527
215 2 235
215 2 0
215 2 0
215 2 0
215 2 0
216 1 0
216 1 143
216 1 50
216 1 359
216 1 0
216 1 0
216 1 0
216 1 0
217 2 0
217 2 956
217 2 179
217 2 985
217 2 51
217 2 957
217 2 869
217 2 0
217 2 0
217 2 0
217 2 0
218 1 0
218 1 780
218 1 39
218 1 77
218 1 0
218 1 0
218 1 0
218 1 0
219 1 0
219 1 474
219 1 0
219 1 0
219 1 0
219 1 48
219 1 708
219 1 0
219 1 0
219 1 0
219 1 0
220 1 0
220 1 274
220 1 0
220 1 0
221 1 0
221 1 270
221 1 0
221 1 0
222 1 0
222 1 29
222 1 12
222 1 0
222 1 0
