total cost: 337866
1 2 0
1 2 553
1 2 288
1 2 767
1 2 0
1 2 0
1 2 307
1 2 793
1 2 0
1 2 0
1 2 141
1 2 0
2 1 0
2 1 220
2 1 802
2 1 577
2 1 254
2 1 0
2 1 0
2 1 180
2 1 257
2 1 932
2 1 0
3 2 0
3 2 616
3 2 161
3 2 652
3 2 0
3 2 0
3 2 0
4 1 0
4 1 954
4 1 654
4 1 520
4 1 0
5 1 0
5 1 463
5 1 539
5 1 459
5 1 693
5 1 454
5 1 0
5 1 0
5 1 790
5 1 0
5 1 0
5 1 0
6 1 0
6 1 408
6 1 801
6 1 754
6 1 593
6 1 475
6 1 510
6 1 356
6 1 0
7 1 0
7 1 645
7 1 865
7 1 189
7 1 442
7 1 92
7 1 0
7 1 0
7 1 612
7 1 0
8 2 0
8 2 605
8 2 974
8 2 401
8 2 229
8 2 0
9 1 0
9 1 57
9 1 281
9 1 843
9 1 170
9 1 749
9 1 689
9 1 525
9 1 476
9 1 0
9 1 0
9 1 0
10 2 0
10 2 856
10 2 4
10 2 501
10 2 250
10 2 911
10 2 468
10 2 700
10 2 783
10 2 477
10 2 0
11 2 0
11 2 354
11 2 154
11 2 0
11 2 0
11 2 319
11 2 8
11 2 0
12 2 0
12 2 124
12 2 919
12 2 799
12 2 148
12 2 0
13 1 0
13 1 164
13 1 717
13 1 532
13 1 423
13 1 0
14 1 0
14 1 37
14 1 14
14 1 855
14 1 808
14 1 512
14 1 397
14 1 212
14 1 0
15 1 0
15 1 462
15 1 813
15 1 478
15 1 0
15 1 0
15 1 591
15 1 504
15 1 0
16 1 0
16 1 947
16 1 716
16 1 400
16 1 380
16 1 798
16 1 641
16 1 0
16 1 0
16 1 535
16 1 0
17 2 0
17 2 763
17 2 831
17 2 602
17 2 284
17 2 759
17 2 0
17 2 0
17 2 561
17 2 230
17 2 0
18 1 0
18 1 710
18 1 440
18 1 216
18 1 650
18 1 95
18 1 323
18 1 178
18 1 0
19 1 0
19 1 544
19 1 64
19 1 304
19 1 205
19 1 114
19 1 0
20 1 0
20 1 391
20 1 94
20 1 732
20 1 600
20 1 0
20 1 0
20 1 0
21 1 0
21 1 714
21 1 248
21 1 0
22 2 0
22 2 841
22 2 7
22 2 101
22 2 922
22 2 217
22 2 470
22 2 897
22 2 345
22 2 880
22 2 0
23 1 0
23 1 570
23 1 975
23 1 810
23 1 276
23 1 0
23 1 0
23 1 0
24 2 0
24 2 565
24 2 871
24 2 850
24 2 58
24 2 237
24 2 0
24 2 0
24 2 283
24 2 590
24 2 269
24 2 0
25 2 0
25 2 899
25 2 826
25 2 682
25 2 338
25 2 939
25 2 171
25 2 742
25 2 0
26 1 0
26 1 428
26 1 820
26 1 128
26 1 0
26 1 0
26 1 352
26 1 967
26 1 0
27 2 0
27 2 473
27 2 738
27 2 609
27 2 863
27 2 349
27 2 0
27 2 0
27 2 107
27 2 0
28 2 0
28 2 291
28 2 543
28 2 437
28 2 992
28 2 923
28 2 436
28 2 0
28 2 0
28 2 0
29 1 0
29 1 866
29 1 9
29 1 741
29 1 721
29 1 678
29 1 508
29 1 815
29 1 0
30 2 0
30 2 846
30 2 335
30 2 807
30 2 0
31 1 0
31 1 816
31 1 113
31 1 910
31 1 524
31 1 63
31 1 279
31 1 99
31 1 550
31 1 784
31 1 964
31 1 0
31 1 0
32 1 0
32 1 158
32 1 541
32 1 36
32 1 264
32 1 204
32 1 563
32 1 940
32 1 314
32 1 0
32 1 0
32 1 0
33 2 0
33 2 868
33 2 603
33 2 796
33 2 608
33 2 513
33 2 906
33 2 545
33 2 0
33 2 0
33 2 0
34 2 0
34 2 389
34 2 580
34 2 538
34 2 446
34 2 495
34 2 949
34 2 692
34 2 852
34 2 0
35 2 0
35 2 907
35 2 666
35 2 232
35 2 676
35 2 969
35 2 803
35 2 66
35 2 516
35 2 0
36 1 0
36 1 54
36 1 925
36 1 418
36 1 902
36 1 84
36 1 885
36 1 398
36 1 208
36 1 0
37 1 0
37 1 529
37 1 472
37 1 785
37 1 0
37 1 0
37 1 0
38 1 0
38 1 441
38 1 934
38 1 207
38 1 168
38 1 71
38 1 661
38 1 0
38 1 0
38 1 293
38 1 0
39 1 0
39 1 606
39 1 955
39 1 542
39 1 707
39 1 246
39 1 40
39 1 360
39 1 990
39 1 223
39 1 0
39 1 0
39 1 0
40 2 0
40 2 153
40 2 394
40 2 453
40 2 88
40 2 78
40 2 383
40 2 0
40 2 0
40 2 0
41 2 0
41 2 531
41 2 45
41 2 806
41 2 814
41 2 93
41 2 259
41 2 181
41 2 191
41 2 125
41 2 0
42 2 0
42 2 715
42 2 188
42 2 781
42 2 425
42 2 776
42 2 668
42 2 0
43 1 0
43 1 17
43 1 511
43 1 292
43 1 38
43 1 0
43 1 0
43 1 0
44 1 0
44 1 489
44 1 133
44 1 664
44 1 0
44 1 0
44 1 0
45 1 0
45 1 106
45 1 945
45 1 791
45 1 0
46 2 0
46 2 837
46 2 909
46 2 0
47 1 0
47 1 677
47 1 41
47 1 136
47 1 200
47 1 0
48 2 0
48 2 456
48 2 102
48 2 351
48 2 921
48 2 0
48 2 0
48 2 163
48 2 679
48 2 0
49 1 0
49 1 336
49 1 369
49 1 854
49 1 0
49 1 0
49 1 255
49 1 980
49 1 74
49 1 724
49 1 0
50 2 0
50 2 817
50 2 157
50 2 199
50 2 324
50 2 648
50 2 290
50 2 0
50 2 0
50 2 0
51 2 0
51 2 518
51 2 497
51 2 411
51 2 574
51 2 419
51 2 621
51 2 0
51 2 0
51 2 86
51 2 0
52 1 0
52 1 266
52 1 562
52 1 275
52 1 310
52 1 748
52 1 166
52 1 27
52 1 0
52 1 0
52 1 0
53 2 0
53 2 611
53 2 647
53 2 455
53 2 0
53 2 0
53 2 0
54 1 0
54 1 435
54 1 686
54 1 160
54 1 183
54 1 835
54 1 490
54 1 471
54 1 0
55 2 0
55 2 576
55 2 0
55 2 0
55 2 0
56 1 0
56 1 752
56 1 410
56 1 151
56 1 485
56 1 965
56 1 971
56 1 24
56 1 0
57 2 0
57 2 130
57 2 0
57 2 0
57 2 0
58 1 0
58 1 399
58 1 680
58 1 873
58 1 844
58 1 438
58 1 0
59 2 0
59 2 809
59 2 430
59 2 334
59 2 938
59 2 755
59 2 800
59 2 778
59 2 881
59 2 0
59 2 0
59 2 0
60 1 0
60 1 699
60 1 646
60 1 392
60 1 30
60 1 628
60 1 937
60 1 0
60 1 0
60 1 0
61 2 0
61 2 340
61 2 756
61 2 134
61 2 175
61 2 376
61 2 601
61 2 140
61 2 515
61 2 0
61 2 0
61 2 0
62 1 0
62 1 876
62 1 753
62 1 0
63 1 0
63 1 989
63 1 751
63 1 673
63 1 0
63 1 0
63 1 47
63 1 0
64 1 0
64 1 996
64 1 697
64 1 870
64 1 81
64 1 289
64 1 211
64 1 0
65 1 0
65 1 644
65 1 329
65 1 991
65 1 578
65 1 0
65 1 0
65 1 970
65 1 734
65 1 480
65 1 0
66 2 0
66 2 568
66 2 918
66 2 309
66 2 0
66 2 0
66 2 0
67 2 0
67 2 447
67 2 840
67 2 0
67 2 0
67 2 43
67 2 0
68 1 0
68 1 943
68 1 18
68 1 887
68 1 0
68 1 0
68 1 694
68 1 0
69 2 0
69 2 233
69 2 794
69 2 874
69 2 828
69 2 0
69 2 0
69 2 33
69 2 675
69 2 779
69 2 0
70 2 0
70 2 321
70 2 655
70 2 34
70 2 0
70 2 0
70 2 11
70 2 434
70 2 0
71 1 0
71 1 193
71 1 426
71 1 173
71 1 0
72 2 0
72 2 328
72 2 771
72 2 492
72 2 413
72 2 0
72 2 0
72 2 718
72 2 0
72 2 0
72 2 0
73 1 0
73 1 226
73 1 973
73 1 0
73 1 0
73 1 757
73 1 0
74 1 0
74 1 186
74 1 484
74 1 172
74 1 761
74 1 595
74 1 758
74 1 0
74 1 0
74 1 0
74 1 0
75 2 0
75 2 610
75 2 894
75 2 25
75 2 582
75 2 726
75 2 83
75 2 415
75 2 201
75 2 0
75 2 0
75 2 0
75 2 0
76 1 0
76 1 150
76 1 944
76 1 669
76 1 857
76 1 0
77 2 0
77 2 709
77 2 557
77 2 0
78 1 0
78 1 930
78 1 977
78 1 396
78 1 685
78 1 936
78 1 581
78 1 509
78 1 630
78 1 0
78 1 0
78 1 0
78 1 0
79 1 0
79 1 564
79 1 365
79 1 929
79 1 705
79 1 91
79 1 0
80 2 0
80 2 941
80 2 341
80 2 891
80 2 571
80 2 672
80 2 0
80 2 0
80 2 0
81 2 0
81 2 273
81 2 797
81 2 805
81 2 466
81 2 587
81 2 0
82 2 0
82 2 177
82 2 701
82 2 218
82 2 80
82 2 494
82 2 287
82 2 0
82 2 0
82 2 0
83 2 0
83 2 417
83 2 877
83 2 135
83 2 0
84 1 0
84 1 960
84 1 0
85 1 0
85 1 404
85 1 0
85 1 0
85 1 861
85 1 393
85 1 457
85 1 119
85 1 28
85 1 0
86 1 0
86 1 604
86 1 44
86 1 0
87 1 0
87 1 366
87 1 0
87 1 0
87 1 85
87 1 493
87 1 465
87 1 0
88 1 0
88 1 481
88 1 479
88 1 0
89 1 0
89 1 640
89 1 777
89 1 665
89 1 420
89 1 0
89 1 0
89 1 330
89 1 311
89 1 847
89 1 0
89 1 0
89 1 0
90 2 0
90 2 167
90 2 782
90 2 997
90 2 97
90 2 842
90 2 0
90 2 0
90 2 0
91 2 0
91 2 695
91 2 657
91 2 703
91 2 0
91 2 0
91 2 586
91 2 904
91 2 812
91 2 624
91 2 0
92 2 0
92 2 999
92 2 719
92 2 622
92 2 573
92 2 883
92 2 942
92 2 994
92 2 824
92 2 0
92 2 0
92 2 0
93 2 0
93 2 59
93 2 848
93 2 838
93 2 342
93 2 607
93 2 0
94 1 0
94 1 429
94 1 988
94 1 927
94 1 318
94 1 0
94 1 0
94 1 948
94 1 0
95 1 0
95 1 282
95 1 819
95 1 0
95 1 0
95 1 79
95 1 0
96 2 0
96 2 31
96 2 746
96 2 660
96 2 558
96 2 983
96 2 706
96 2 0
97 2 0
97 2 735
97 2 272
97 2 0
97 2 0
97 2 29
97 2 0
98 2 0
98 2 764
98 2 294
98 2 82
98 2 0
98 2 0
98 2 0
99 2 0
99 2 663
99 2 554
99 2 432
99 2 0
100 1 0
100 1 247
100 1 190
100 1 832
100 1 0
100 1 0
100 1 118
100 1 656
100 1 0
100 1 0
100 1 0
101 2 0
101 2 458
101 2 534
101 2 792
101 2 613
101 2 488
101 2 187
101 2 0
101 2 0
101 2 23
101 2 0
102 2 0
102 2 951
102 2 144
102 2 245
102 2 414
102 2 789
102 2 0
103 1 0
103 1 830
103 1 0
103 1 0
103 1 496
103 1 301
103 1 127
103 1 626
103 1 0
103 1 0
103 1 0
103 1 0
104 2 0
104 2 149
104 2 332
104 2 142
104 2 320
104 2 0
104 2 0
104 2 662
104 2 112
104 2 0
105 1 0
105 1 126
105 1 730
105 1 0
105 1 0
105 1 546
105 1 750
105 1 0
106 2 0
106 2 642
106 2 908
106 2 728
106 2 498
106 2 548
106 2 503
106 2 381
106 2 617
106 2 0
106 2 0
107 1 0
107 1 10
107 1 727
107 1 0
107 1 0
107 1 0
108 1 0
108 1 445
108 1 920
108 1 638
108 1 0
108 1 0
108 1 0
109 1 0
109 1 659
109 1 627
109 1 898
109 1 182
109 1 0
110 2 0
110 2 214
110 2 683
110 2 265
110 2 406
110 2 0
111 1 0
111 1 251
111 1 720
111 1 298
111 1 0
112 1 0
112 1 536
112 1 0
113 2 0
113 2 950
113 2 596
113 2 467
113 2 346
113 2 461
113 2 90
113 2 0
114 1 0
114 1 712
114 1 653
114 1 448
114 1 681
114 1 0
114 1 0
114 1 0
114 1 0
115 1 0
115 1 313
115 1 903
115 1 0
115 1 0
115 1 976
115 1 875
115 1 195
115 1 905
115 1 0
115 1 0
116 2 0
116 2 109
116 2 387
116 2 825
116 2 566
116 2 0
116 2 0
116 2 530
116 2 165
116 2 305
116 2 772
116 2 0
117 1 0
117 1 998
117 1 559
117 1 555
117 1 339
117 1 526
117 1 928
117 1 0
117 1 0
118 1 0
118 1 296
118 1 0
118 1 0
118 1 818
118 1 0
118 1 0
118 1 0
119 1 0
119 1 862
119 1 744
119 1 145
119 1 839
119 1 60
119 1 6
119 1 89
119 1 0
119 1 0
120 2 0
120 2 502
120 2 986
120 2 98
120 2 0
120 2 0
120 2 367
120 2 222
120 2 0
120 2 0
120 2 0
121 1 0
121 1 849
121 1 670
121 1 385
121 1 253
121 1 651
121 1 834
121 1 895
121 1 0
121 1 0
121 1 0
121 1 0
122 2 0
122 2 364
122 2 743
122 2 860
122 2 236
122 2 104
122 2 46
122 2 0
123 2 0
123 2 271
123 2 53
123 2 619
123 2 0
124 2 0
124 2 407
124 2 827
124 2 156
124 2 823
124 2 505
124 2 0
124 2 0
124 2 0
125 2 0
125 2 523
125 2 348
125 2 1000
125 2 913
125 2 0
125 2 0
125 2 0
126 2 0
126 2 634
126 2 972
126 2 978
126 2 316
126 2 325
126 2 176
126 2 5
126 2 0
126 2 0
126 2 0
126 2 0
127 1 0
127 1 42
127 1 615
127 1 327
127 1 740
127 1 0
127 1 0
127 1 0
127 1 0
128 1 0
128 1 240
128 1 249
128 1 0
128 1 0
128 1 0
128 1 811
128 1 317
128 1 0
128 1 0
128 1 0
129 1 0
129 1 409
129 1 384
129 1 382
129 1 0
130 2 0
130 2 32
130 2 917
130 2 912
130 2 0
131 1 0
131 1 853
131 1 22
131 1 155
131 1 0
131 1 0
131 1 0
131 1 412
131 1 0
132 1 0
132 1 15
132 1 116
132 1 0
132 1 0
133 2 0
133 2 514
133 2 690
133 2 123
133 2 73
133 2 0
134 2 0
134 2 402
134 2 733
134 2 636
134 2 0
134 2 0
134 2 995
134 2 786
134 2 0
134 2 0
134 2 0
135 1 0
135 1 69
135 1 569
135 1 68
135 1 0
135 1 0
136 1 0
136 1 722
136 1 981
136 1 723
136 1 433
136 1 0
136 1 0
136 1 0
136 1 0
137 1 0
137 1 765
137 1 0
137 1 0
137 1 0
138 2 0
138 2 982
138 2 368
138 2 914
138 2 760
138 2 263
138 2 122
138 2 0
138 2 0
138 2 0
138 2 0
139 2 0
139 2 374
139 2 788
139 2 522
139 2 872
139 2 377
139 2 0
139 2 0
139 2 588
139 2 506
139 2 0
140 1 0
140 1 773
140 1 635
140 1 464
140 1 632
140 1 0
140 1 0
140 1 0
140 1 0
141 1 0
141 1 277
141 1 916
141 1 890
141 1 845
141 1 295
141 1 829
141 1 0
141 1 0
142 2 0
142 2 449
142 2 460
142 2 725
142 2 0
142 2 0
142 2 372
142 2 55
142 2 252
142 2 915
142 2 0
143 2 0
143 2 450
143 2 303
143 2 959
143 2 308
143 2 49
143 2 704
143 2 386
143 2 0
143 2 0
144 2 0
144 2 357
144 2 984
144 2 579
144 2 713
144 2 0
144 2 0
145 2 0
145 2 698
145 2 256
145 2 56
145 2 162
145 2 633
145 2 795
145 2 0
145 2 0
146 1 0
146 1 243
146 1 884
146 1 0
146 1 0
146 1 0
146 1 221
146 1 993
146 1 0
146 1 0
147 1 0
147 1 625
147 1 224
147 1 238
147 1 966
147 1 859
147 1 0
147 1 0
147 1 0
147 1 0
148 1 0
148 1 196
148 1 131
148 1 331
148 1 326
148 1 373
148 1 0
148 1 0
148 1 0
148 1 0
149 1 0
149 1 370
149 1 244
149 1 567
149 1 528
149 1 361
149 1 0
149 1 0
149 1 0
149 1 0
150 1 0
150 1 0
151 2 0
151 2 745
151 2 0
151 2 0
151 2 556
151 2 0
152 1 0
152 1 184
152 1 893
152 1 747
152 1 674
152 1 0
152 1 0
152 1 0
152 1 202
152 1 0
153 2 0
153 2 643
153 2 0
153 2 0
153 2 598
153 2 979
153 2 499
153 2 0
154 1 0
154 1 137
154 1 867
154 1 0
154 1 0
154 1 0
154 1 362
154 1 242
154 1 146
154 1 491
154 1 0
154 1 0
155 2 0
155 2 198
155 2 507
155 2 129
155 2 649
155 2 299
155 2 882
155 2 0
155 2 0
156 1 0
156 1 35
156 1 858
156 1 560
156 1 0
156 1 0
157 1 0
157 1 924
157 1 597
157 1 517
157 1 549
157 1 286
157 1 552
157 1 241
157 1 0
157 1 0
158 2 0
158 2 267
158 2 0
158 2 0
158 2 451
158 2 87
158 2 0
159 2 0
159 2 684
159 2 120
159 2 618
159 2 0
159 2 0
159 2 108
159 2 76
159 2 75
159 2 0
160 1 0
160 1 482
160 1 379
160 1 159
160 1 671
160 1 105
160 1 961
160 1 629
160 1 0
160 1 0
161 1 0
161 1 194
161 1 623
161 1 347
161 1 878
161 1 378
161 1 280
161 1 0
161 1 0
161 1 0
161 1 0
162 1 0
162 1 416
162 1 117
162 1 900
162 1 210
162 1 667
162 1 952
162 1 0
162 1 0
162 1 0
162 1 0
163 1 0
163 1 268
163 1 21
163 1 139
163 1 260
163 1 0
163 1 0
163 1 0
163 1 0
164 2 0
164 2 72
164 2 901
164 2 206
164 2 585
164 2 879
164 2 836
164 2 3
164 2 0
164 2 0
165 1 0
165 1 333
165 1 486
165 1 599
165 1 864
165 1 375
165 1 0
165 1 0
165 1 0
165 1 0
166 1 0
166 1 737
166 1 639
166 1 0
166 1 0
167 2 0
167 2 61
167 2 946
167 2 631
167 2 353
167 2 443
167 2 427
167 2 0
167 2 0
168 1 0
168 1 103
168 1 215
168 1 691
168 1 306
168 1 962
168 1 0
168 1 0
168 1 0
168 1 0
169 2 0
169 2 100
169 2 227
169 2 452
169 2 285
169 2 0
169 2 0
169 2 0
169 2 0
170 2 0
170 2 770
170 2 422
170 2 197
170 2 687
170 2 892
170 2 0
170 2 0
170 2 0
170 2 0
171 1 0
171 1 322
171 1 0
171 1 0
172 2 0
172 2 297
172 2 0
173 2 0
173 2 953
173 2 174
173 2 355
173 2 278
173 2 787
173 2 65
173 2 431
173 2 0
173 2 0
174 1 0
174 1 711
174 1 344
174 1 0
174 1 0
175 2 0
175 2 209
175 2 96
175 2 0
176 1 0
176 1 483
176 1 343
176 1 575
176 1 0
176 1 0
176 1 0
176 1 169
176 1 0
176 1 0
177 2 0
177 2 115
177 2 821
177 2 258
177 2 926
177 2 696
177 2 0
177 2 0
177 2 0
177 2 0
178 1 0
178 1 768
178 1 533
178 1 16
178 1 769
178 1 963
178 1 0
178 1 0
178 1 0
178 1 0
179 1 0
179 1 403
179 1 851
179 1 931
179 1 358
179 1 519
179 1 0
179 1 0
179 1 0
179 1 0
180 2 0
180 2 20
180 2 132
180 2 444
180 2 147
180 2 26
180 2 889
180 2 0
180 2 0
180 2 0
180 2 0
181 2 0
181 2 203
181 2 225
181 2 62
181 2 405
181 2 239
181 2 620
181 2 0
181 2 0
182 2 0
182 2 261
182 2 388
182 2 736
182 2 766
182 2 637
182 2 0
182 2 0
182 2 0
182 2 0
183 2 0
183 2 111
183 2 592
183 2 729
183 2 390
183 2 0
183 2 0
183 2 0
183 2 2
183 2 0
184 2 0
184 2 312
184 2 302
184 2 614
184 2 833
184 2 300
184 2 537
184 2 0
184 2 0
185 2 0
185 2 52
185 2 1
185 2 933
185 2 213
185 2 0
185 2 0
185 2 0
185 2 0
186 1 0
186 1 363
186 1 138
186 1 110
186 1 219
186 1 0
186 1 0
187 2 0
187 2 70
187 2 658
187 2 48
187 2 13
187 2 231
187 2 0
187 2 0
188 1 0
188 1 350
188 1 0
188 1 0
188 1 0
188 1 739
188 1 0
188 1 0
189 1 0
189 1 228
189 1 0
189 1 0
189 1 0
189 1 547
189 1 0
189 1 0
190 2 0
190 2 262
190 2 0
190 2 0
190 2 0
190 2 121
190 2 0
190 2 0
191 1 0
191 1 804
191 1 0
191 1 0
191 1 0
191 1 896
191 1 0
191 1 0
192 2 0
192 2 487
192 2 775
192 2 424
192 2 935
192 2 0
192 2 0
192 2 0
192 2 594
192 2 395
192 2 0
192 2 0
193 2 0
193 2 234
193 2 688
193 2 968
193 2 583
193 2 337
193 2 731
193 2 584
193 2 0
193 2 0
193 2 0
193 2 0
194 2 0
194 2 822
194 2 315
194 2 0
194 2 0
194 2 0
194 2 0
195 1 0
195 1 589
195 1 39
195 1 359
195 1 0
195 1 0
195 1 0
195 1 0
196 1 0
196 1 702
196 1 774
196 1 572
196 1 888
196 1 0
196 1 0
197 1 0
197 1 886
197 1 500
197 1 987
197 1 762
197 1 0
197 1 0
197 1 0
197 1 551
197 1 0
197 1 0
198 2 0
198 2 143
198 2 50
198 2 527
198 2 469
198 2 0
198 2 0
199 1 0
199 1 67
199 1 540
199 1 421
199 1 0
199 1 0
199 1 0
199 1 439
199 1 371
199 1 0
199 1 0
200 2 0
200 2 185
200 2 958
200 2 985
200 2 51
200 2 957
200 2 235
200 2 0
200 2 0
200 2 0
200 2 0
201 2 0
201 2 780
201 2 192
201 2 19
201 2 869
201 2 77
201 2 0
201 2 0
201 2 0
201 2 0
202 1 0
202 1 956
202 1 474
202 1 0
202 1 0
202 1 0
202 1 521
202 1 708
202 1 0
202 1 0
203 1 0
203 1 179
203 1 274
203 1 0
203 1 0
204 1 0
204 1 270
204 1 0
204 1 0
205 1 0
205 1 152
205 1 0
205 1 0
206 1 0
206 1 12
206 1 0
206 1 0
