total cost: 352421
1 2 0
1 2 553
1 2 288
1 2 767
1 2 0
1 2 0
1 2 307
1 2 793
1 2 0
1 2 0
1 2 141
1 2 0
2 2 0
2 2 220
2 2 802
2 2 577
2 2 254
2 2 749
2 2 0
2 2 0
2 2 180
2 2 257
2 2 932
2 2 0
3 1 0
3 1 616
3 1 161
3 1 652
3 1 0
3 1 0
3 1 0
4 1 0
4 1 954
4 1 654
4 1 520
4 1 0
5 1 0
5 1 463
5 1 539
5 1 459
5 1 693
5 1 454
5 1 0
5 1 0
5 1 790
5 1 0
5 1 0
5 1 0
6 2 0
6 2 408
6 2 801
6 2 754
6 2 593
6 2 475
6 2 510
6 2 356
6 2 0
7 2 0
7 2 645
7 2 865
7 2 189
7 2 442
7 2 92
7 2 710
7 2 717
7 2 0
7 2 0
7 2 0
8 2 0
8 2 605
8 2 974
8 2 401
8 2 229
8 2 0
9 2 0
9 2 57
9 2 843
9 2 170
9 2 689
9 2 525
9 2 476
9 2 0
10 2 0
10 2 281
10 2 423
10 2 532
10 2 544
10 2 798
10 2 380
10 2 0
11 1 0
11 1 856
11 1 4
11 1 501
11 1 250
11 1 911
11 1 468
11 1 700
11 1 0
11 1 0
11 1 230
11 1 0
12 1 0
12 1 354
12 1 0
13 1 0
13 1 319
13 1 716
13 1 0
14 2 0
14 2 124
14 2 919
14 2 799
14 2 148
14 2 0
15 2 0
15 2 164
15 2 391
15 2 440
15 2 216
15 2 650
15 2 0
16 1 0
16 1 37
16 1 0
17 2 0
17 2 154
17 2 0
17 2 0
17 2 612
17 2 535
17 2 8
17 2 0
18 2 0
18 2 462
18 2 813
18 2 478
18 2 570
18 2 0
18 2 0
18 2 283
18 2 590
18 2 269
18 2 0
19 2 0
19 2 763
19 2 831
19 2 759
19 2 237
19 2 0
19 2 0
19 2 591
19 2 504
19 2 0
20 1 0
20 1 947
20 1 400
20 1 682
20 1 826
20 1 641
20 1 171
20 1 742
20 1 0
21 2 0
21 2 602
21 2 939
21 2 975
21 2 810
21 2 276
21 2 0
22 2 0
22 2 714
22 2 248
22 2 0
23 1 0
23 1 841
23 1 543
23 1 101
23 1 783
23 1 470
23 1 217
23 1 897
23 1 345
23 1 0
23 1 0
23 1 0
24 1 0
24 1 565
24 1 850
24 1 58
24 1 871
24 1 36
24 1 264
24 1 99
24 1 63
24 1 807
24 1 0
24 1 0
24 1 0
25 2 0
25 2 428
25 2 820
25 2 54
25 2 732
25 2 600
25 2 0
26 1 0
26 1 284
26 1 338
26 1 791
26 1 945
26 1 191
26 1 259
26 1 125
26 1 0
27 1 0
27 1 489
27 1 741
27 1 107
27 1 0
28 1 0
28 1 304
28 1 205
28 1 114
28 1 477
28 1 0
29 2 0
29 2 899
29 2 922
29 2 45
29 2 806
29 2 814
29 2 93
29 2 880
29 2 136
29 2 694
29 2 844
29 2 0
30 1 0
30 1 64
30 1 967
30 1 678
30 1 0
31 2 0
31 2 291
31 2 7
31 2 992
31 2 437
31 2 508
31 2 815
31 2 360
31 2 0
32 2 0
32 2 846
32 2 473
32 2 293
32 2 0
33 1 0
33 1 866
33 1 9
33 1 721
33 1 923
33 1 436
33 1 0
33 1 0
33 1 0
34 1 0
34 1 128
34 1 925
34 1 715
34 1 418
34 1 292
34 1 208
34 1 38
34 1 0
35 1 0
35 1 816
35 1 863
35 1 868
35 1 609
35 1 0
35 1 0
35 1 561
35 1 0
36 2 0
36 2 158
36 2 541
36 2 204
36 2 563
36 2 964
36 2 940
36 2 314
36 2 0
37 1 0
37 1 389
37 1 580
37 1 441
37 1 855
37 1 232
37 1 808
37 1 512
37 1 397
37 1 0
37 1 0
37 1 0
38 2 0
38 2 113
38 2 910
38 2 529
38 2 349
38 2 0
38 2 0
38 2 352
38 2 0
39 1 0
39 1 738
39 1 603
39 1 796
39 1 0
40 1 0
40 1 907
40 1 0
41 2 0
41 2 17
41 2 178
41 2 323
41 2 885
41 2 0
42 2 0
42 2 14
42 2 538
42 2 446
42 2 495
42 2 949
42 2 692
42 2 852
42 2 0
43 1 0
43 1 524
43 1 279
43 1 785
43 1 0
43 1 0
43 1 0
44 2 0
44 2 606
44 2 955
44 2 542
44 2 707
44 2 246
44 2 40
44 2 2
44 2 990
44 2 223
44 2 0
45 1 0
45 1 335
45 1 0
46 2 0
46 2 153
46 2 394
46 2 666
46 2 207
46 2 676
46 2 168
46 2 803
46 2 0
46 2 0
46 2 0
47 2 0
47 2 531
47 2 106
47 2 41
47 2 677
47 2 0
48 1 0
48 1 133
48 1 399
48 1 680
48 1 873
48 1 200
48 1 0
49 1 0
49 1 472
49 1 513
49 1 0
50 1 0
50 1 837
50 1 909
50 1 0
51 1 0
51 1 784
51 1 86
51 1 0
52 2 0
52 2 550
52 2 0
53 2 0
53 2 212
53 2 516
53 2 0
54 2 0
54 2 163
54 2 906
54 2 545
54 2 0
55 1 0
55 1 456
55 1 102
55 1 351
55 1 0
55 1 0
55 1 255
55 1 980
55 1 74
55 1 724
55 1 0
56 1 0
56 1 921
56 1 679
56 1 576
56 1 0
57 1 0
57 1 336
57 1 369
57 1 854
57 1 0
57 1 0
57 1 130
57 1 0
58 2 0
58 2 817
58 2 157
58 2 199
58 2 324
58 2 648
58 2 290
58 2 0
58 2 0
58 2 0
59 1 0
59 1 0
60 2 0
60 2 608
60 2 447
60 2 705
60 2 0
60 2 0
60 2 0
61 2 0
61 2 435
61 2 686
61 2 160
61 2 183
61 2 835
61 2 490
61 2 471
61 2 0
62 2 0
62 2 518
62 2 497
62 2 404
62 2 642
62 2 0
62 2 0
62 2 95
62 2 398
62 2 0
63 1 0
63 1 266
63 1 562
63 1 664
63 1 410
63 1 151
63 1 752
63 1 970
63 1 27
63 1 434
63 1 0
63 1 0
64 2 0
64 2 611
64 2 647
64 2 455
64 2 0
64 2 0
64 2 0
65 2 0
65 2 809
65 2 930
65 2 771
65 2 492
65 2 413
65 2 0
65 2 0
65 2 969
65 2 44
65 2 0
66 1 0
66 1 699
66 1 646
66 1 392
66 1 30
66 1 628
66 1 937
66 1 0
66 1 0
66 1 0
67 2 0
67 2 340
67 2 781
67 2 188
67 2 425
67 2 776
67 2 668
67 2 0
68 1 0
68 1 876
68 1 753
68 1 0
69 2 0
69 2 989
69 2 751
69 2 673
69 2 485
69 2 226
69 2 0
69 2 0
69 2 94
69 2 0
70 2 0
70 2 996
70 2 697
70 2 870
70 2 81
70 2 289
70 2 211
70 2 0
71 2 0
71 2 644
71 2 329
71 2 453
71 2 78
71 2 71
71 2 661
71 2 66
71 2 383
71 2 0
71 2 0
71 2 0
72 1 0
72 1 902
72 1 84
72 1 709
72 1 757
72 1 0
72 1 0
72 1 0
73 1 0
73 1 181
73 1 417
73 1 918
73 1 309
73 1 0
73 1 0
73 1 0
74 2 0
74 2 275
74 2 310
74 2 581
74 2 936
74 2 630
74 2 0
75 2 0
75 2 568
75 2 675
75 2 779
75 2 0
76 2 0
76 2 166
76 2 438
76 2 0
77 2 0
77 2 511
77 2 777
77 2 79
77 2 663
77 2 601
77 2 0
77 2 0
77 2 11
77 2 0
78 2 0
78 2 943
78 2 18
78 2 887
78 2 973
78 2 0
78 2 0
78 2 47
78 2 604
78 2 0
79 2 0
79 2 233
79 2 134
79 2 175
79 2 420
79 2 376
79 2 140
79 2 218
79 2 701
79 2 80
79 2 494
79 2 0
79 2 0
79 2 0
79 2 0
80 2 0
80 2 321
80 2 177
80 2 330
80 2 0
81 1 0
81 1 186
81 1 484
81 1 172
81 1 761
81 1 595
81 1 758
81 1 0
81 1 0
81 1 0
81 1 0
82 2 0
82 2 756
82 2 794
82 2 874
82 2 655
82 2 0
82 2 0
82 2 971
82 2 965
82 2 734
82 2 480
82 2 0
83 1 0
83 1 150
83 1 944
83 1 669
83 1 857
83 1 0
84 1 0
84 1 193
84 1 426
84 1 0
84 1 0
84 1 748
84 1 481
84 1 0
84 1 0
84 1 0
85 1 0
85 1 430
85 1 334
85 1 938
85 1 755
85 1 997
85 1 493
85 1 778
85 1 0
85 1 0
85 1 0
85 1 0
86 1 0
86 1 328
86 1 282
86 1 685
86 1 396
86 1 0
86 1 0
86 1 0
87 2 0
87 2 411
87 2 574
87 2 419
87 2 976
87 2 0
88 2 0
88 2 960
88 2 24
88 2 0
89 1 0
89 1 610
89 1 894
89 1 25
89 1 582
89 1 726
89 1 83
89 1 0
89 1 0
89 1 0
89 1 0
90 2 0
90 2 934
90 2 88
90 2 578
90 2 365
90 2 929
90 2 0
90 2 0
90 2 0
91 1 0
91 1 564
91 1 695
91 1 0
92 2 0
92 2 941
92 2 341
92 2 891
92 2 571
92 2 672
92 2 0
92 2 0
92 2 0
93 1 0
93 1 273
93 1 797
93 1 805
93 1 466
93 1 587
93 1 0
94 1 0
94 1 861
94 1 393
94 1 457
94 1 119
94 1 28
94 1 0
95 1 0
95 1 840
95 1 0
96 1 0
96 1 977
96 1 0
97 2 0
97 2 718
97 2 0
97 2 0
97 2 0
98 1 0
98 1 557
98 1 0
99 1 0
99 1 311
99 1 847
99 1 0
99 1 0
99 1 0
100 1 0
100 1 366
100 1 0
100 1 0
100 1 85
100 1 800
100 1 881
100 1 298
100 1 0
100 1 0
100 1 0
101 2 0
101 2 640
101 2 998
101 2 554
101 2 624
101 2 515
101 2 812
101 2 287
101 2 0
101 2 0
101 2 0
102 1 0
102 1 167
102 1 782
102 1 764
102 1 819
102 1 0
102 1 0
102 1 479
102 1 509
102 1 0
103 2 0
103 2 59
103 2 173
103 2 848
103 2 838
103 2 342
103 2 607
103 2 0
104 2 0
104 2 586
104 2 904
104 2 0
105 1 0
105 1 118
105 1 656
105 1 0
105 1 0
105 1 0
106 2 0
106 2 999
106 2 719
106 2 622
106 2 573
106 2 883
106 2 942
106 2 994
106 2 824
106 2 0
106 2 0
106 2 0
107 2 0
107 2 948
107 2 135
107 2 0
108 1 0
108 1 429
108 1 988
108 1 927
108 1 318
108 1 0
108 1 0
108 1 877
108 1 0
109 2 0
109 2 31
109 2 746
109 2 660
109 2 558
109 2 983
109 2 706
109 2 0
110 1 0
110 1 735
110 1 272
110 1 0
110 1 0
110 1 662
110 1 0
111 2 0
111 2 247
111 2 190
111 2 832
111 2 122
111 2 905
111 2 890
111 2 845
111 2 295
111 2 0
111 2 0
112 2 0
112 2 621
112 2 951
112 2 659
112 2 0
112 2 0
112 2 0
113 2 0
113 2 97
113 2 465
113 2 842
113 2 0
114 2 0
114 2 991
114 2 627
114 2 0
114 2 0
114 2 496
114 2 301
114 2 127
114 2 626
114 2 0
114 2 0
114 2 0
115 2 0
115 2 458
115 2 534
115 2 792
115 2 613
115 2 488
115 2 187
115 2 0
115 2 0
115 2 23
115 2 0
116 1 0
116 1 0
117 2 0
117 2 657
117 2 703
117 2 407
117 2 750
117 2 91
117 2 0
117 2 0
117 2 0
118 1 0
118 1 830
118 1 0
118 1 0
118 1 546
118 1 789
118 1 0
119 1 0
119 1 149
119 1 332
119 1 142
119 1 320
119 1 0
119 1 0
119 1 0
119 1 43
119 1 0
120 1 0
120 1 294
120 1 950
120 1 467
120 1 346
120 1 461
120 1 90
120 1 0
120 1 0
121 2 0
121 2 126
121 2 730
121 2 0
121 2 0
121 2 530
121 2 638
121 2 0
122 2 0
122 2 10
122 2 727
122 2 0
122 2 0
122 2 0
123 2 0
123 2 445
123 2 348
123 2 0
124 1 0
124 1 665
124 1 559
124 1 555
124 1 432
124 1 34
124 1 339
124 1 526
124 1 0
124 1 0
124 1 0
124 1 0
125 2 0
125 2 898
125 2 182
125 2 0
126 2 0
126 2 214
126 2 683
126 2 82
126 2 202
126 2 0
126 2 0
126 2 0
127 1 0
127 1 251
127 1 720
127 1 0
128 2 0
128 2 245
128 2 908
128 2 53
128 2 619
128 2 895
128 2 0
129 2 0
129 2 414
129 2 505
129 2 0
130 1 0
130 1 536
130 1 0
131 1 0
131 1 828
131 1 0
131 1 0
131 1 265
131 1 0
131 1 0
131 1 0
132 2 0
132 2 712
132 2 653
132 2 448
132 2 681
132 2 0
132 2 0
132 2 29
132 2 0
133 2 0
133 2 313
133 2 903
133 2 0
133 2 0
133 2 367
133 2 412
133 2 0
134 2 0
134 2 109
134 2 853
134 2 825
134 2 387
134 2 1000
134 2 0
134 2 0
134 2 0
135 2 0
135 2 596
135 2 364
135 2 145
135 2 0
135 2 0
135 2 221
135 2 0
136 2 0
136 2 144
136 2 827
136 2 156
136 2 728
136 2 823
136 2 548
136 2 0
136 2 0
136 2 0
137 1 0
137 1 296
137 1 0
137 1 0
137 1 818
137 1 0
137 1 0
137 1 0
138 2 0
138 2 862
138 2 744
138 2 917
138 2 839
138 2 6
138 2 89
138 2 0
139 2 0
139 2 502
139 2 986
139 2 98
139 2 0
139 2 0
139 2 920
139 2 772
139 2 317
139 2 0
140 2 0
140 2 849
140 2 670
140 2 615
140 2 327
140 2 617
140 2 381
140 2 0
140 2 0
141 1 0
141 1 385
141 1 875
141 1 506
141 1 993
141 1 0
141 1 0
141 1 0
141 1 0
142 2 0
142 2 271
142 2 498
142 2 73
142 2 503
142 2 740
142 2 0
143 1 0
143 1 634
143 1 566
143 1 972
143 1 0
143 1 0
143 1 0
143 1 0
144 2 0
144 2 42
144 2 698
144 2 35
144 2 253
144 2 760
144 2 651
144 2 0
144 2 0
145 2 0
145 2 240
145 2 249
145 2 522
145 2 0
145 2 0
145 2 811
145 2 165
145 2 0
146 1 0
146 1 32
146 1 60
146 1 912
146 1 104
146 1 46
146 1 0
146 1 0
147 1 0
147 1 409
147 1 743
147 1 860
147 1 236
147 1 723
147 1 146
147 1 433
147 1 0
147 1 0
147 1 0
147 1 0
148 1 0
148 1 523
148 1 995
148 1 0
149 2 0
149 2 384
149 2 382
149 2 0
150 1 0
150 1 15
150 1 928
150 1 0
150 1 0
151 2 0
151 2 514
151 2 914
151 2 123
151 2 834
151 2 0
152 2 0
152 2 402
152 2 733
152 2 636
152 2 737
152 2 632
152 2 386
152 2 0
152 2 0
152 2 0
152 2 0
153 1 0
153 1 406
153 1 108
153 1 0
154 2 0
154 2 69
154 2 765
154 2 68
154 2 0
155 2 0
155 2 722
155 2 773
155 2 464
155 2 635
155 2 415
155 2 201
155 2 704
155 2 0
155 2 0
155 2 0
155 2 0
156 2 0
156 2 982
156 2 368
156 2 357
156 2 263
156 2 297
156 2 579
156 2 829
156 2 0
156 2 0
157 1 0
157 1 374
157 1 788
157 1 131
157 1 196
157 1 0
157 1 0
157 1 0
157 1 588
157 1 0
158 1 0
158 1 22
158 1 978
158 1 316
158 1 325
158 1 176
158 1 5
158 1 0
158 1 0
158 1 0
158 1 0
159 2 0
159 2 222
159 2 0
159 2 0
159 2 0
160 1 0
160 1 277
160 1 916
160 1 56
160 1 162
160 1 633
160 1 984
160 1 795
160 1 0
160 1 0
160 1 0
160 1 0
161 1 0
161 1 690
161 1 256
161 1 962
161 1 858
161 1 560
161 1 0
161 1 0
162 1 0
162 1 786
162 1 0
162 1 0
162 1 0
163 2 0
163 2 377
163 2 872
163 2 331
163 2 326
163 2 373
163 2 556
163 2 0
163 2 0
163 2 0
163 2 0
164 1 0
164 1 913
164 1 0
164 1 0
164 1 0
165 2 0
165 2 449
165 2 460
165 2 725
165 2 0
165 2 0
165 2 372
165 2 55
165 2 252
165 2 915
165 2 0
166 2 0
166 2 450
166 2 303
166 2 959
166 2 308
166 2 49
166 2 639
166 2 0
166 2 0
167 2 0
167 2 116
167 2 979
167 2 499
167 2 0
168 1 0
168 1 243
168 1 884
168 1 867
168 1 0
168 1 0
168 1 0
168 1 305
168 1 0
169 1 0
169 1 625
169 1 224
169 1 981
169 1 507
169 1 900
169 1 491
169 1 299
169 1 0
169 1 0
169 1 0
169 1 0
170 2 0
170 2 370
170 2 244
170 2 567
170 2 528
170 2 361
170 2 353
170 2 443
170 2 0
170 2 0
170 2 0
170 2 0
171 1 0
171 1 598
171 1 137
171 1 569
171 1 0
171 1 0
171 1 0
171 1 0
172 2 0
172 2 184
172 2 893
172 2 747
172 2 674
172 2 517
172 2 0
172 2 0
172 2 0
172 2 112
172 2 0
173 1 0
173 1 643
173 1 0
173 1 0
173 1 0
174 1 0
174 1 0
175 1 0
175 1 0
176 1 0
176 1 0
177 2 0
177 2 745
177 2 0
177 2 0
177 2 362
177 2 242
177 2 0
178 2 0
178 2 198
178 2 238
178 2 859
178 2 924
178 2 882
178 2 0
178 2 0
179 2 0
179 2 966
179 2 416
179 2 649
179 2 878
179 2 378
179 2 280
179 2 169
179 2 0
179 2 0
180 2 0
180 2 155
180 2 618
180 2 0
180 2 0
180 2 87
180 2 0
181 1 0
181 1 268
181 1 0
181 1 0
181 1 451
181 1 0
182 1 0
182 1 684
182 1 120
182 1 549
182 1 286
182 1 486
182 1 552
182 1 241
182 1 0
182 1 0
182 1 0
182 1 0
183 1 0
183 1 482
183 1 379
183 1 159
183 1 671
183 1 105
183 1 961
183 1 629
183 1 0
183 1 0
184 1 0
184 1 194
184 1 623
184 1 347
184 1 225
184 1 358
184 1 696
184 1 519
184 1 0
184 1 0
184 1 0
184 1 0
185 2 0
185 2 267
185 2 197
185 2 0
185 2 0
186 2 0
186 2 210
186 2 117
186 2 206
186 2 585
186 2 879
186 2 836
186 2 3
186 2 0
186 2 0
187 2 0
187 2 72
187 2 901
187 2 667
187 2 96
187 2 76
187 2 75
187 2 0
187 2 0
188 1 0
188 1 333
188 1 0
188 1 0
189 2 0
189 2 61
189 2 946
189 2 631
189 2 427
189 2 963
189 2 344
189 2 711
189 2 0
189 2 0
190 1 0
190 1 103
190 1 261
190 1 769
190 1 533
190 1 228
190 1 0
190 1 0
190 1 0
190 1 0
191 2 0
191 2 100
191 2 227
191 2 452
191 2 285
191 2 0
191 2 0
191 2 0
191 2 0
192 2 0
192 2 770
192 2 422
192 2 21
192 2 139
192 2 260
192 2 0
192 2 0
192 2 0
192 2 0
193 2 0
193 2 597
193 2 403
193 2 851
193 2 931
193 2 363
193 2 892
193 2 138
193 2 110
193 2 0
193 2 0
194 2 0
194 2 322
194 2 0
195 1 0
195 1 129
195 1 343
195 1 575
195 1 0
195 1 0
195 1 0
195 1 209
195 1 0
195 1 0
196 1 0
196 1 953
196 1 691
196 1 174
196 1 306
196 1 0
196 1 0
196 1 0
196 1 33
196 1 0
197 2 0
197 2 483
197 2 768
197 2 262
197 2 0
197 2 0
197 2 0
197 2 195
197 2 0
198 1 0
198 1 215
198 1 355
198 1 278
198 1 787
198 1 65
198 1 0
198 1 0
198 1 0
198 1 0
199 1 0
199 1 115
199 1 821
199 1 258
199 1 0
199 1 0
199 1 0
199 1 713
199 1 431
199 1 0
199 1 0
200 1 0
200 1 203
200 1 926
200 1 121
200 1 896
200 1 547
200 1 0
200 1 0
200 1 0
200 1 0
201 1 0
201 1 20
201 1 132
201 1 444
201 1 147
201 1 0
201 1 0
201 1 0
201 1 0
202 1 0
202 1 52
202 1 592
202 1 213
202 1 0
202 1 0
202 1 0
202 1 864
202 1 375
202 1 0
202 1 0
203 2 0
203 2 111
203 2 487
203 2 933
203 2 0
203 2 0
203 2 0
203 2 599
203 2 231
203 2 0
203 2 0
204 2 0
204 2 312
204 2 302
204 2 833
204 2 658
204 2 537
204 2 300
204 2 620
204 2 0
204 2 0
205 1 0
205 1 16
205 1 388
205 1 736
205 1 766
205 1 888
205 1 0
205 1 0
205 1 0
205 1 0
206 1 0
206 1 70
206 1 67
206 1 48
206 1 239
206 1 0
206 1 0
206 1 0
206 1 0
207 1 0
207 1 687
207 1 614
207 1 219
207 1 0
207 1 0
208 2 0
208 2 350
208 2 0
208 2 0
208 2 0
208 2 739
208 2 0
208 2 0
209 2 0
209 2 804
209 2 637
209 2 0
209 2 0
209 2 0
209 2 952
209 2 594
209 2 551
209 2 0
209 2 0
210 2 0
210 2 234
210 2 405
210 2 390
210 2 337
210 2 583
210 2 935
210 2 0
210 2 0
210 2 0
210 2 0
211 2 0
211 2 1
211 2 886
211 2 500
211 2 469
211 2 19
211 2 0
211 2 0
212 1 0
212 1 62
212 1 968
212 1 729
212 1 192
212 1 0
212 1 0
212 1 0
212 1 0
213 2 0
213 2 822
213 2 0
213 2 0
213 2 0
213 2 0
214 1 0
214 1 589
214 1 26
214 1 889
214 1 0
214 1 0
214 1 0
214 1 0
215 2 0
215 2 702
215 2 774
215 2 572
215 2 395
215 2 0
215 2 0
216 2 0
216 2 315
216 2 527
216 2 235
216 2 869
216 2 0
216 2 0
217 1 0
217 1 775
217 1 987
217 1 0
217 1 0
217 1 0
217 1 439
217 1 0
217 1 0
218 2 0
218 2 688
218 2 540
218 2 424
218 2 762
218 2 371
218 2 0
218 2 0
218 2 0
218 2 0
219 2 0
219 2 143
219 2 985
219 2 958
219 2 51
219 2 957
219 2 274
219 2 0
219 2 0
219 2 0
219 2 0
220 1 0
220 1 584
220 1 0
220 1 0
221 1 0
221 1 185
221 1 780
221 1 39
221 1 0
221 1 0
221 1 0
221 1 152
221 1 0
222 2 0
222 2 421
222 2 731
222 2 0
222 2 0
223 1 0
223 1 956
223 1 474
223 1 0
223 1 0
223 1 0
223 1 77
223 1 708
223 1 0
223 1 0
224 1 0
224 1 50
224 1 359
224 1 0
224 1 0
224 1 0
224 1 0
225 1 0
225 1 179
225 1 0
225 1 0
225 1 0
225 1 521
225 1 12
225 1 0
225 1 0
226 1 0
226 1 270
226 1 0
226 1 0
227 1 0
227 1 13
227 1 0
227 1 0
