total cost: 312886
1 2 0
1 2 553
1 2 288
1 2 767
1 2 0
1 2 0
1 2 307
1 2 793
1 2 0
1 2 0
1 2 141
1 2 0
2 2 0
2 2 220
2 2 802
2 2 577
2 2 254
2 2 749
2 2 0
2 2 0
2 2 180
2 2 257
2 2 932
2 2 0
3 2 0
3 2 616
3 2 161
3 2 652
3 2 0
3 2 0
3 2 0
4 2 0
4 2 954
4 2 654
4 2 520
4 2 0
5 1 0
5 1 463
5 1 539
5 1 459
5 1 693
5 1 454
5 1 0
5 1 0
5 1 790
5 1 0
5 1 0
5 1 0
6 2 0
6 2 408
6 2 801
6 2 754
6 2 593
6 2 475
6 2 510
6 2 356
6 2 0
7 2 0
7 2 645
7 2 865
7 2 189
7 2 442
7 2 92
7 2 710
7 2 717
7 2 0
7 2 0
7 2 0
8 1 0
8 1 605
8 1 974
8 1 401
8 1 229
8 1 0
9 1 0
9 1 57
9 1 843
9 1 170
9 1 689
9 1 525
9 1 476
9 1 0
10 2 0
10 2 281
10 2 423
10 2 532
10 2 544
10 2 798
10 2 380
10 2 0
11 1 0
11 1 856
11 1 4
11 1 501
11 1 250
11 1 911
11 1 468
11 1 700
11 1 0
11 1 0
11 1 230
11 1 0
12 1 0
12 1 354
12 1 0
13 2 0
13 2 319
13 2 716
13 2 0
14 2 0
14 2 124
14 2 919
14 2 799
14 2 148
14 2 0
15 1 0
15 1 164
15 1 391
15 1 440
15 1 216
15 1 650
15 1 0
16 1 0
16 1 37
16 1 0
17 1 0
17 1 0
18 1 0
18 1 0
19 2 0
19 2 154
19 2 0
19 2 0
19 2 612
19 2 535
19 2 8
19 2 0
20 1 0
20 1 462
20 1 813
20 1 478
20 1 0
20 1 0
20 1 283
20 1 590
20 1 269
20 1 0
21 1 0
21 1 763
21 1 831
21 1 602
21 1 284
21 1 759
21 1 0
21 1 0
21 1 591
21 1 504
21 1 0
22 1 0
22 1 947
22 1 400
22 1 682
22 1 826
22 1 641
22 1 171
22 1 742
22 1 0
22 1 0
22 1 0
23 2 0
23 2 714
23 2 248
23 2 0
24 1 0
24 1 841
24 1 543
24 1 101
24 1 783
24 1 470
24 1 217
24 1 897
24 1 345
24 1 0
24 1 0
24 1 0
25 1 0
25 1 975
25 1 570
25 1 810
25 1 276
25 1 0
25 1 0
25 1 0
26 2 0
26 2 565
26 2 871
26 2 850
26 2 58
26 2 237
26 2 0
26 2 0
26 2 304
26 2 205
26 2 114
26 2 0
27 1 0
27 1 428
27 1 820
27 1 54
27 1 732
27 1 600
27 1 0
27 1 0
27 1 0
28 2 0
28 2 489
28 2 741
28 2 107
28 2 0
29 1 0
29 1 899
29 1 338
29 1 922
29 1 531
29 1 806
29 1 200
29 1 694
29 1 844
29 1 0
29 1 0
29 1 0
30 1 0
30 1 64
30 1 967
30 1 678
30 1 0
31 1 0
31 1 291
31 1 7
31 1 992
31 1 437
31 1 508
31 1 815
31 1 360
31 1 0
32 2 0
32 2 846
32 2 473
32 2 293
32 2 0
33 2 0
33 2 866
33 2 9
33 2 721
33 2 923
33 2 436
33 2 970
33 2 0
33 2 0
33 2 0
34 2 0
34 2 128
34 2 925
34 2 715
34 2 418
34 2 292
34 2 208
34 2 38
34 2 0
35 1 0
35 1 264
35 1 910
35 1 524
35 1 63
35 1 807
35 1 0
36 1 0
36 1 816
36 1 863
36 1 868
36 1 609
36 1 0
36 1 0
36 1 561
36 1 0
37 1 0
37 1 158
37 1 541
37 1 36
37 1 204
37 1 563
37 1 964
37 1 940
37 1 314
37 1 0
37 1 0
37 1 0
38 1 0
38 1 939
38 1 945
38 1 791
38 1 259
38 1 191
38 1 125
38 1 0
39 2 0
39 2 14
39 2 580
39 2 232
39 2 538
39 2 495
39 2 397
39 2 212
39 2 512
39 2 0
40 1 0
40 1 389
40 1 666
40 1 446
40 1 949
40 1 692
40 1 852
40 1 0
41 1 0
41 1 113
41 1 529
41 1 738
41 1 907
41 1 349
41 1 0
42 2 0
42 2 855
42 2 808
42 2 676
42 2 969
42 2 803
42 2 66
42 2 516
42 2 0
43 2 0
43 2 279
43 2 99
43 2 785
43 2 472
43 2 513
43 2 0
43 2 0
43 2 0
44 2 0
44 2 17
44 2 178
44 2 323
44 2 885
44 2 0
45 1 0
45 1 441
45 1 207
45 1 168
45 1 71
45 1 661
45 1 44
45 1 383
45 1 0
45 1 0
45 1 0
45 1 0
46 2 0
46 2 606
46 2 955
46 2 542
46 2 707
46 2 246
46 2 40
46 2 2
46 2 990
46 2 223
46 2 0
47 2 0
47 2 106
47 2 93
47 2 880
47 2 136
47 2 0
48 1 0
48 1 335
48 1 0
49 1 0
49 1 153
49 1 394
49 1 453
49 1 88
49 1 0
49 1 0
49 1 477
49 1 677
49 1 0
50 2 0
50 2 603
50 2 796
50 2 644
50 2 608
50 2 447
50 2 545
50 2 0
50 2 0
50 2 0
51 1 0
51 1 133
51 1 664
51 1 752
51 1 0
51 1 0
51 1 0
52 2 0
52 2 550
52 2 784
52 2 86
52 2 0
53 1 0
53 1 837
53 1 909
53 1 0
54 2 0
54 2 352
54 2 0
55 2 0
55 2 163
55 2 906
55 2 679
55 2 0
56 1 0
56 1 456
56 1 102
56 1 351
56 1 0
56 1 0
56 1 255
56 1 980
56 1 74
56 1 724
56 1 0
57 2 0
57 2 921
57 2 876
57 2 753
57 2 0
58 1 0
58 1 45
58 1 809
58 1 430
58 1 334
58 1 755
58 1 800
58 1 493
58 1 778
58 1 0
58 1 0
58 1 0
58 1 0
59 2 0
59 2 336
59 2 369
59 2 854
59 2 426
59 2 0
59 2 0
59 2 130
59 2 576
59 2 0
59 2 0
59 2 0
60 2 0
60 2 817
60 2 157
60 2 199
60 2 324
60 2 648
60 2 290
60 2 0
60 2 0
60 2 0
61 2 0
61 2 435
61 2 686
61 2 160
61 2 183
61 2 835
61 2 490
61 2 471
61 2 0
62 1 0
62 1 518
62 1 497
62 1 574
62 1 419
62 1 976
62 1 669
62 1 0
62 1 0
62 1 0
63 1 0
63 1 266
63 1 562
63 1 275
63 1 310
63 1 748
63 1 166
63 1 27
63 1 0
63 1 0
63 1 0
64 2 0
64 2 611
64 2 647
64 2 455
64 2 0
64 2 0
64 2 0
65 2 0
65 2 95
65 2 398
65 2 0
66 2 0
66 2 41
66 2 181
66 2 0
67 1 0
67 1 399
67 1 680
67 1 396
67 1 977
67 1 438
67 1 481
67 1 0
67 1 0
67 1 0
68 1 0
68 1 699
68 1 646
68 1 392
68 1 30
68 1 628
68 1 937
68 1 0
68 1 0
68 1 0
69 2 0
69 2 340
69 2 781
69 2 188
69 2 425
69 2 776
69 2 668
69 2 0
70 1 0
70 1 814
70 1 568
70 1 135
70 1 289
70 1 675
70 1 0
71 2 0
71 2 989
71 2 751
71 2 673
71 2 485
71 2 226
71 2 0
71 2 0
71 2 94
71 2 0
72 1 0
72 1 996
72 1 870
72 1 797
72 1 81
72 1 0
72 1 0
72 1 873
72 1 581
72 1 936
72 1 630
72 1 0
73 1 0
73 1 902
73 1 84
73 1 709
73 1 757
73 1 0
73 1 0
73 1 0
74 2 0
74 2 151
74 2 965
74 2 971
74 2 734
74 2 480
74 2 0
75 2 0
75 2 511
75 2 777
75 2 79
75 2 663
75 2 601
75 2 0
75 2 0
75 2 11
75 2 434
75 2 0
76 1 0
76 1 410
76 1 887
76 1 973
76 1 0
76 1 0
76 1 47
76 1 604
76 1 0
77 2 0
77 2 233
77 2 134
77 2 175
77 2 420
77 2 376
77 2 140
77 2 218
77 2 701
77 2 80
77 2 494
77 2 0
77 2 0
77 2 0
77 2 0
78 1 0
78 1 943
78 1 941
78 1 282
78 1 771
78 1 0
78 1 0
78 1 43
78 1 0
79 2 0
79 2 756
79 2 794
79 2 874
79 2 655
79 2 0
79 2 0
79 2 33
79 2 918
79 2 309
79 2 0
79 2 0
79 2 0
80 1 0
80 1 321
80 1 393
80 1 457
80 1 960
80 1 24
80 1 119
80 1 0
80 1 0
81 1 0
81 1 328
81 1 492
81 1 413
81 1 0
81 1 0
81 1 150
81 1 0
82 1 0
82 1 411
82 1 404
82 1 0
82 1 0
82 1 417
82 1 877
82 1 0
82 1 0
82 1 0
83 1 0
83 1 610
83 1 894
83 1 660
83 1 25
83 1 726
83 1 706
83 1 983
83 1 0
83 1 0
84 2 0
84 2 930
84 2 764
84 2 819
84 2 730
84 2 0
84 2 0
84 2 718
84 2 0
84 2 0
84 2 0
85 1 0
85 1 18
85 1 341
85 1 891
85 1 0
85 1 0
85 1 29
85 1 479
85 1 509
85 1 0
86 1 0
86 1 564
86 1 840
86 1 193
86 1 173
86 1 0
87 1 0
87 1 329
87 1 991
87 1 578
87 1 0
87 1 0
87 1 177
87 1 904
87 1 812
87 1 287
87 1 0
87 1 0
87 1 0
88 1 0
88 1 273
88 1 429
88 1 735
88 1 484
88 1 172
88 1 761
88 1 0
88 1 0
88 1 0
89 1 0
89 1 934
89 1 78
89 1 365
89 1 929
89 1 705
89 1 0
89 1 0
89 1 0
90 2 0
90 2 186
90 2 211
90 2 948
90 2 0
91 1 0
91 1 366
91 1 938
91 1 97
91 1 997
91 1 0
91 1 0
91 1 311
91 1 847
91 1 0
91 1 0
91 1 0
92 1 0
92 1 697
92 1 272
92 1 85
92 1 0
92 1 0
92 1 557
92 1 0
93 1 0
93 1 640
93 1 998
93 1 554
93 1 15
93 1 432
93 1 0
93 1 0
93 1 0
93 1 0
94 2 0
94 2 167
94 2 782
94 2 294
94 2 465
94 2 881
94 2 842
94 2 0
94 2 0
94 2 0
95 1 0
95 1 695
95 1 0
96 1 0
96 1 59
96 1 0
97 1 0
97 1 861
97 1 536
97 1 0
98 1 0
98 1 685
98 1 118
98 1 656
98 1 672
98 1 0
98 1 0
98 1 0
99 1 0
99 1 999
99 1 719
99 1 622
99 1 573
99 1 883
99 1 942
99 1 994
99 1 824
99 1 0
99 1 0
99 1 0
99 1 0
100 2 0
100 2 31
100 2 849
100 2 582
100 2 402
100 2 83
100 2 415
100 2 201
100 2 0
100 2 0
101 2 0
101 2 586
101 2 624
101 2 515
101 2 0
102 2 0
102 2 944
102 2 857
102 2 0
103 1 0
103 1 621
103 1 951
103 1 414
103 1 0
103 1 0
103 1 0
104 2 0
104 2 746
104 2 758
104 2 595
104 2 587
104 2 0
105 2 0
105 2 247
105 2 908
105 2 144
105 2 245
105 2 53
105 2 619
105 2 0
105 2 0
105 2 0
106 2 0
106 2 838
106 2 848
106 2 91
106 2 0
107 2 0
107 2 23
107 2 750
107 2 607
107 2 342
107 2 0
108 2 0
108 2 496
108 2 301
108 2 127
108 2 626
108 2 0
108 2 0
108 2 0
109 1 0
109 1 458
109 1 534
109 1 792
109 1 332
109 1 613
109 1 0
109 1 0
109 1 0
109 1 0
110 1 0
110 1 0
111 2 0
111 2 657
111 2 0
111 2 0
111 2 779
111 2 298
111 2 0
112 2 0
112 2 830
112 2 126
112 2 683
112 2 0
112 2 0
112 2 662
112 2 558
112 2 0
113 2 0
113 2 149
113 2 142
113 2 634
113 2 825
113 2 387
113 2 0
113 2 0
113 2 546
113 2 182
113 2 0
114 2 0
114 2 642
114 2 190
114 2 327
114 2 615
114 2 895
114 2 0
115 2 0
115 2 10
115 2 727
115 2 0
115 2 0
115 2 0
116 1 0
116 1 445
116 1 638
116 1 920
116 1 0
116 1 0
116 1 0
117 2 0
117 2 665
117 2 559
117 2 555
117 2 34
117 2 339
117 2 526
117 2 928
117 2 0
117 2 0
118 2 0
118 2 659
118 2 627
118 2 898
118 2 789
118 2 0
119 2 0
119 2 530
119 2 165
119 2 305
119 2 772
119 2 0
120 1 0
120 1 805
120 1 988
120 1 927
120 1 318
120 1 0
120 1 0
120 1 367
120 1 28
120 1 265
120 1 0
120 1 0
120 1 0
121 2 0
121 2 251
121 2 720
121 2 466
121 2 588
121 2 993
121 2 0
121 2 0
121 2 0
122 2 0
122 2 703
122 2 407
122 2 505
122 2 0
123 1 0
123 1 950
123 1 596
123 1 145
123 1 0
123 1 0
123 1 330
123 1 0
124 1 0
124 1 828
124 1 0
124 1 0
124 1 571
124 1 214
124 1 0
124 1 0
124 1 0
125 2 0
125 2 313
125 2 903
125 2 0
125 2 0
125 2 82
125 2 406
125 2 0
126 1 0
126 1 109
126 1 853
126 1 566
126 1 0
126 1 0
126 1 818
126 1 222
126 1 0
126 1 0
126 1 0
127 1 0
127 1 862
127 1 744
127 1 917
127 1 839
127 1 6
127 1 89
127 1 0
127 1 0
127 1 0
127 1 0
128 1 0
128 1 502
128 1 986
128 1 98
128 1 0
128 1 0
128 1 0
128 1 221
128 1 0
129 1 0
129 1 364
129 1 467
129 1 382
129 1 461
129 1 46
129 1 104
129 1 0
129 1 0
130 1 0
130 1 712
130 1 653
130 1 448
130 1 681
130 1 0
130 1 0
130 1 0
130 1 0
131 2 0
131 2 385
131 2 832
131 2 253
131 2 651
131 2 834
131 2 617
131 2 381
131 2 0
131 2 0
132 2 0
132 2 296
132 2 32
132 2 60
132 2 0
132 2 0
132 2 202
132 2 412
132 2 0
133 2 0
133 2 488
133 2 320
133 2 725
133 2 0
133 2 0
133 2 112
133 2 506
133 2 0
134 1 0
134 1 42
134 1 698
134 1 35
134 1 122
134 1 875
134 1 905
134 1 890
134 1 0
134 1 0
134 1 0
134 1 0
135 2 0
135 2 271
135 2 827
135 2 156
135 2 728
135 2 823
135 2 0
135 2 0
135 2 0
136 2 0
136 2 240
136 2 249
136 2 522
136 2 0
136 2 0
136 2 811
136 2 317
136 2 0
137 2 0
137 2 670
137 2 277
137 2 357
137 2 498
137 2 548
137 2 503
137 2 0
137 2 0
137 2 0
137 2 0
138 2 0
138 2 409
138 2 743
138 2 860
138 2 236
138 2 723
138 2 108
138 2 90
138 2 346
138 2 0
138 2 0
139 2 0
139 2 187
139 2 745
139 2 0
139 2 0
139 2 0
140 2 0
140 2 384
140 2 912
140 2 0
141 2 0
141 2 514
141 2 914
141 2 123
141 2 73
141 2 760
141 2 263
141 2 845
141 2 295
141 2 829
141 2 0
141 2 0
142 1 0
142 1 523
142 1 348
142 1 1000
142 1 69
142 1 68
142 1 0
142 1 0
143 2 0
143 2 982
143 2 368
143 2 579
143 2 984
143 2 713
143 2 0
143 2 0
144 1 0
144 1 722
144 1 981
144 1 72
144 1 308
144 1 105
144 1 961
144 1 0
144 1 0
145 1 0
145 1 374
145 1 788
145 1 131
145 1 196
145 1 0
145 1 0
145 1 0
145 1 995
145 1 786
145 1 0
145 1 0
145 1 0
146 2 0
146 2 773
146 2 635
146 2 464
146 2 632
146 2 737
146 2 0
146 2 0
146 2 0
146 2 0
147 2 0
147 2 690
147 2 916
147 2 56
147 2 162
147 2 633
147 2 795
147 2 0
147 2 0
148 2 0
148 2 22
148 2 316
148 2 978
148 2 972
148 2 325
148 2 5
148 2 569
148 2 0
148 2 0
149 1 0
149 1 377
149 1 872
149 1 331
149 1 326
149 1 373
149 1 0
149 1 0
149 1 0
149 1 0
150 1 0
150 1 449
150 1 460
150 1 893
150 1 517
150 1 674
150 1 552
150 1 915
150 1 252
150 1 0
150 1 0
150 1 0
150 1 0
151 1 0
151 1 913
151 1 0
151 1 0
151 1 0
152 2 0
152 2 450
152 2 303
152 2 959
152 2 671
152 2 209
152 2 49
152 2 386
152 2 0
152 2 0
153 2 0
153 2 116
153 2 979
153 2 499
153 2 0
154 1 0
154 1 243
154 1 884
154 1 867
154 1 0
154 1 0
154 1 0
154 1 765
154 1 0
154 1 0
154 1 0
155 2 0
155 2 625
155 2 224
155 2 238
155 2 966
155 2 859
155 2 882
155 2 299
155 2 0
155 2 0
155 2 0
155 2 0
156 1 0
156 1 370
156 1 636
156 1 244
156 1 567
156 1 361
156 1 858
156 1 560
156 1 0
156 1 0
157 2 0
157 2 598
157 2 137
157 2 176
157 2 268
157 2 0
157 2 0
157 2 0
157 2 0
158 2 0
158 2 184
158 2 194
158 2 747
158 2 597
158 2 549
158 2 286
158 2 0
158 2 0
158 2 0
158 2 87
158 2 0
159 2 0
159 2 733
159 2 61
159 2 528
159 2 946
159 2 0
159 2 0
159 2 0
159 2 0
160 1 0
160 1 643
160 1 0
160 1 0
160 1 740
160 1 0
161 1 0
161 1 198
161 1 416
161 1 507
161 1 900
161 1 433
161 1 491
161 1 0
161 1 0
161 1 0
161 1 0
162 1 0
162 1 556
162 1 322
162 1 0
162 1 0
163 2 0
163 2 155
163 2 618
163 2 0
163 2 0
163 2 0
164 1 0
164 1 924
164 1 100
164 1 623
164 1 117
164 1 169
164 1 378
164 1 0
164 1 0
165 2 0
165 2 267
165 2 197
165 2 0
165 2 0
166 1 0
166 1 684
166 1 120
166 1 486
166 1 599
166 1 0
166 1 0
166 1 0
166 1 0
167 1 0
167 1 210
167 1 667
167 1 96
167 1 242
167 1 146
167 1 0
167 1 0
168 1 0
168 1 482
168 1 379
168 1 768
168 1 159
168 1 629
168 1 952
168 1 0
168 1 0
168 1 0
168 1 0
169 2 0
169 2 451
169 2 241
169 2 55
169 2 0
170 2 0
170 2 704
170 2 639
170 2 0
171 1 0
171 1 333
171 1 0
171 1 0
172 1 0
172 1 372
172 1 0
173 2 0
173 2 362
173 2 76
173 2 75
173 2 0
174 2 0
174 2 770
174 2 422
174 2 21
174 2 139
174 2 260
174 2 0
174 2 0
174 2 0
174 2 0
175 2 0
175 2 103
175 2 631
175 2 353
175 2 443
175 2 427
175 2 963
175 2 344
175 2 0
175 2 0
176 2 0
176 2 129
176 2 227
176 2 347
176 2 878
176 2 649
176 2 206
176 2 0
176 2 0
176 2 0
176 2 0
177 2 0
177 2 953
177 2 20
177 2 691
177 2 306
177 2 962
177 2 739
177 2 0
177 2 0
178 2 0
178 2 256
178 2 174
178 2 355
178 2 769
178 2 278
178 2 787
178 2 65
178 2 431
178 2 0
178 2 0
179 2 0
179 2 901
179 2 343
179 2 285
179 2 0
179 2 0
180 1 0
180 1 483
180 1 821
180 1 452
180 1 926
180 1 519
180 1 696
180 1 0
180 1 0
180 1 0
180 1 0
181 1 0
181 1 52
181 1 258
181 1 592
181 1 121
181 1 896
181 1 0
181 1 0
181 1 0
181 1 0
182 1 0
182 1 115
182 1 225
182 1 358
182 1 879
182 1 0
182 1 0
182 1 0
182 1 0
183 1 0
183 1 215
183 1 147
183 1 444
183 1 26
183 1 0
183 1 0
183 1 0
183 1 0
184 2 0
184 2 711
184 2 439
184 2 0
184 2 0
184 2 0
184 2 0
185 1 0
185 1 228
185 1 350
185 1 0
185 1 0
185 1 0
185 1 0
186 1 0
186 1 403
186 1 851
186 1 931
186 1 363
186 1 892
186 1 0
186 1 0
186 1 0
186 1 0
187 1 0
187 1 203
187 1 836
187 1 585
187 1 3
187 1 547
187 1 0
187 1 0
188 2 0
188 2 261
188 2 388
188 2 736
188 2 766
188 2 637
188 2 0
188 2 0
188 2 0
188 2 0
189 2 0
189 2 533
189 2 16
189 2 262
189 2 0
189 2 0
189 2 0
189 2 864
189 2 375
189 2 0
189 2 0
190 2 0
190 2 111
190 2 933
190 2 0
190 2 0
190 2 0
190 2 297
190 2 774
190 2 889
190 2 0
190 2 0
190 2 0
190 2 0
191 2 0
191 2 312
191 2 302
191 2 687
191 2 614
191 2 833
191 2 300
191 2 620
191 2 0
191 2 0
192 2 0
192 2 70
192 2 67
192 2 658
192 2 537
192 2 337
192 2 731
192 2 0
192 2 0
193 2 0
193 2 575
193 2 804
193 2 1
193 2 0
193 2 0
193 2 0
193 2 280
193 2 138
193 2 0
193 2 0
194 1 0
194 1 234
194 1 405
194 1 239
194 1 390
194 1 62
194 1 0
194 1 0
194 1 0
194 1 0
195 2 0
195 2 487
195 2 775
195 2 729
195 2 594
195 2 584
195 2 0
195 2 0
195 2 0
195 2 0
196 1 0
196 1 213
196 1 888
196 1 572
196 1 395
196 1 0
196 1 0
197 1 0
197 1 0
198 2 0
198 2 822
198 2 315
198 2 0
198 2 0
198 2 0
198 2 0
199 1 0
199 1 521
199 1 551
199 1 0
199 1 0
200 1 0
200 1 270
200 1 0
200 1 0
200 1 0
200 1 0
201 1 0
201 1 589
201 1 39
201 1 359
201 1 0
201 1 0
201 1 0
201 1 0
202 2 0
202 2 968
202 2 935
202 2 583
202 2 231
202 2 0
202 2 0
203 1 0
203 1 886
203 1 500
203 1 987
203 1 762
203 1 0
203 1 0
203 1 0
203 1 110
203 1 0
203 1 0
204 1 0
204 1 132
204 1 143
204 1 50
204 1 0
204 1 0
204 1 0
204 1 702
204 1 235
204 1 0
204 1 0
205 1 0
205 1 688
205 1 540
205 1 424
205 1 421
205 1 0
205 1 0
205 1 0
205 1 0
206 2 0
206 2 192
206 2 469
206 2 527
206 2 869
206 2 274
206 2 0
206 2 0
207 2 0
207 2 185
207 2 958
207 2 985
207 2 51
207 2 957
207 2 708
207 2 0
207 2 0
207 2 0
207 2 0
208 1 0
208 1 780
208 1 179
208 1 19
208 1 0
208 1 0
209 1 0
209 1 48
209 1 371
209 1 0
209 1 0
210 1 0
210 1 956
210 1 474
210 1 0
210 1 0
210 1 0
210 1 77
210 1 0
210 1 0
211 1 0
211 1 219
211 1 0
211 1 0
212 1 0
212 1 195
212 1 0
212 1 0
213 1 0
213 1 152
213 1 0
213 1 0
214 1 0
214 1 13
214 1 12
214 1 0
214 1 0
