total cost: 346586
1 2 0
1 2 553
1 2 288
1 2 767
1 2 0
1 2 0
1 2 616
1 2 180
1 2 257
1 2 932
1 2 0
2 1 0
2 1 220
2 1 802
2 1 0
2 1 0
2 1 463
2 1 539
2 1 693
2 1 0
3 1 0
3 1 254
3 1 577
3 1 408
3 1 801
3 1 459
3 1 0
3 1 0
3 1 790
3 1 0
3 1 0
3 1 141
3 1 0
4 1 0
4 1 645
4 1 865
4 1 189
4 1 428
4 1 0
4 1 0
4 1 307
4 1 793
4 1 0
5 1 0
5 1 605
5 1 593
5 1 754
5 1 947
5 1 974
5 1 716
5 1 525
5 1 8
5 1 476
5 1 205
5 1 0
6 1 0
6 1 57
6 1 843
6 1 281
6 1 717
6 1 532
6 1 423
6 1 544
6 1 304
6 1 0
6 1 0
6 1 0
7 1 0
7 1 856
7 1 763
7 1 831
7 1 939
7 1 0
7 1 0
7 1 954
7 1 161
7 1 654
7 1 652
7 1 504
7 1 0
8 2 0
8 2 354
8 2 442
8 2 749
8 2 319
8 2 229
8 2 510
8 2 0
8 2 0
8 2 0
9 1 0
9 1 170
9 1 400
9 1 798
9 1 468
9 1 641
9 1 742
9 1 0
10 1 0
10 1 37
10 1 389
10 1 855
10 1 232
10 1 512
10 1 397
10 1 269
10 1 0
11 1 0
11 1 0
12 1 0
12 1 0
13 1 0
13 1 0
14 1 0
14 1 0
15 1 0
15 1 0
16 1 0
16 1 0
17 1 0
17 1 0
18 1 0
18 1 0
19 1 0
19 1 0
20 2 0
20 2 154
20 2 0
20 2 0
20 2 454
20 2 283
20 2 919
20 2 475
20 2 799
20 2 0
21 1 0
21 1 462
21 1 813
21 1 473
21 1 863
21 1 0
21 1 0
21 1 164
21 1 391
21 1 0
22 1 0
22 1 4
22 1 911
22 1 899
22 1 250
22 1 826
22 1 759
22 1 0
22 1 0
22 1 401
22 1 535
22 1 0
23 2 0
23 2 478
23 2 846
23 2 609
23 2 0
23 2 0
23 2 124
23 2 356
23 2 0
24 1 0
24 1 501
24 1 682
24 1 101
24 1 922
24 1 217
24 1 470
24 1 783
24 1 815
24 1 897
24 1 0
24 1 0
24 1 0
25 1 0
25 1 602
25 1 237
25 1 975
25 1 0
25 1 0
25 1 612
25 1 590
25 1 0
26 1 0
26 1 710
26 1 440
26 1 216
26 1 732
26 1 600
26 1 0
26 1 0
26 1 0
27 1 0
27 1 689
27 1 700
27 1 380
27 1 171
27 1 477
27 1 360
27 1 0
28 2 0
28 2 92
28 2 650
28 2 885
28 2 323
28 2 178
28 2 0
29 1 0
29 1 841
29 1 7
29 1 543
29 1 992
29 1 437
29 1 40
29 1 246
29 1 990
29 1 0
29 1 0
29 1 0
30 2 0
30 2 570
30 2 264
30 2 810
30 2 276
30 2 784
30 2 86
30 2 0
30 2 0
30 2 0
31 1 0
31 1 284
31 1 58
31 1 204
31 1 563
31 1 964
31 1 940
31 1 314
31 1 0
31 1 0
31 1 0
32 1 0
32 1 565
32 1 850
32 1 871
32 1 910
32 1 36
32 1 524
32 1 0
32 1 0
32 1 591
32 1 520
32 1 0
33 1 0
33 1 489
33 1 741
33 1 107
33 1 967
33 1 0
33 1 0
33 1 0
34 1 0
34 1 291
34 1 542
34 1 266
34 1 399
34 1 680
34 1 873
34 1 844
34 1 0
34 1 0
34 1 0
35 1 0
35 1 820
35 1 925
35 1 9
35 1 324
35 1 0
35 1 0
35 1 714
35 1 807
35 1 293
35 1 0
35 1 0
35 1 0
36 2 0
36 2 128
36 2 866
36 2 54
36 2 418
36 2 84
36 2 709
36 2 776
36 2 668
36 2 0
36 2 0
36 2 0
37 1 0
37 1 816
37 1 113
37 1 868
37 1 907
37 1 0
37 1 0
37 1 63
37 1 99
37 1 785
37 1 0
37 1 0
37 1 0
38 2 0
38 2 158
38 2 541
38 2 338
38 2 531
38 2 106
38 2 345
38 2 880
38 2 259
38 2 0
38 2 0
38 2 0
39 2 0
39 2 14
39 2 538
39 2 446
39 2 580
39 2 808
39 2 495
39 2 852
39 2 692
39 2 212
39 2 0
40 2 0
40 2 738
40 2 796
40 2 644
40 2 608
40 2 0
40 2 0
40 2 561
40 2 678
40 2 508
40 2 0
41 1 0
41 1 721
41 1 923
41 1 970
41 1 0
41 1 0
41 1 0
42 1 0
42 1 17
42 1 188
42 1 781
42 1 177
42 1 686
42 1 0
42 1 0
42 1 230
42 1 114
42 1 0
43 1 0
43 1 529
43 1 603
43 1 349
43 1 335
43 1 447
43 1 0
43 1 0
43 1 248
43 1 472
43 1 0
44 1 0
44 1 606
44 1 955
44 1 562
44 1 752
44 1 410
44 1 664
44 1 0
44 1 0
44 1 949
44 1 0
45 2 0
45 2 153
45 2 394
45 2 329
45 2 934
45 2 207
45 2 168
45 2 676
45 2 969
45 2 0
45 2 0
45 2 0
46 2 0
46 2 715
46 2 511
46 2 902
46 2 425
46 2 79
46 2 586
46 2 208
46 2 398
46 2 0
47 1 0
47 1 666
47 1 441
47 1 803
47 1 44
47 1 383
47 1 0
47 1 0
47 1 0
48 1 0
48 1 133
48 1 806
48 1 93
48 1 945
48 1 791
48 1 191
48 1 125
48 1 0
49 1 0
49 1 279
49 1 921
49 1 876
49 1 753
49 1 929
49 1 0
49 1 0
49 1 0
50 1 0
50 1 64
50 1 436
50 1 748
50 1 581
50 1 509
50 1 0
51 1 0
51 1 837
51 1 909
51 1 971
51 1 965
51 1 0
52 2 0
52 2 707
52 2 275
52 2 438
52 2 481
52 2 936
52 2 630
52 2 0
52 2 0
52 2 0
53 1 0
53 1 456
53 1 996
53 1 699
53 1 392
53 1 677
53 1 181
53 1 918
53 1 0
53 1 0
53 1 0
53 1 0
54 1 0
54 1 45
54 1 809
54 1 930
54 1 771
54 1 492
54 1 977
54 1 396
54 1 0
54 1 0
54 1 148
54 1 906
54 1 0
55 1 0
55 1 336
55 1 102
55 1 0
55 1 0
55 1 255
55 1 647
55 1 724
55 1 0
56 1 0
56 1 817
56 1 751
56 1 0
56 1 0
56 1 435
56 1 160
56 1 835
56 1 490
56 1 471
56 1 0
56 1 0
56 1 0
57 1 0
57 1 351
57 1 150
57 1 944
57 1 0
57 1 0
57 1 0
58 2 0
58 2 513
58 2 545
58 2 23
58 2 0
59 1 0
59 1 518
59 1 497
59 1 610
59 1 894
59 1 25
59 1 726
59 1 758
59 1 0
59 1 0
59 1 0
59 1 0
60 1 0
60 1 611
60 1 455
60 1 980
60 1 289
60 1 0
60 1 0
60 1 0
61 1 0
61 1 679
61 1 604
61 1 0
62 1 0
62 1 576
62 1 0
63 1 0
63 1 550
63 1 74
63 1 0
64 1 0
64 1 369
64 1 695
64 1 0
65 1 0
65 1 199
65 1 157
65 1 485
65 1 290
65 1 0
65 1 0
65 1 352
65 1 200
65 1 0
66 1 0
66 1 648
66 1 861
66 1 393
66 1 457
66 1 734
66 1 480
66 1 0
66 1 0
66 1 0
67 2 0
67 2 292
67 2 494
67 2 80
67 2 311
67 2 0
68 1 0
68 1 340
68 1 233
68 1 0
68 1 0
68 1 41
68 1 417
68 1 779
68 1 0
68 1 0
68 1 0
69 1 0
69 1 646
69 1 334
69 1 938
69 1 755
69 1 0
69 1 0
69 1 163
69 1 47
69 1 516
69 1 0
70 1 0
70 1 989
70 1 458
70 1 622
70 1 0
70 1 0
70 1 151
70 1 973
70 1 0
70 1 0
70 1 0
71 1 0
71 1 814
71 1 430
71 1 85
71 1 800
71 1 881
71 1 309
71 1 0
71 1 0
71 1 0
72 2 0
72 2 136
72 2 877
72 2 675
72 2 135
72 2 0
73 1 0
73 1 568
73 1 0
74 2 0
74 2 673
74 2 887
74 2 341
74 2 571
74 2 883
74 2 942
74 2 0
74 2 0
74 2 0
75 1 0
75 1 943
75 1 941
75 1 310
75 1 685
75 1 0
75 1 0
75 1 223
75 1 694
75 1 166
75 1 0
76 1 0
76 1 321
76 1 134
76 1 376
76 1 601
76 1 515
76 1 0
76 1 0
76 1 0
77 2 0
77 2 756
77 2 794
77 2 420
77 2 175
77 2 701
77 2 218
77 2 140
77 2 847
77 2 0
77 2 0
77 2 0
77 2 0
78 2 0
78 2 854
78 2 426
78 2 0
78 2 0
78 2 130
78 2 0
78 2 0
78 2 0
79 1 0
79 1 328
79 1 413
79 1 683
79 1 0
79 1 0
79 1 95
79 1 287
79 1 0
79 1 0
79 1 0
80 1 0
80 1 193
80 1 0
81 1 0
81 1 226
81 1 118
81 1 656
81 1 0
81 1 0
81 1 0
82 2 0
82 2 411
82 2 574
82 2 419
82 2 190
82 2 621
82 2 0
82 2 0
82 2 11
82 2 434
82 2 0
83 1 0
83 1 186
83 1 735
83 1 628
83 1 937
83 1 761
83 1 595
83 1 587
83 1 0
83 1 0
84 1 0
84 1 183
84 1 960
84 1 119
84 1 994
84 1 0
85 1 0
85 1 18
85 1 332
85 1 792
85 1 613
85 1 0
85 1 0
85 1 38
85 1 812
85 1 0
86 2 0
86 2 564
86 2 657
86 2 703
86 2 407
86 2 0
86 2 0
86 2 757
86 2 0
87 1 0
87 1 273
87 1 797
87 1 805
87 1 466
87 1 211
87 1 948
87 1 0
88 1 0
88 1 404
88 1 0
88 1 0
88 1 840
88 1 0
88 1 0
88 1 0
89 1 0
89 1 30
89 1 660
89 1 582
89 1 875
89 1 122
89 1 983
89 1 0
89 1 0
89 1 0
89 1 0
90 2 0
90 2 718
90 2 0
90 2 0
90 2 0
91 1 0
91 1 366
91 1 0
91 1 0
91 1 557
91 1 624
91 1 0
92 2 0
92 2 640
92 2 777
92 2 559
92 2 0
92 2 0
92 2 330
92 2 0
93 1 0
93 1 697
93 1 272
93 1 0
93 1 0
93 1 705
93 1 848
93 1 838
93 1 342
93 1 0
94 1 0
94 1 167
94 1 782
94 1 997
94 1 778
94 1 467
94 1 465
94 1 0
94 1 0
94 1 0
94 1 27
94 1 0
95 2 0
95 2 870
95 2 988
95 2 927
95 2 318
95 2 0
95 2 0
95 2 661
95 2 182
95 2 0
96 2 0
96 2 999
96 2 891
96 2 730
96 2 819
96 2 0
96 2 0
96 2 479
96 2 265
96 2 727
96 2 0
96 2 0
96 2 0
97 1 0
97 1 429
97 1 746
97 1 31
97 1 832
97 1 619
97 1 53
97 1 503
97 1 0
97 1 0
98 2 0
98 2 282
98 2 126
98 2 296
98 2 0
98 2 0
98 2 94
98 2 24
98 2 28
98 2 0
99 1 0
99 1 764
99 1 596
99 1 145
99 1 32
99 1 6
99 1 0
99 1 0
99 1 0
99 1 0
100 2 0
100 2 81
100 2 493
100 2 97
100 2 842
100 2 298
100 2 0
101 2 0
101 2 59
101 2 627
101 2 578
101 2 365
101 2 0
101 2 0
101 2 662
101 2 669
101 2 0
102 2 0
102 2 247
102 2 908
102 2 728
102 2 498
102 2 0
102 2 0
102 2 66
102 2 750
102 2 789
102 2 0
103 2 0
103 2 453
103 2 88
103 2 991
103 2 951
103 2 144
103 2 823
103 2 0
103 2 0
103 2 0
103 2 0
104 1 0
104 1 874
104 1 828
104 1 0
104 1 0
104 1 173
104 1 659
104 1 91
104 1 607
104 1 0
105 2 0
105 2 655
105 2 712
105 2 653
105 2 0
105 2 0
105 2 496
105 2 301
105 2 626
105 2 0
105 2 0
105 2 0
106 2 0
106 2 830
106 2 862
106 2 364
106 2 214
106 2 672
106 2 406
106 2 104
106 2 461
106 2 0
106 2 0
107 2 0
107 2 149
107 2 534
107 2 320
107 2 460
107 2 0
107 2 0
107 2 546
107 2 0
108 1 0
108 1 294
108 1 950
108 1 82
108 1 10
108 1 824
108 1 412
108 1 0
108 1 0
108 1 0
108 1 0
109 2 0
109 2 642
109 2 327
109 2 615
109 2 253
109 2 760
109 2 579
109 2 829
109 2 295
109 2 0
109 2 0
109 2 0
109 2 0
110 1 0
110 1 663
110 1 554
110 1 432
110 1 34
110 1 339
110 1 0
110 1 0
110 1 0
110 1 0
111 2 0
111 2 484
111 2 172
111 2 558
111 2 706
111 2 201
111 2 415
111 2 0
111 2 0
112 1 0
112 1 665
112 1 998
112 1 522
112 1 526
112 1 116
112 1 928
112 1 0
112 1 0
113 1 0
113 1 445
113 1 387
113 1 348
113 1 0
113 1 0
113 1 0
114 2 0
114 2 78
114 2 245
114 2 548
114 2 617
114 2 0
114 2 0
115 2 0
115 2 251
115 2 720
115 2 588
115 2 83
115 2 506
115 2 0
116 2 0
116 2 414
116 2 857
116 2 0
117 2 0
117 2 71
117 2 898
117 2 505
117 2 0
118 2 0
118 2 313
118 2 903
118 2 98
118 2 635
118 2 0
118 2 0
118 2 904
118 2 499
118 2 0
119 1 0
119 1 719
119 1 839
119 1 859
119 1 924
119 1 0
119 1 0
119 1 0
119 1 536
119 1 0
120 2 0
120 2 109
120 2 853
120 2 825
120 2 972
120 2 316
120 2 0
120 2 0
120 2 530
120 2 772
120 2 0
121 1 0
121 1 142
121 1 634
121 1 566
121 1 0
121 1 0
121 1 0
121 1 818
121 1 0
121 1 0
121 1 0
122 2 0
122 2 502
122 2 986
122 2 0
122 2 0
122 2 638
122 2 1000
122 2 0
122 2 0
122 2 0
123 2 0
123 2 271
123 2 827
123 2 156
123 2 834
123 2 651
123 2 895
123 2 0
123 2 0
123 2 0
123 2 0
124 1 0
124 1 976
124 1 905
124 1 890
124 1 845
124 1 0
124 1 0
125 2 0
125 2 849
125 2 733
125 2 636
125 2 464
125 2 0
125 2 0
125 2 920
125 2 317
125 2 0
126 2 0
126 2 385
126 2 402
126 2 993
126 2 632
126 2 386
126 2 0
126 2 0
127 1 0
127 1 523
127 1 0
127 1 0
127 1 367
127 1 786
127 1 0
127 1 0
127 1 0
128 1 0
128 1 555
128 1 196
128 1 448
128 1 681
128 1 326
128 1 331
128 1 373
128 1 0
128 1 0
128 1 0
128 1 0
129 1 0
129 1 42
129 1 698
129 1 244
129 1 567
129 1 361
129 1 353
129 1 0
129 1 0
129 1 0
129 1 0
130 1 0
130 1 488
130 1 573
130 1 60
130 1 912
130 1 46
130 1 90
130 1 346
130 1 0
130 1 0
131 1 0
131 1 240
131 1 249
131 1 0
131 1 0
131 1 0
131 1 811
131 1 556
131 1 0
131 1 0
131 1 0
132 2 0
132 2 187
132 2 725
132 2 0
132 2 0
132 2 221
132 2 0
133 2 0
133 2 670
133 2 690
133 2 123
133 2 73
133 2 263
133 2 740
133 2 0
133 2 0
134 2 0
134 2 744
134 2 625
134 2 981
134 2 860
134 2 723
134 2 236
134 2 0
134 2 0
134 2 0
134 2 0
135 1 0
135 1 409
135 1 743
135 1 238
135 1 210
135 1 433
135 1 0
135 1 0
135 1 0
135 1 0
136 2 0
136 2 384
136 2 198
136 2 507
136 2 649
136 2 491
136 2 299
136 2 882
136 2 0
136 2 0
136 2 0
136 2 0
137 2 0
137 2 15
137 2 872
137 2 979
137 2 0
137 2 0
137 2 0
138 1 0
138 1 514
138 1 916
138 1 962
138 1 162
138 1 633
138 1 984
138 1 0
138 1 0
139 2 0
139 2 995
139 2 222
139 2 0
139 2 0
139 2 0
140 2 0
140 2 917
140 2 382
140 2 242
140 2 0
140 2 0
140 2 0
141 2 0
141 2 127
141 2 55
141 2 252
141 2 915
141 2 0
142 2 0
142 2 722
142 2 773
142 2 370
142 2 303
142 2 450
142 2 308
142 2 0
142 2 0
142 2 0
142 2 0
143 2 0
143 2 69
143 2 569
143 2 305
143 2 68
143 2 0
144 1 0
144 1 982
144 1 953
144 1 306
144 1 691
144 1 0
144 1 0
144 1 0
144 1 165
144 1 0
144 1 0
144 1 0
145 2 0
145 2 374
145 2 788
145 2 598
145 2 978
145 2 867
145 2 0
145 2 0
145 2 0
145 2 0
146 2 0
146 2 277
146 2 914
146 2 357
146 2 56
146 2 739
146 2 787
146 2 65
146 2 431
146 2 0
146 2 0
146 2 0
146 2 0
147 2 0
147 2 22
147 2 884
147 2 268
147 2 0
147 2 0
147 2 765
147 2 913
147 2 87
147 2 0
147 2 0
147 2 0
148 1 0
148 1 377
148 1 325
148 1 0
148 1 0
148 1 0
148 1 0
149 2 0
149 2 449
149 2 893
149 2 747
149 2 597
149 2 623
149 2 286
149 2 486
149 2 552
149 2 241
149 2 0
149 2 0
150 2 0
150 2 381
150 2 795
150 2 858
150 2 0
150 2 0
151 2 0
151 2 5
151 2 618
151 2 0
151 2 0
151 2 372
151 2 0
151 2 0
151 2 0
152 2 0
152 2 243
152 2 684
152 2 0
152 2 0
152 2 745
152 2 0
152 2 0
152 2 112
152 2 0
153 1 0
153 1 224
153 1 966
153 1 129
153 1 878
153 1 0
153 1 0
153 1 0
153 1 43
153 1 0
154 1 0
154 1 184
154 1 0
154 1 0
154 1 176
154 1 267
154 1 0
154 1 0
154 1 0
154 1 0
155 2 0
155 2 643
155 2 403
155 2 21
155 2 0
155 2 0
155 2 0
155 2 202
155 2 146
155 2 0
156 2 0
156 2 137
156 2 131
156 2 674
156 2 517
156 2 333
156 2 0
156 2 0
157 2 0
157 2 35
157 2 528
157 2 946
157 2 963
157 2 427
157 2 443
157 2 711
157 2 0
157 2 0
158 2 0
158 2 416
158 2 227
158 2 117
158 2 206
158 2 519
158 2 121
158 2 0
158 2 0
158 2 0
158 2 0
159 2 0
159 2 368
159 2 174
159 2 132
159 2 769
159 2 388
159 2 702
159 2 774
159 2 0
159 2 0
159 2 0
159 2 0
160 1 0
160 1 120
160 1 194
160 1 347
160 1 225
160 1 358
160 1 0
160 1 0
160 1 0
160 1 0
161 2 0
161 2 482
161 2 379
161 2 768
161 2 159
161 2 671
161 2 105
161 2 629
161 2 961
161 2 0
161 2 0
162 2 0
162 2 155
162 2 139
162 2 892
162 2 138
162 2 375
162 2 0
162 2 0
163 2 0
163 2 704
163 2 49
163 2 75
163 2 0
163 2 0
164 2 0
164 2 72
164 2 901
164 2 959
164 2 667
164 2 585
164 2 879
164 2 836
164 2 0
164 2 0
165 2 0
165 2 451
165 2 378
165 2 0
166 1 0
166 1 737
166 1 639
166 1 0
166 1 0
167 2 0
167 2 362
167 2 169
167 2 76
167 2 0
167 2 0
168 2 0
168 2 61
168 2 631
168 2 533
168 2 766
168 2 0
168 2 0
168 2 0
168 2 0
169 2 0
169 2 103
169 2 261
169 2 736
169 2 637
169 2 0
169 2 0
169 2 0
169 2 322
169 2 0
170 2 0
170 2 100
170 2 197
170 2 687
170 2 363
170 2 599
170 2 3
170 2 864
170 2 0
170 2 0
170 2 0
170 2 0
171 2 0
171 2 770
171 2 302
171 2 931
171 2 696
171 2 0
171 2 0
171 2 0
171 2 0
172 1 0
172 1 900
172 1 343
172 1 285
172 1 0
172 1 0
172 1 0
172 1 0
173 1 0
173 1 256
173 1 215
173 1 444
173 1 147
173 1 0
173 1 0
173 1 0
173 1 0
174 2 0
174 2 297
174 2 713
174 2 0
175 2 0
175 2 549
175 2 280
175 2 547
175 2 231
175 2 620
175 2 0
175 2 0
175 2 0
175 2 0
176 2 0
176 2 560
176 2 344
176 2 315
176 2 888
176 2 0
176 2 0
176 2 0
176 2 0
177 1 0
177 1 483
177 1 821
177 1 452
177 1 62
177 1 896
177 1 0
177 1 0
178 1 0
178 1 52
178 1 575
178 1 933
178 1 0
178 1 0
178 1 0
178 1 195
178 1 439
178 1 0
178 1 0
178 1 0
178 1 0
179 2 0
179 2 115
179 2 851
179 2 614
179 2 833
179 2 537
179 2 337
179 2 584
179 2 0
179 2 0
179 2 0
179 2 0
180 2 0
180 2 228
180 2 350
180 2 0
180 2 0
180 2 0
180 2 0
181 2 0
181 2 20
181 2 143
181 2 26
181 2 39
181 2 889
181 2 572
181 2 0
181 2 0
181 2 0
181 2 0
182 2 0
182 2 203
182 2 405
182 2 390
182 2 239
182 2 935
182 2 0
182 2 0
182 2 0
182 2 0
183 2 0
183 2 258
183 2 926
183 2 968
183 2 0
183 2 0
183 2 0
183 2 209
183 2 0
184 2 0
184 2 111
184 2 804
184 2 0
184 2 0
184 2 0
184 2 952
184 2 594
184 2 551
184 2 0
184 2 0
184 2 0
184 2 0
185 2 0
185 2 422
185 2 658
185 2 540
185 2 583
185 2 300
185 2 48
185 2 0
185 2 0
185 2 0
185 2 0
186 2 0
186 2 312
186 2 70
186 2 110
186 2 731
186 2 0
186 2 0
187 1 0
187 1 16
187 1 500
187 1 987
187 1 0
187 1 0
187 1 0
187 1 219
187 1 0
187 1 0
188 1 0
188 1 592
188 1 1
188 1 213
188 1 192
188 1 762
188 1 0
188 1 0
188 1 0
188 1 0
189 2 0
189 2 355
189 2 262
189 2 421
189 2 469
189 2 527
189 2 235
189 2 0
189 2 0
190 1 0
190 1 234
190 1 956
190 1 775
190 1 0
190 1 0
190 1 0
190 1 260
190 1 371
190 1 0
190 1 0
190 1 0
190 1 0
191 2 0
191 2 487
191 2 886
191 2 958
191 2 51
191 2 19
191 2 957
191 2 869
191 2 0
191 2 0
191 2 0
191 2 0
192 1 0
192 1 278
192 1 589
192 1 0
192 1 0
192 1 0
192 1 0
193 2 0
193 2 729
193 2 780
193 2 50
193 2 359
193 2 0
193 2 0
193 2 0
193 2 0
194 1 0
194 1 0
195 1 0
195 1 0
196 1 0
196 1 0
197 1 0
197 1 0
198 2 0
198 2 822
198 2 0
198 2 0
198 2 0
198 2 0
199 2 0
199 2 521
199 2 77
199 2 395
199 2 0
199 2 0
200 2 0
200 2 688
200 2 474
200 2 179
200 2 708
200 2 0
200 2 0
201 2 0
201 2 67
201 2 985
201 2 274
201 2 0
201 2 0
202 1 0
202 1 424
202 1 0
202 1 0
202 1 0
202 1 270
202 1 0
202 1 0
203 2 0
203 2 185
203 2 0
203 2 152
203 2 12
203 2 0
203 2 0
204 2 0
204 2 108
204 2 96
204 2 0
205 2 0
205 2 89
205 2 0
206 1 0
206 1 33
206 1 0
207 2 0
207 2 29
207 2 0
208 2 0
208 2 13
208 2 0
208 2 0
209 2 0
209 2 2
209 2 0
