total cost: 340371
1 2 0
1 2 553
1 2 288
1 2 767
1 2 0
1 2 0
1 2 616
1 2 180
1 2 257
1 2 932
1 2 0
2 2 0
2 2 220
2 2 802
2 2 577
2 2 408
2 2 801
2 2 0
2 2 0
2 2 307
2 2 790
2 2 0
2 2 0
2 2 141
2 2 0
3 2 0
3 2 539
3 2 462
3 2 813
3 2 693
3 2 754
3 2 974
3 2 716
3 2 525
3 2 0
3 2 0
3 2 0
4 1 0
4 1 645
4 1 865
4 1 189
4 1 428
4 1 0
4 1 0
4 1 793
4 1 654
4 1 652
4 1 504
4 1 0
5 2 0
5 2 605
5 2 856
5 2 593
5 2 602
5 2 284
5 2 759
5 2 0
5 2 0
5 2 612
5 2 520
5 2 0
6 2 0
6 2 463
6 2 354
6 2 442
6 2 710
6 2 717
6 2 94
6 2 732
6 2 600
6 2 0
6 2 0
6 2 0
7 2 0
7 2 254
7 2 57
7 2 843
7 2 423
7 2 798
7 2 468
7 2 380
7 2 205
7 2 114
7 2 0
8 2 0
8 2 281
8 2 532
8 2 489
8 2 440
8 2 391
8 2 304
8 2 476
8 2 742
8 2 0
8 2 0
8 2 0
9 1 0
9 1 954
9 1 0
10 2 0
10 2 170
10 2 400
10 2 689
10 2 749
10 2 8
10 2 535
10 2 401
10 2 0
11 2 0
11 2 37
11 2 389
11 2 855
11 2 232
11 2 512
11 2 397
11 2 269
11 2 0
12 2 0
12 2 154
12 2 14
12 2 0
12 2 0
12 2 454
12 2 919
12 2 475
12 2 799
12 2 0
13 2 0
13 2 4
13 2 911
13 2 899
13 2 831
13 2 939
13 2 975
13 2 570
13 2 510
13 2 0
13 2 0
13 2 0
14 2 0
14 2 947
14 2 250
14 2 237
14 2 58
14 2 0
14 2 0
14 2 319
14 2 229
14 2 356
14 2 0
15 2 0
15 2 478
15 2 473
15 2 863
15 2 609
15 2 0
15 2 0
15 2 164
15 2 641
15 2 0
16 1 0
16 1 763
16 1 826
16 1 922
16 1 101
16 1 543
16 1 0
16 1 0
16 1 283
16 1 590
16 1 148
16 1 293
16 1 0
17 2 0
17 2 501
17 2 850
17 2 871
17 2 36
17 2 264
17 2 63
17 2 99
17 2 807
17 2 0
17 2 0
17 2 0
18 1 0
18 1 544
18 1 700
18 1 217
18 1 470
18 1 897
18 1 815
18 1 0
19 1 0
19 1 459
19 1 714
19 1 124
19 1 810
19 1 784
19 1 0
20 1 0
20 1 565
20 1 816
20 1 910
20 1 524
20 1 0
20 1 0
20 1 92
20 1 216
20 1 650
20 1 885
20 1 323
20 1 0
21 1 0
21 1 841
21 1 7
21 1 992
21 1 707
21 1 246
21 1 40
21 1 990
21 1 844
21 1 0
21 1 0
21 1 0
22 2 0
22 2 291
22 2 542
22 2 266
22 2 399
22 2 680
22 2 873
22 2 360
22 2 694
22 2 223
22 2 0
23 2 0
23 2 682
23 2 531
23 2 806
23 2 814
23 2 93
23 2 945
23 2 880
23 2 345
23 2 0
24 1 0
24 1 820
24 1 925
24 1 9
24 1 324
24 1 0
24 1 0
24 1 161
24 1 591
24 1 0
25 1 0
25 1 128
25 1 741
25 1 866
25 1 437
25 1 664
25 1 0
25 1 0
25 1 561
25 1 967
25 1 0
26 2 0
26 2 158
26 2 541
26 2 338
26 2 204
26 2 563
26 2 964
26 2 940
26 2 314
26 2 191
26 2 0
27 2 0
27 2 868
27 2 738
27 2 907
27 2 349
27 2 0
27 2 0
27 2 107
27 2 837
27 2 0
28 2 0
28 2 113
28 2 456
28 2 102
28 2 351
28 2 921
28 2 0
28 2 0
28 2 171
28 2 477
28 2 200
28 2 0
29 2 0
29 2 54
29 2 715
29 2 902
29 2 418
29 2 84
29 2 709
29 2 776
29 2 668
29 2 0
29 2 0
29 2 0
30 2 0
30 2 17
30 2 188
30 2 781
30 2 79
30 2 586
30 2 208
30 2 0
30 2 0
30 2 230
30 2 0
31 1 0
31 1 529
31 1 796
31 1 644
31 1 0
32 1 0
32 1 846
32 1 538
32 1 495
32 1 969
32 1 852
32 1 949
32 1 692
32 1 0
33 1 0
33 1 783
33 1 106
33 1 64
33 1 923
33 1 970
33 1 0
33 1 0
33 1 0
34 1 0
34 1 606
34 1 955
34 1 809
34 1 45
34 1 430
34 1 977
34 1 396
34 1 581
34 1 936
34 1 630
34 1 0
34 1 0
34 1 0
34 1 0
35 1 0
35 1 441
35 1 446
35 1 580
35 1 808
35 1 168
35 1 803
35 1 0
35 1 0
35 1 276
35 1 0
36 1 0
36 1 153
36 1 394
36 1 453
36 1 88
36 1 0
36 1 0
36 1 721
36 1 436
36 1 11
36 1 434
36 1 0
36 1 0
36 1 0
37 1 0
37 1 603
37 1 207
37 1 991
37 1 78
37 1 71
37 1 383
37 1 0
37 1 0
37 1 472
37 1 0
38 1 0
38 1 666
38 1 329
38 1 0
39 1 0
39 1 335
39 1 0
40 1 0
40 1 133
40 1 752
40 1 485
40 1 0
40 1 0
40 1 785
40 1 0
41 2 0
41 2 279
41 2 608
41 2 676
41 2 513
41 2 545
41 2 0
41 2 0
41 2 0
42 2 0
42 2 791
42 2 677
42 2 259
42 2 125
42 2 0
43 1 0
43 1 678
43 1 508
43 1 166
43 1 27
43 1 0
44 2 0
44 2 336
44 2 369
44 2 854
44 2 426
44 2 0
44 2 0
44 2 255
44 2 86
44 2 74
44 2 0
45 2 0
45 2 909
45 2 971
45 2 965
45 2 734
45 2 0
46 1 0
46 1 817
46 1 751
46 1 0
46 1 0
46 1 435
46 1 160
46 1 835
46 1 490
46 1 471
46 1 0
46 1 0
46 1 0
47 2 0
47 2 679
47 2 753
47 2 838
47 2 342
47 2 0
48 1 0
48 1 518
48 1 497
48 1 610
48 1 574
48 1 419
48 1 150
48 1 621
48 1 0
48 1 0
48 1 0
48 1 0
49 1 0
49 1 611
49 1 647
49 1 724
49 1 455
49 1 0
50 1 0
50 1 562
50 1 410
50 1 943
50 1 310
50 1 887
50 1 0
50 1 0
50 1 550
50 1 0
51 2 0
51 2 576
51 2 0
51 2 0
51 2 212
51 2 0
52 1 0
52 1 178
52 1 38
52 1 398
52 1 0
53 2 0
53 2 980
53 2 289
53 2 675
53 2 309
53 2 0
53 2 0
53 2 0
54 2 0
54 2 199
54 2 157
54 2 226
54 2 290
54 2 0
54 2 0
54 2 906
54 2 0
55 2 0
55 2 41
55 2 417
55 2 918
55 2 779
55 2 0
55 2 0
55 2 0
56 2 0
56 2 648
56 2 973
56 2 118
56 2 656
56 2 0
56 2 0
56 2 0
57 2 0
57 2 292
57 2 494
57 2 80
57 2 311
57 2 0
57 2 0
57 2 0
58 2 0
58 2 699
58 2 996
58 2 870
58 2 272
58 2 0
58 2 0
58 2 352
58 2 0
59 1 0
59 1 646
59 1 334
59 1 938
59 1 755
59 1 0
59 1 0
59 1 876
59 1 944
59 1 669
59 1 857
59 1 0
60 2 0
60 2 340
60 2 794
60 2 233
60 2 134
60 2 376
60 2 601
60 2 140
60 2 515
60 2 0
60 2 0
60 2 0
61 2 0
61 2 989
61 2 756
61 2 420
61 2 175
61 2 663
61 2 0
61 2 0
61 2 181
61 2 135
61 2 0
62 2 0
62 2 392
62 2 273
62 2 735
62 2 628
62 2 172
62 2 937
62 2 761
62 2 595
62 2 0
63 1 0
63 1 275
63 1 771
63 1 685
63 1 0
63 1 0
63 1 95
63 1 0
64 1 0
64 1 151
64 1 457
64 1 119
64 1 301
64 1 0
65 1 0
65 1 673
65 1 458
65 1 622
65 1 573
65 1 942
65 1 0
65 1 0
65 1 0
65 1 0
66 2 0
66 2 447
66 2 840
66 2 0
66 2 0
66 2 136
66 2 0
67 2 0
67 2 511
67 2 777
67 2 554
67 2 218
67 2 177
67 2 0
67 2 0
67 2 0
68 1 0
68 1 686
68 1 0
68 1 0
68 1 568
68 1 0
69 1 0
69 1 321
69 1 655
69 1 0
69 1 0
69 1 748
69 1 438
69 1 0
70 1 0
70 1 193
70 1 365
70 1 929
70 1 705
70 1 0
71 2 0
71 2 328
71 2 492
71 2 413
71 2 214
71 2 0
71 2 0
71 2 248
71 2 0
71 2 0
71 2 0
72 1 0
72 1 186
72 1 894
72 1 706
72 1 983
72 1 506
72 1 0
72 1 0
72 1 0
72 1 0
73 2 0
73 2 411
73 2 404
73 2 0
73 2 0
73 2 183
73 2 861
73 2 960
73 2 536
73 2 0
74 1 0
74 1 930
74 1 941
74 1 891
74 1 571
74 1 0
74 1 0
74 1 757
74 1 812
74 1 287
74 1 0
74 1 0
74 1 0
75 1 0
75 1 18
75 1 332
75 1 792
75 1 613
75 1 0
75 1 0
75 1 0
76 2 0
76 2 564
76 2 695
76 2 657
76 2 0
76 2 0
76 2 718
76 2 0
76 2 0
76 2 0
77 1 0
77 1 934
77 1 578
77 1 627
77 1 173
77 1 659
77 1 848
77 1 750
77 1 607
77 1 0
77 1 0
77 1 0
77 1 0
78 2 0
78 2 30
78 2 805
78 2 466
78 2 484
78 2 211
78 2 948
78 2 587
78 2 0
79 2 0
79 2 425
79 2 15
79 2 432
79 2 34
79 2 339
79 2 928
79 2 0
79 2 0
80 2 0
80 2 701
80 2 904
80 2 624
80 2 847
80 2 0
81 1 0
81 1 604
81 1 91
81 1 789
81 1 0
82 1 0
82 1 557
82 1 0
83 1 0
83 1 366
83 1 81
83 1 778
83 1 0
83 1 0
83 1 330
83 1 0
84 1 0
84 1 697
84 1 797
84 1 25
84 1 582
84 1 726
84 1 0
84 1 0
84 1 0
84 1 480
84 1 0
85 2 0
85 2 85
85 2 800
85 2 493
85 2 465
85 2 881
85 2 298
85 2 0
86 1 0
86 1 640
86 1 788
86 1 196
86 1 448
86 1 0
86 1 0
86 1 0
86 1 481
86 1 509
86 1 0
87 1 0
87 1 167
87 1 782
87 1 997
87 1 97
87 1 842
87 1 877
87 1 758
87 1 0
87 1 0
87 1 0
87 1 0
88 2 0
88 2 59
88 2 703
88 2 144
88 2 951
88 2 245
88 2 53
88 2 619
88 2 895
88 2 0
88 2 0
88 2 0
88 2 0
89 2 0
89 2 661
89 2 44
89 2 516
89 2 0
90 1 0
90 1 999
90 1 719
90 1 341
90 1 0
90 1 0
90 1 479
90 1 265
90 1 0
90 1 0
90 1 0
91 1 0
91 1 429
91 1 927
91 1 318
91 1 0
91 1 0
91 1 163
91 1 23
91 1 0
92 1 0
92 1 31
92 1 849
92 1 660
92 1 402
92 1 875
92 1 122
92 1 905
92 1 0
92 1 0
92 1 0
92 1 0
93 2 0
93 2 764
93 2 730
93 2 0
93 2 0
93 2 393
93 2 818
93 2 222
93 2 0
93 2 0
93 2 0
94 2 0
94 2 282
94 2 819
94 2 296
94 2 0
94 2 0
94 2 662
94 2 558
94 2 0
95 2 0
95 2 746
95 2 988
95 2 588
95 2 415
95 2 632
95 2 0
95 2 0
96 1 0
96 1 247
96 1 908
96 1 728
96 1 498
96 1 0
96 1 0
96 1 0
96 1 66
96 1 0
97 2 0
97 2 874
97 2 828
97 2 0
97 2 0
97 2 496
97 2 883
97 2 994
97 2 824
97 2 0
98 2 0
98 2 830
98 2 862
98 2 596
98 2 467
98 2 82
98 2 0
98 2 0
98 2 28
98 2 0
99 1 0
99 1 149
99 1 534
99 1 634
99 1 825
99 1 0
99 1 0
99 1 0
99 1 546
99 1 0
100 1 0
100 1 294
100 1 950
100 1 683
100 1 727
100 1 672
100 1 412
100 1 0
100 1 0
100 1 0
100 1 0
101 2 0
101 2 126
101 2 409
101 2 860
101 2 236
101 2 723
101 2 461
101 2 104
101 2 46
101 2 90
101 2 0
101 2 0
102 2 0
102 2 642
102 2 327
102 2 615
102 2 253
102 2 760
102 2 579
102 2 829
102 2 295
102 2 0
102 2 0
102 2 0
102 2 0
103 1 0
103 1 530
103 1 920
103 1 772
103 1 0
104 1 0
104 1 10
104 1 406
104 1 0
105 2 0
105 2 445
105 2 653
105 2 526
105 2 0
105 2 0
105 2 24
105 2 0
106 1 0
106 1 665
106 1 559
106 1 522
106 1 331
106 1 326
106 1 373
106 1 0
106 1 0
106 1 0
106 1 0
107 1 0
107 1 898
107 1 182
107 1 0
108 2 0
108 2 251
108 2 986
108 2 635
108 2 98
108 2 0
108 2 0
108 2 367
108 2 0
109 1 0
109 1 720
109 1 773
109 1 464
109 1 0
109 1 0
109 1 0
109 1 221
109 1 0
110 1 0
110 1 313
110 1 903
110 1 502
110 1 303
110 1 450
110 1 959
110 1 0
110 1 0
110 1 0
110 1 0
111 2 0
111 2 190
111 2 690
111 2 123
111 2 156
111 2 823
111 2 548
111 2 617
111 2 503
111 2 0
111 2 0
111 2 0
111 2 0
112 1 0
112 1 109
112 1 853
112 1 387
112 1 0
112 1 0
112 1 414
112 1 740
112 1 0
112 1 0
112 1 0
113 1 0
113 1 998
113 1 712
113 1 555
113 1 116
113 1 811
113 1 0
113 1 0
113 1 0
113 1 0
114 2 0
114 2 142
114 2 320
114 2 460
114 2 725
114 2 187
114 2 0
114 2 0
114 2 638
114 2 0
115 1 0
115 1 271
115 1 827
115 1 834
115 1 651
115 1 263
115 1 890
115 1 0
115 1 0
115 1 0
115 1 0
116 2 0
116 2 145
116 2 839
116 2 60
116 2 859
116 2 6
116 2 912
116 2 0
116 2 0
117 1 0
117 1 364
117 1 743
117 1 238
117 1 0
117 1 0
117 1 0
117 1 202
117 1 0
118 1 0
118 1 385
118 1 832
118 1 976
118 1 0
118 1 0
118 1 505
118 1 0
119 1 0
119 1 407
119 1 73
119 1 381
119 1 0
119 1 0
120 2 0
120 2 488
120 2 745
120 2 0
120 2 0
120 2 165
120 2 1000
120 2 68
120 2 0
121 1 0
121 1 42
121 1 914
121 1 357
121 1 984
121 1 845
121 1 993
121 1 0
121 1 0
121 1 0
121 1 0
122 1 0
122 1 240
122 1 249
122 1 0
122 1 0
122 1 0
122 1 130
122 1 346
122 1 433
122 1 0
122 1 0
123 2 0
123 2 670
123 2 636
123 2 733
123 2 201
123 2 83
123 2 49
123 2 0
123 2 0
123 2 0
123 2 0
124 1 0
124 1 32
124 1 917
124 1 108
124 1 146
124 1 491
124 1 0
124 1 0
124 1 0
124 1 0
125 1 0
125 1 744
125 1 625
125 1 981
125 1 507
125 1 649
125 1 0
125 1 0
125 1 0
125 1 47
125 1 0
126 2 0
126 2 384
126 2 198
126 2 966
126 2 900
126 2 299
126 2 882
126 2 0
126 2 0
126 2 0
126 2 0
127 2 0
127 2 514
127 2 916
127 2 162
127 2 691
127 2 962
127 2 633
127 2 560
127 2 0
127 2 0
127 2 0
127 2 0
128 1 0
128 1 523
128 1 0
128 1 0
128 1 995
128 1 786
128 1 0
128 1 0
128 1 0
129 2 0
129 2 681
129 2 598
129 2 569
129 2 765
129 2 913
129 2 0
129 2 0
129 2 0
129 2 0
130 2 0
130 2 722
130 2 224
130 2 129
130 2 878
130 2 117
130 2 206
130 2 879
130 2 0
130 2 0
130 2 0
130 2 0
131 1 0
131 1 982
131 1 953
131 1 306
131 1 0
131 1 0
131 1 0
131 1 127
131 1 626
131 1 0
131 1 0
131 1 0
132 1 0
132 1 374
132 1 770
132 1 137
132 1 872
132 1 377
132 1 0
132 1 0
132 1 0
132 1 305
132 1 0
133 2 0
133 2 22
133 2 316
133 2 972
133 2 867
133 2 0
133 2 0
133 2 112
133 2 0
134 1 0
134 1 277
134 1 698
134 1 567
134 1 946
134 1 353
134 1 0
134 1 0
134 1 0
134 1 0
135 1 0
135 1 449
135 1 893
135 1 747
135 1 597
135 1 517
135 1 286
135 1 486
135 1 915
135 1 0
135 1 0
135 1 0
135 1 0
136 2 0
136 2 566
136 2 978
136 2 325
136 2 0
136 2 0
136 2 0
137 2 0
137 2 5
137 2 268
137 2 0
137 2 0
137 2 317
137 2 0
137 2 0
137 2 0
138 2 0
138 2 243
138 2 684
138 2 884
138 2 0
138 2 0
138 2 348
138 2 618
138 2 0
138 2 0
138 2 0
139 1 0
139 1 370
139 1 244
139 1 528
139 1 361
139 1 443
139 1 427
139 1 0
139 1 0
139 1 0
139 1 0
140 1 0
140 1 184
140 1 194
140 1 0
140 1 0
140 1 0
140 1 69
140 1 0
140 1 0
140 1 87
140 1 0
140 1 0
140 1 0
141 2 0
141 2 643
141 2 674
141 2 924
141 2 623
141 2 0
141 2 0
141 2 0
141 2 0
142 2 0
142 2 176
142 2 197
142 2 139
142 2 892
142 2 138
142 2 110
142 2 0
142 2 0
143 2 0
143 2 556
143 2 979
143 2 0
143 2 0
143 2 0
144 2 0
144 2 35
144 2 56
144 2 858
144 2 739
144 2 787
144 2 65
144 2 0
144 2 0
145 2 0
145 2 451
145 2 252
145 2 241
145 2 55
145 2 0
146 2 0
146 2 155
146 2 267
146 2 333
146 2 552
146 2 375
146 2 0
146 2 0
147 2 0
147 2 131
147 2 21
147 2 687
147 2 363
147 2 599
147 2 836
147 2 0
147 2 0
147 2 0
147 2 0
148 2 0
148 2 416
148 2 227
148 2 452
148 2 519
148 2 696
148 2 0
148 2 0
148 2 0
148 2 0
149 2 0
149 2 368
149 2 174
149 2 132
149 2 769
149 2 533
149 2 963
149 2 0
149 2 0
149 2 0
149 2 0
150 1 0
150 1 210
150 1 901
150 1 667
150 1 629
150 1 0
150 1 0
150 1 0
150 1 0
151 1 0
151 1 120
151 1 931
151 1 347
151 1 358
151 1 0
151 1 0
151 1 0
151 1 372
151 1 242
151 1 0
151 1 0
152 1 0
152 1 482
152 1 379
152 1 768
152 1 159
152 1 308
152 1 105
152 1 0
152 1 0
152 1 0
152 1 0
153 1 0
153 1 704
153 1 961
153 1 386
153 1 0
153 1 0
154 2 0
154 2 72
154 2 671
154 2 285
154 2 121
154 2 896
154 2 3
154 2 585
154 2 0
154 2 0
155 1 0
155 1 382
155 1 639
155 1 0
155 1 0
156 2 0
156 2 737
156 2 0
157 1 0
157 1 362
157 1 169
157 1 76
157 1 0
157 1 0
158 2 0
158 2 61
158 2 631
158 2 16
158 2 388
158 2 702
158 2 774
158 2 889
158 2 0
158 2 0
158 2 0
158 2 0
159 1 0
159 1 103
159 1 261
159 1 736
159 1 766
159 1 0
159 1 0
159 1 0
159 1 322
159 1 0
159 1 0
160 1 0
160 1 100
160 1 225
160 1 62
160 1 620
160 1 231
160 1 0
160 1 0
160 1 0
160 1 0
161 2 0
161 2 499
161 2 0
162 2 0
162 2 256
162 2 215
162 2 355
162 2 147
162 2 589
162 2 278
162 2 0
162 2 0
162 2 0
162 2 0
163 2 0
163 2 297
163 2 315
163 2 888
163 2 0
163 2 0
163 2 0
163 2 0
164 2 0
164 2 549
164 2 378
164 2 864
164 2 547
164 2 0
164 2 0
165 1 0
165 1 711
165 1 0
165 1 0
165 1 0
165 1 0
166 1 0
166 1 209
166 1 96
166 1 75
166 1 0
166 1 0
167 1 0
167 1 483
167 1 343
167 1 575
167 1 0
167 1 0
167 1 0
167 1 713
167 1 431
167 1 0
167 1 0
168 1 0
168 1 115
168 1 851
168 1 614
168 1 833
168 1 537
168 1 0
168 1 0
168 1 0
168 1 0
169 1 0
169 1 52
169 1 1
169 1 933
169 1 0
169 1 0
169 1 0
169 1 195
169 1 439
169 1 0
169 1 0
169 1 0
169 1 0
170 2 0
170 2 228
170 2 350
170 2 0
170 2 0
170 2 0
170 2 0
171 1 0
171 1 403
171 1 302
171 1 658
171 1 239
171 1 0
171 1 0
171 1 0
171 1 0
172 1 0
172 1 20
172 1 39
172 1 50
172 1 572
172 1 0
172 1 0
173 2 0
173 2 203
173 2 405
173 2 390
173 2 583
173 2 935
173 2 337
173 2 0
173 2 0
173 2 0
173 2 0
174 2 0
174 2 344
174 2 822
174 2 0
174 2 0
174 2 0
174 2 0
175 2 0
175 2 821
175 2 258
175 2 926
175 2 0
175 2 0
175 2 0
175 2 795
175 2 235
175 2 0
175 2 0
175 2 0
175 2 0
176 1 0
176 1 111
176 1 0
176 1 0
176 1 0
176 1 952
176 1 0
176 1 0
176 1 0
176 1 0
177 1 0
177 1 422
177 1 312
177 1 300
177 1 48
177 1 0
177 1 0
177 1 0
177 1 0
178 1 0
178 1 70
178 1 67
178 1 968
178 1 0
178 1 0
178 1 0
178 1 260
178 1 0
178 1 0
179 2 0
179 2 592
179 2 804
179 2 637
179 2 0
179 2 0
179 2 0
179 2 43
179 2 0
180 1 0
180 1 234
180 1 956
180 1 775
180 1 0
180 1 0
180 1 0
180 1 219
180 1 0
180 1 0
181 1 0
181 1 487
181 1 500
181 1 987
181 1 0
181 1 0
181 1 0
181 1 594
181 1 551
181 1 395
181 1 0
181 1 0
182 2 0
182 2 729
182 2 424
182 2 762
182 2 421
182 2 192
182 2 469
182 2 0
182 2 0
182 2 0
182 2 0
183 1 0
183 1 262
183 1 780
183 1 527
183 1 0
183 1 0
183 1 0
183 1 0
184 2 0
184 2 886
184 2 958
184 2 179
184 2 51
184 2 359
184 2 77
184 2 0
184 2 0
184 2 0
184 2 0
185 1 0
185 1 444
185 1 474
185 1 985
185 1 0
185 1 521
185 1 869
185 1 708
185 1 0
185 1 0
186 1 0
186 1 688
186 1 540
186 1 213
186 1 0
186 1 584
186 1 957
186 1 0
186 1 0
187 2 0
187 2 185
187 2 143
187 2 26
187 2 19
187 2 0
187 2 0
188 1 0
188 1 731
188 1 371
188 1 274
188 1 0
188 1 0
188 1 0
188 1 0
189 2 0
189 2 280
189 2 12
189 2 0
189 2 0
190 2 0
190 2 270
190 2 0
190 2 0
191 1 0
191 1 152
191 1 0
191 1 0
192 2 0
192 2 89
192 2 0
193 1 0
193 1 33
193 1 0
194 2 0
194 2 29
194 2 0
195 2 0
195 2 13
195 2 0
195 2 0
196 2 0
196 2 2
196 2 0
