total cost: 347181
1 2 0
1 2 553
1 2 288
1 2 767
1 2 0
1 2 0
1 2 616
1 2 180
1 2 257
1 2 932
1 2 0
2 2 0
2 2 220
2 2 802
2 2 577
2 2 408
2 2 801
2 2 0
2 2 0
2 2 307
2 2 790
2 2 0
2 2 0
2 2 141
2 2 0
3 2 0
3 2 539
3 2 462
3 2 813
3 2 693
3 2 754
3 2 974
3 2 716
3 2 525
3 2 0
3 2 0
3 2 0
4 2 0
4 2 645
4 2 865
4 2 189
4 2 428
4 2 0
4 2 0
4 2 793
4 2 654
4 2 652
4 2 504
4 2 0
5 1 0
5 1 605
5 1 856
5 1 593
5 1 602
5 1 284
5 1 759
5 1 0
5 1 0
5 1 612
5 1 0
6 2 0
6 2 463
6 2 354
6 2 442
6 2 710
6 2 717
6 2 94
6 2 732
6 2 600
6 2 0
6 2 0
6 2 0
7 2 0
7 2 254
7 2 57
7 2 843
7 2 423
7 2 798
7 2 468
7 2 380
7 2 205
7 2 114
7 2 0
8 2 0
8 2 281
8 2 532
8 2 489
8 2 440
8 2 391
8 2 304
8 2 476
8 2 742
8 2 0
8 2 0
8 2 0
9 2 0
9 2 954
9 2 154
9 2 37
9 2 283
9 2 919
9 2 475
9 2 0
9 2 0
9 2 0
10 1 0
10 1 749
10 1 689
10 1 319
10 1 544
10 1 8
10 1 535
10 1 0
10 1 0
10 1 0
11 1 0
11 1 170
11 1 911
11 1 700
11 1 783
11 1 641
11 1 0
12 1 0
12 1 459
12 1 454
12 1 124
12 1 401
12 1 229
12 1 356
12 1 0
12 1 0
12 1 0
13 2 0
13 2 4
13 2 899
13 2 831
13 2 250
13 2 237
13 2 975
13 2 0
13 2 0
13 2 799
13 2 148
13 2 0
14 2 0
14 2 763
14 2 947
14 2 501
14 2 826
14 2 922
14 2 217
14 2 470
14 2 897
14 2 0
14 2 0
14 2 0
15 1 0
15 1 478
15 1 473
15 1 863
15 1 609
15 1 0
15 1 0
15 1 164
15 1 171
15 1 477
15 1 0
16 1 0
16 1 92
16 1 216
16 1 418
16 1 323
16 1 178
16 1 208
16 1 0
16 1 0
16 1 0
17 2 0
17 2 714
17 2 807
17 2 293
17 2 0
18 2 0
18 2 841
18 2 101
18 2 7
18 2 543
18 2 992
18 2 437
18 2 40
18 2 815
18 2 360
18 2 0
19 1 0
19 1 570
19 1 264
19 1 810
19 1 510
19 1 0
20 2 0
20 2 400
20 2 682
20 2 531
20 2 338
20 2 945
20 2 880
20 2 345
20 2 200
20 2 0
21 2 0
21 2 565
21 2 850
21 2 58
21 2 871
21 2 36
21 2 204
21 2 563
21 2 964
21 2 940
21 2 314
21 2 0
21 2 0
21 2 0
22 1 0
22 1 64
22 1 106
22 1 246
22 1 990
22 1 844
22 1 0
22 1 0
22 1 0
23 2 0
23 2 291
23 2 542
23 2 266
23 2 399
23 2 680
23 2 873
23 2 438
23 2 581
23 2 509
23 2 0
23 2 0
23 2 0
24 2 0
24 2 846
24 2 335
24 2 608
24 2 0
24 2 0
24 2 591
24 2 520
24 2 0
25 1 0
25 1 866
25 1 9
25 1 741
25 1 107
25 1 0
25 1 0
25 1 161
25 1 230
25 1 0
26 2 0
26 2 816
26 2 113
26 2 910
26 2 868
26 2 349
26 2 524
26 2 0
26 2 0
26 2 590
26 2 269
26 2 0
27 2 0
27 2 128
27 2 925
27 2 715
27 2 902
27 2 84
27 2 709
27 2 885
27 2 776
27 2 668
27 2 0
27 2 0
27 2 0
28 1 0
28 1 820
28 1 188
28 1 781
28 1 177
28 1 686
28 1 0
28 1 0
28 1 0
29 1 0
29 1 158
29 1 541
29 1 939
29 1 255
29 1 647
29 1 785
29 1 0
29 1 0
29 1 0
30 1 0
30 1 389
30 1 580
30 1 538
30 1 446
30 1 232
30 1 855
30 1 808
30 1 512
30 1 0
30 1 0
30 1 0
31 2 0
31 2 738
31 2 796
31 2 644
31 2 447
31 2 840
31 2 0
31 2 0
31 2 967
31 2 508
31 2 0
32 1 0
32 1 907
32 1 666
32 1 495
32 1 969
32 1 852
32 1 949
32 1 397
32 1 0
33 2 0
33 2 54
33 2 17
33 2 133
33 2 664
33 2 752
33 2 0
33 2 0
33 2 0
34 2 0
34 2 14
34 2 329
34 2 207
34 2 168
34 2 676
34 2 803
34 2 516
34 2 44
34 2 0
34 2 0
34 2 0
35 2 0
35 2 529
35 2 603
35 2 441
35 2 513
35 2 545
35 2 929
35 2 0
36 1 0
36 1 63
36 1 921
36 1 876
36 1 753
36 1 838
36 1 0
37 2 0
37 2 721
37 2 324
37 2 648
37 2 290
37 2 970
37 2 0
37 2 0
37 2 0
38 2 0
38 2 606
38 2 955
38 2 809
38 2 45
38 2 814
38 2 93
38 2 791
38 2 677
38 2 259
38 2 191
38 2 125
38 2 0
39 2 0
39 2 153
39 2 453
39 2 88
39 2 578
39 2 0
39 2 0
39 2 99
39 2 472
39 2 906
39 2 0
40 1 0
40 1 279
40 1 611
40 1 455
40 1 0
40 1 0
40 1 837
40 1 0
41 2 0
41 2 784
41 2 276
41 2 86
41 2 0
42 2 0
42 2 678
42 2 923
42 2 436
42 2 11
42 2 0
43 2 0
43 2 650
43 2 398
43 2 0
44 2 0
44 2 707
44 2 806
44 2 136
44 2 41
44 2 694
44 2 223
44 2 0
45 1 0
45 1 692
45 1 383
45 1 0
46 2 0
46 2 456
46 2 996
46 2 699
46 2 392
46 2 417
46 2 181
46 2 289
46 2 675
46 2 0
46 2 0
46 2 0
47 1 0
47 1 336
47 1 102
47 1 273
47 1 735
47 1 628
47 1 937
47 1 211
47 1 0
47 1 0
47 1 0
47 1 0
48 2 0
48 2 909
48 2 971
48 2 965
48 2 734
48 2 0
49 1 0
49 1 679
49 1 576
49 1 724
49 1 0
50 1 0
50 1 817
50 1 751
50 1 0
50 1 0
50 1 435
50 1 160
50 1 835
50 1 490
50 1 471
50 1 0
50 1 0
50 1 0
51 2 0
51 2 351
51 2 150
51 2 944
51 2 669
51 2 0
51 2 0
51 2 0
52 2 0
52 2 394
52 2 991
52 2 934
52 2 78
52 2 365
52 2 0
52 2 0
52 2 561
52 2 0
53 1 0
53 1 518
53 1 497
53 1 610
53 1 894
53 1 25
53 1 726
53 1 758
53 1 0
53 1 0
53 1 0
53 1 0
54 2 0
54 2 562
54 2 410
54 2 943
54 2 310
54 2 275
54 2 973
54 2 0
54 2 0
54 2 212
54 2 0
55 1 0
55 1 369
55 1 695
55 1 0
56 1 0
56 1 980
56 1 0
57 2 0
57 2 199
57 2 157
57 2 485
57 2 887
57 2 118
57 2 936
57 2 656
57 2 265
57 2 0
57 2 0
57 2 0
58 2 0
58 2 550
58 2 0
58 2 0
58 2 0
59 2 0
59 2 292
59 2 586
59 2 79
59 2 38
59 2 494
59 2 287
59 2 0
59 2 0
59 2 0
60 1 0
60 1 340
60 1 794
60 1 0
60 1 0
60 1 352
60 1 166
60 1 434
60 1 0
61 2 0
61 2 989
61 2 233
61 2 134
61 2 175
61 2 0
61 2 0
61 2 248
61 2 74
61 2 0
61 2 0
61 2 0
62 2 0
62 2 646
62 2 334
62 2 938
62 2 755
62 2 997
62 2 0
62 2 0
62 2 568
62 2 918
62 2 309
62 2 0
62 2 0
62 2 0
63 1 0
63 1 673
63 1 18
63 1 891
63 1 685
63 1 0
63 1 0
63 1 163
63 1 604
63 1 0
64 2 0
64 2 511
64 2 777
64 2 663
64 2 425
64 2 0
64 2 0
64 2 130
64 2 0
64 2 0
64 2 0
65 1 0
65 1 321
65 1 655
65 1 0
65 1 0
65 1 748
65 1 481
65 1 630
65 1 0
66 1 0
66 1 756
66 1 420
66 1 665
66 1 554
66 1 376
66 1 601
66 1 701
66 1 80
66 1 1079
66 1 0
66 1 1079
66 1 0
67 2 0
67 2 854
67 2 426
67 2 0
67 2 0
67 2 151
67 2 457
67 2 119
67 2 994
67 2 883
67 2 0
68 2 0
68 2 430
68 2 930
68 2 771
68 2 492
68 2 413
68 2 977
68 2 479
68 2 27
68 2 480
68 2 0
68 2 0
68 2 0
69 1 0
69 1 328
69 1 941
69 1 396
69 1 10
69 1 0
69 1 0
69 1 0
70 2 0
70 2 193
70 2 173
70 2 659
70 2 848
70 2 750
70 2 0
70 2 0
70 2 0
71 2 0
71 2 226
71 2 393
71 2 861
71 2 183
71 2 960
71 2 536
71 2 0
72 2 0
72 2 411
72 2 574
72 2 419
72 2 190
72 2 621
72 2 0
72 2 0
72 2 0
73 2 0
73 2 564
73 2 657
73 2 0
73 2 0
73 2 186
73 2 948
73 2 761
73 2 595
73 2 0
74 1 0
74 1 30
74 1 805
74 1 466
74 1 484
74 1 172
74 1 706
74 1 983
74 1 506
74 1 0
74 1 0
74 1 0
74 1 0
75 2 0
75 2 404
75 2 247
75 2 908
75 2 0
75 2 0
75 2 757
75 2 812
75 2 624
75 2 0
76 2 0
76 2 718
76 2 0
76 2 0
76 2 0
77 2 0
77 2 557
77 2 515
77 2 847
77 2 0
78 2 0
78 2 330
78 2 311
78 2 0
79 1 0
79 1 697
79 1 272
79 1 0
79 1 0
79 1 85
79 1 800
79 1 881
79 1 298
79 1 0
80 1 0
80 1 640
80 1 559
80 1 712
80 1 653
80 1 448
80 1 0
80 1 0
80 1 0
80 1 135
80 1 0
81 2 0
81 2 366
81 2 81
81 2 778
81 2 493
81 2 97
81 2 465
81 2 0
81 2 0
81 2 24
81 2 0
82 2 0
82 2 167
82 2 830
82 2 730
82 2 0
82 2 0
82 2 705
82 2 91
82 2 342
82 2 789
82 2 0
83 2 0
83 2 870
83 2 988
83 2 927
83 2 318
83 2 0
83 2 0
83 2 779
83 2 0
84 2 0
84 2 999
84 2 622
84 2 332
84 2 458
84 2 613
84 2 187
84 2 0
84 2 0
84 2 95
84 2 0
85 1 0
85 1 797
85 1 746
85 1 660
85 1 582
85 1 875
85 1 122
85 1 905
85 1 890
85 1 0
85 1 0
85 1 0
85 1 0
86 2 0
86 2 429
86 2 720
86 2 842
86 2 877
86 2 587
86 2 0
87 2 0
87 2 341
87 2 819
87 2 126
87 2 0
87 2 0
87 2 661
87 2 23
87 2 607
87 2 0
88 1 0
88 1 764
88 1 596
88 1 0
88 1 0
88 1 662
88 1 558
88 1 0
89 1 0
89 1 31
89 1 849
89 1 402
89 1 636
89 1 83
89 1 415
89 1 632
89 1 386
89 1 0
89 1 0
90 1 0
90 1 874
90 1 828
90 1 555
90 1 0
90 1 0
90 1 66
90 1 182
90 1 0
91 2 0
91 2 282
91 2 296
91 2 145
91 2 32
91 2 0
91 2 0
91 2 47
91 2 0
92 1 0
92 1 782
92 1 862
92 1 364
92 1 467
92 1 0
92 1 0
92 1 496
92 1 942
92 1 824
92 1 412
92 1 0
92 1 0
92 1 0
92 1 0
93 2 0
93 2 59
93 2 627
93 2 144
93 2 951
93 2 245
93 2 53
93 2 619
93 2 0
93 2 0
93 2 0
93 2 0
94 1 0
94 1 149
94 1 792
94 1 320
94 1 460
94 1 0
94 1 0
94 1 0
94 1 546
94 1 0
95 1 0
95 1 294
95 1 950
95 1 683
95 1 571
95 1 214
95 1 727
95 1 0
95 1 0
96 2 0
96 2 642
96 2 327
96 2 615
96 2 253
96 2 760
96 2 579
96 2 829
96 2 295
96 2 0
96 2 0
96 2 0
96 2 0
97 2 0
97 2 445
97 2 387
97 2 348
97 2 523
97 2 0
97 2 0
97 2 28
97 2 0
98 2 0
98 2 218
98 2 34
98 2 432
98 2 526
98 2 339
98 2 928
98 2 0
98 2 0
98 2 0
98 2 0
99 1 0
99 1 703
99 1 407
99 1 976
99 1 895
99 1 0
99 1 0
99 1 0
99 1 0
100 2 0
100 2 251
100 2 773
100 2 98
100 2 635
100 2 0
100 2 0
100 2 898
100 2 857
100 2 0
101 2 0
101 2 414
101 2 823
101 2 548
101 2 617
101 2 503
101 2 0
101 2 0
101 2 0
102 2 0
102 2 71
102 2 505
102 2 0
103 2 0
103 2 140
103 2 116
103 2 811
103 2 772
103 2 317
103 2 0
103 2 0
103 2 0
103 2 0
104 2 0
104 2 313
104 2 903
104 2 0
104 2 0
104 2 672
104 2 406
104 2 104
104 2 461
104 2 0
105 2 0
105 2 109
105 2 853
105 2 825
105 2 972
105 2 316
105 2 0
105 2 0
105 2 904
105 2 0
106 1 0
106 1 719
106 1 839
106 1 238
106 1 60
106 1 6
106 1 912
106 1 46
106 1 90
106 1 0
106 1 0
106 1 0
106 1 0
107 2 0
107 2 998
107 2 522
107 2 872
107 2 331
107 2 326
107 2 373
107 2 0
107 2 0
107 2 0
107 2 0
108 2 0
108 2 142
108 2 634
108 2 566
108 2 268
108 2 0
108 2 0
108 2 82
108 2 346
108 2 0
109 1 0
109 1 534
109 1 449
109 1 0
109 1 0
109 1 818
109 1 0
109 1 0
109 1 0
110 1 0
110 1 502
110 1 986
110 1 0
110 1 0
110 1 638
110 1 1000
110 1 0
110 1 0
110 1 0
111 1 0
111 1 271
111 1 728
111 1 498
111 1 156
111 1 0
111 1 0
111 1 0
111 1 0
112 1 0
112 1 920
112 1 556
112 1 305
112 1 0
112 1 0
113 2 0
113 2 530
113 2 913
113 2 87
113 2 0
113 2 0
113 2 0
114 2 0
114 2 385
114 2 832
114 2 651
114 2 834
114 2 263
114 2 845
114 2 713
114 2 0
114 2 0
115 1 0
115 1 301
115 1 0
116 1 0
116 1 488
116 1 573
116 1 859
116 1 882
116 1 299
116 1 433
116 1 491
116 1 0
116 1 0
117 1 0
117 1 42
117 1 698
117 1 244
117 1 567
117 1 361
117 1 353
117 1 0
117 1 0
117 1 0
117 1 0
118 2 0
118 2 240
118 2 196
118 2 598
118 2 978
118 2 0
118 2 0
118 2 0
118 2 0
119 2 0
119 2 740
119 2 0
120 1 0
120 1 670
120 1 914
120 1 123
120 1 73
120 1 381
120 1 0
120 1 0
121 1 0
121 1 409
121 1 743
121 1 860
121 1 723
121 1 236
121 1 382
121 1 0
121 1 0
121 1 0
121 1 0
122 1 0
122 1 69
122 1 569
122 1 68
122 1 0
122 1 0
123 1 0
123 1 744
123 1 625
123 1 981
123 1 507
123 1 649
123 1 0
123 1 0
123 1 0
123 1 0
124 1 0
124 1 384
124 1 198
124 1 966
124 1 917
124 1 372
124 1 0
124 1 0
124 1 0
124 1 0
125 2 0
125 2 15
125 2 377
125 2 979
125 2 0
125 2 0
125 2 0
125 2 0
126 2 0
126 2 127
126 2 995
126 2 786
126 2 0
126 2 0
126 2 0
127 1 0
127 1 514
127 1 916
127 1 162
127 1 691
127 1 962
127 1 0
127 1 0
127 1 0
127 1 0
128 1 0
128 1 588
128 1 201
128 1 0
129 2 0
129 2 681
129 2 5
129 2 325
129 2 0
129 2 0
129 2 0
130 1 0
130 1 722
130 1 464
130 1 733
130 1 370
130 1 0
130 1 0
130 1 0
130 1 367
130 1 0
131 2 0
131 2 982
131 2 953
131 2 35
131 2 528
131 2 443
131 2 427
131 2 0
131 2 0
131 2 0
131 2 0
132 1 0
132 1 374
132 1 788
132 1 137
132 1 176
132 1 0
132 1 0
132 1 0
132 1 165
132 1 0
132 1 0
132 1 0
133 1 0
133 1 22
133 1 884
133 1 0
133 1 0
133 1 0
133 1 222
133 1 0
133 1 0
133 1 0
134 2 0
134 2 277
134 2 827
134 2 357
134 2 633
134 2 0
134 2 0
134 2 0
134 2 0
135 2 0
135 2 690
135 2 256
135 2 56
135 2 984
135 2 739
135 2 787
135 2 0
135 2 0
136 2 0
136 2 765
136 2 0
136 2 0
136 2 0
137 1 0
137 1 626
137 1 0
137 1 0
137 1 0
138 2 0
138 2 450
138 2 303
138 2 959
138 2 308
138 2 49
138 2 704
138 2 0
138 2 0
139 2 0
139 2 725
139 2 0
139 2 0
139 2 221
139 2 993
139 2 0
140 1 0
140 1 243
140 1 684
140 1 0
140 1 0
140 1 0
140 1 0
141 1 0
141 1 184
141 1 893
141 1 747
141 1 597
141 1 0
141 1 0
141 1 0
141 1 0
142 1 0
142 1 224
142 1 416
142 1 129
142 1 878
142 1 117
142 1 0
142 1 0
142 1 0
142 1 0
143 1 0
143 1 643
143 1 0
143 1 0
143 1 0
144 1 0
144 1 0
145 1 0
145 1 0
146 1 0
146 1 0
147 2 0
147 2 745
147 2 0
147 2 0
147 2 362
147 2 242
147 2 146
147 2 0
148 1 0
148 1 451
148 1 915
148 1 252
148 1 55
148 1 0
148 1 0
149 2 0
149 2 155
149 2 618
149 2 0
149 2 0
149 2 112
149 2 0
150 1 0
150 1 131
150 1 867
150 1 674
150 1 0
150 1 0
150 1 0
150 1 43
150 1 0
151 1 0
151 1 924
151 1 623
151 1 286
151 1 486
151 1 599
151 1 0
151 1 0
151 1 0
151 1 0
152 1 0
152 1 368
152 1 174
152 1 769
152 1 533
152 1 0
152 1 0
152 1 0
152 1 29
152 1 0
153 1 0
153 1 120
153 1 194
153 1 347
153 1 225
153 1 358
153 1 0
153 1 0
153 1 0
153 1 0
154 1 0
154 1 482
154 1 379
154 1 768
154 1 159
154 1 671
154 1 105
154 1 0
154 1 0
154 1 0
154 1 0
155 1 0
155 1 249
155 1 517
155 1 0
155 1 0
155 1 0
155 1 33
155 1 0
156 2 0
156 2 267
156 2 21
156 2 363
156 2 892
156 2 139
156 2 138
156 2 375
156 2 0
156 2 0
157 2 0
157 2 210
157 2 901
157 2 206
157 2 879
157 2 836
157 2 585
157 2 3
157 2 0
157 2 0
158 2 0
158 2 72
158 2 667
158 2 629
158 2 961
158 2 75
158 2 0
158 2 0
159 1 0
159 1 333
159 1 552
159 1 241
159 1 378
159 1 0
159 1 0
160 1 0
160 1 61
160 1 946
160 1 631
160 1 963
160 1 278
160 1 0
160 1 0
160 1 0
160 1 0
161 2 0
161 2 737
161 2 858
161 2 0
162 1 0
162 1 103
162 1 261
162 1 16
162 1 388
162 1 766
162 1 0
162 1 0
162 1 0
162 1 0
163 1 0
163 1 900
163 1 280
163 1 864
163 1 547
163 1 0
163 1 0
163 1 0
163 1 0
164 1 0
164 1 100
164 1 227
164 1 452
164 1 0
164 1 0
164 1 0
164 1 76
164 1 0
164 1 0
165 2 0
165 2 770
165 2 422
165 2 302
165 2 197
165 2 0
165 2 0
165 2 0
165 2 499
165 2 0
166 2 0
166 2 639
166 2 0
167 2 0
167 2 322
167 2 0
168 2 0
168 2 549
168 2 931
168 2 696
168 2 121
168 2 896
168 2 231
168 2 620
168 2 0
168 2 0
168 2 0
168 2 0
169 2 0
169 2 711
169 2 560
169 2 65
169 2 0
169 2 0
170 2 0
170 2 297
170 2 795
170 2 0
170 2 0
171 2 0
171 2 483
171 2 343
171 2 575
171 2 0
171 2 0
171 2 0
171 2 202
171 2 0
172 1 0
172 1 115
172 1 851
172 1 687
172 1 833
172 1 0
172 1 0
172 1 0
172 1 0
173 1 0
173 1 215
173 1 132
173 1 444
173 1 147
173 1 0
173 1 0
173 1 0
173 1 0
174 1 0
174 1 52
174 1 258
174 1 62
174 1 405
174 1 0
174 1 0
174 1 0
174 1 0
175 2 0
175 2 228
175 2 350
175 2 0
175 2 0
175 2 0
175 2 0
176 2 0
176 2 344
176 2 702
176 2 774
176 2 889
176 2 0
176 2 0
176 2 0
176 2 0
177 1 0
177 1 403
177 1 312
177 1 658
177 1 239
177 1 537
177 1 0
177 1 169
177 1 0
177 1 0
177 1 0
177 1 0
178 2 0
178 2 203
178 2 234
178 2 390
178 2 583
178 2 935
178 2 337
178 2 0
178 2 0
178 2 0
178 2 0
179 1 0
179 1 20
179 1 143
179 1 736
179 1 0
179 1 0
179 1 0
179 1 209
179 1 439
179 1 0
179 1 0
179 1 0
179 1 0
180 1 0
180 1 111
180 1 933
180 1 0
180 1 0
180 1 0
180 1 952
180 1 0
180 1 0
180 1 0
180 1 0
181 1 0
181 1 821
181 1 926
181 1 968
181 1 0
181 1 0
181 1 0
181 1 195
181 1 594
181 1 0
181 1 0
181 1 0
181 1 0
182 2 0
182 2 592
182 2 804
182 2 637
182 2 0
182 2 0
182 2 0
182 2 0
183 2 0
183 2 70
183 2 67
183 2 540
183 2 421
183 2 762
183 2 192
183 2 0
183 2 0
183 2 0
183 2 0
184 1 0
184 1 355
184 1 306
184 1 39
184 1 527
184 1 0
184 1 0
185 1 0
185 1 262
185 1 1
185 1 213
185 1 285
185 1 0
185 1 0
185 1 0
185 1 0
186 2 0
186 2 487
186 2 500
186 2 987
186 2 469
186 2 0
186 2 0
186 2 0
186 2 0
187 2 0
187 2 519
187 2 300
187 2 48
187 2 110
187 2 584
187 2 0
187 2 0
187 2 0
187 2 0
188 2 0
188 2 729
188 2 775
188 2 19
188 2 572
188 2 315
188 2 888
188 2 0
188 2 0
188 2 0
188 2 0
189 1 0
189 1 0
190 2 0
190 2 822
190 2 0
190 2 0
190 2 0
190 2 0
191 1 0
191 1 521
191 1 235
191 1 0
191 1 0
191 1 0
191 1 0
192 2 0
192 2 589
192 2 26
192 2 359
192 2 77
192 2 957
192 2 869
192 2 0
192 2 0
193 2 0
193 2 886
193 2 958
193 2 179
193 2 51
193 2 708
193 2 0
193 2 0
193 2 0
193 2 0
194 1 0
194 1 614
194 1 731
194 1 0
194 1 0
194 1 0
194 1 0
195 1 0
195 1 551
195 1 395
195 1 371
195 1 0
195 1 0
195 1 0
195 1 0
196 1 0
196 1 431
196 1 274
196 1 0
196 1 0
197 1 0
197 1 688
197 1 474
197 1 0
197 1 270
197 1 0
197 1 0
197 1 0
197 1 0
198 1 0
198 1 185
198 1 985
198 1 780
198 1 0
198 1 0
198 1 0
198 1 260
198 1 0
198 1 0
198 1 0
198 1 0
199 1 0
199 1 956
199 1 424
199 1 50
199 1 0
199 1 219
199 1 0
199 1 0
199 1 0
199 1 0
200 1 0
200 1 152
200 1 0
200 1 0
201 2 0
201 2 108
201 2 96
201 2 12
201 2 0
201 2 0
202 2 0
202 2 89
202 2 0
203 1 0
203 1 13
203 1 0
203 1 0
204 2 0
204 2 2
204 2 0
