total cost: 263521
1 2 0
1 2 553
1 2 288
1 2 767
1 2 0
1 2 0
1 2 307
1 2 793
1 2 0
1 2 0
1 2 141
1 2 0
2 1 0
2 1 220
2 1 802
2 1 577
2 1 254
2 1 0
2 1 0
2 1 180
2 1 257
2 1 932
2 1 0
3 1 0
3 1 616
3 1 161
3 1 652
3 1 0
3 1 0
3 1 0
4 2 0
4 2 954
4 2 654
4 2 520
4 2 0
5 1 0
5 1 463
5 1 539
5 1 459
5 1 693
5 1 454
5 1 0
5 1 0
5 1 790
5 1 0
5 1 0
5 1 0
6 2 0
6 2 408
6 2 801
6 2 754
6 2 593
6 2 475
6 2 510
6 2 356
6 2 0
7 2 0
7 2 645
7 2 865
7 2 189
7 2 442
7 2 92
7 2 710
7 2 717
7 2 0
7 2 0
7 2 0
8 2 0
8 2 605
8 2 974
8 2 401
8 2 229
8 2 0
9 2 0
9 2 57
9 2 843
9 2 170
9 2 749
9 2 689
9 2 525
9 2 476
9 2 0
11 2 0
11 2 856
11 2 4
11 2 501
11 2 250
11 2 911
11 2 468
11 2 700
11 2 783
11 2 477
11 2 0
12 1 0
12 1 354
12 1 37
12 1 0
13 1 0
13 1 319
13 1 716
13 1 0
14 1 0
14 1 124
14 1 919
14 1 799
14 1 148
14 1 0
16 1 0
16 1 462
16 1 813
16 1 478
16 1 0
16 1 0
16 1 0
17 2 0
17 2 947
17 2 602
17 2 284
17 2 171
17 2 742
17 2 0
18 1 0
18 1 0
20 1 0
20 1 164
20 1 391
20 1 440
20 1 216
20 1 650
20 1 0
21 2 0
21 2 763
21 2 899
21 2 826
21 2 922
21 2 531
21 2 217
21 2 470
21 2 897
21 2 0
21 2 0
21 2 504
21 2 0
22 1 0
22 1 283
22 1 714
22 1 0
24 2 0
24 2 590
24 2 269
24 2 0
25 1 0
25 1 841
25 1 64
25 1 304
25 1 205
25 1 114
25 1 0
27 1 0
27 1 400
27 1 101
27 1 7
27 1 543
27 1 437
27 1 992
27 1 923
27 1 0
27 1 0
27 1 0
28 1 0
28 1 831
28 1 237
28 1 58
28 1 850
28 1 0
28 1 0
28 1 561
28 1 0
29 1 0
29 1 565
29 1 871
29 1 541
29 1 158
29 1 338
29 1 791
29 1 945
29 1 191
29 1 0
29 1 0
29 1 0
30 2 0
30 2 428
30 2 820
30 2 54
30 2 732
30 2 600
30 2 0
31 1 0
31 1 489
31 1 741
31 1 107
31 1 0
32 1 0
32 1 682
32 1 939
32 1 36
32 1 264
32 1 99
32 1 807
32 1 0
33 1 0
33 1 291
33 1 866
33 1 128
33 1 9
33 1 721
33 1 967
33 1 678
33 1 508
33 1 0
34 1 0
34 1 846
34 1 473
34 1 293
34 1 0
35 2 0
35 2 641
35 2 677
35 2 964
35 2 314
35 2 0
36 1 0
36 1 63
36 1 910
36 1 524
36 1 279
36 1 785
36 1 0
36 1 0
36 1 0
37 1 0
37 1 816
37 1 863
37 1 868
37 1 609
37 1 0
37 1 0
37 1 352
37 1 0
38 2 0
38 2 113
38 2 529
38 2 738
38 2 907
38 2 349
38 2 0
38 2 0
38 2 810
38 2 784
38 2 276
38 2 0
39 2 0
39 2 389
39 2 580
39 2 441
39 2 495
39 2 397
39 2 212
39 2 512
39 2 0
40 1 0
40 1 17
40 1 925
40 1 418
40 1 902
40 1 84
40 1 885
40 1 323
40 1 178
40 1 0
305 1 0
305 1 0
42 2 0
42 2 106
42 2 815
42 2 200
42 2 345
42 2 880
42 2 0
43 2 0
43 2 335
43 2 608
43 2 513
43 2 906
43 2 47
43 2 472
43 2 0
43 2 0
43 2 0
44 2 0
44 2 153
44 2 538
44 2 446
44 2 666
44 2 232
44 2 808
44 2 676
44 2 969
44 2 852
44 2 692
44 2 0
45 2 0
45 2 949
45 2 0
46 2 0
46 2 715
46 2 511
46 2 425
46 2 776
46 2 668
46 2 0
47 2 0
47 2 603
47 2 796
47 2 644
47 2 447
47 2 705
47 2 929
47 2 545
47 2 0
47 2 0
47 2 0
48 2 0
48 2 133
48 2 436
48 2 970
48 2 0
49 1 0
49 1 550
49 1 0
50 2 0
50 2 837
50 2 909
50 2 0
51 1 0
51 1 248
51 1 0
52 2 0
52 2 204
52 2 563
52 2 940
52 2 181
52 2 259
52 2 125
52 2 0
53 2 0
53 2 163
53 2 679
53 2 0
54 2 0
54 2 456
54 2 102
54 2 351
54 2 921
54 2 0
54 2 0
54 2 130
54 2 576
54 2 0
55 2 0
55 2 45
55 2 809
55 2 814
55 2 430
55 2 977
55 2 396
55 2 438
55 2 481
55 2 0
55 2 0
55 2 0
56 1 0
56 1 336
56 1 369
56 1 854
56 1 0
56 1 0
56 1 255
56 1 980
56 1 74
56 1 724
56 1 0
57 2 0
57 2 817
57 2 157
57 2 199
57 2 324
57 2 648
57 2 290
57 2 0
57 2 0
57 2 0
58 1 0
58 1 806
58 1 873
58 1 694
58 1 136
58 1 918
58 1 0
59 1 0
59 1 394
59 1 329
59 1 934
59 1 207
59 1 168
59 1 803
59 1 0
59 1 0
59 1 0
60 1 0
60 1 435
60 1 686
60 1 160
60 1 183
60 1 835
60 1 490
60 1 471
60 1 0
61 1 0
61 1 518
61 1 497
61 1 404
61 1 642
61 1 0
61 1 0
61 1 95
61 1 398
61 1 208
61 1 0
62 2 0
62 2 266
62 2 562
62 2 664
62 2 410
62 2 151
62 2 752
62 2 0
63 2 0
63 2 611
63 2 647
63 2 455
63 2 0
63 2 0
63 2 86
63 2 0
64 1 0
64 1 93
64 1 417
64 1 675
64 1 135
64 1 289
64 1 0
65 1 0
65 1 41
65 1 568
65 1 0
66 2 0
66 2 399
66 2 680
66 2 748
66 2 166
66 2 27
66 2 434
66 2 0
67 1 0
67 1 292
67 1 38
67 1 0
67 1 0
67 1 0
68 1 0
68 1 699
68 1 996
68 1 697
68 1 81
68 1 628
68 1 937
68 1 211
68 1 0
68 1 0
69 1 0
69 1 340
69 1 781
69 1 188
69 1 709
69 1 757
69 1 0
69 1 0
69 1 0
71 1 0
71 1 876
71 1 753
71 1 0
72 2 0
72 2 392
72 2 366
72 2 272
72 2 85
72 2 0
72 2 0
72 2 94
72 2 0
73 1 0
73 1 989
73 1 751
73 1 673
73 1 485
73 1 0
73 1 0
73 1 43
73 1 11
73 1 0
75 2 0
75 2 233
75 2 134
75 2 175
75 2 420
75 2 376
75 2 601
75 2 140
75 2 515
75 2 0
75 2 0
75 2 0
76 1 0
76 1 321
76 1 861
76 1 393
76 1 457
76 1 965
76 1 971
76 1 734
76 1 0
76 1 0
77 2 0
77 2 275
77 2 771
77 2 509
77 2 479
77 2 0
78 2 0
78 2 756
78 2 663
78 2 79
78 2 586
78 2 557
78 2 494
78 2 287
78 2 0
78 2 0
78 2 0
79 1 0
79 1 186
79 1 948
79 1 0
80 2 0
80 2 794
80 2 874
80 2 828
80 2 0
80 2 0
80 2 150
80 2 944
80 2 669
80 2 857
80 2 0
81 2 0
81 2 328
81 2 492
81 2 413
81 2 10
81 2 0
82 1 0
82 1 193
82 1 426
82 1 0
82 1 0
82 1 0
83 2 0
83 2 226
83 2 887
83 2 973
83 2 0
83 2 0
83 2 0
84 2 0
84 2 411
84 2 574
84 2 419
84 2 976
84 2 0
85 1 0
85 1 960
85 1 480
85 1 28
85 1 0
86 1 0
86 1 610
86 1 894
86 1 660
86 1 25
86 1 726
86 1 706
86 1 983
86 1 0
86 1 0
391 1 0
391 1 0
88 1 0
88 1 564
88 1 840
88 1 0
315 1 0
315 1 0
90 1 0
90 1 18
90 1 891
90 1 341
90 1 571
90 1 672
90 1 0
90 1 0
90 1 0
91 1 0
91 1 177
91 1 701
91 1 218
91 1 80
91 1 904
91 1 0
91 1 0
91 1 0
92 1 0
92 1 581
92 1 2
92 1 0
93 1 0
93 1 30
93 1 805
93 1 466
93 1 595
93 1 587
93 1 0
95 1 0
95 1 330
95 1 0
95 1 0
95 1 0
571 1 0
571 1 0
97 2 0
97 2 167
97 2 782
97 2 294
97 2 800
97 2 97
97 2 465
97 2 881
97 2 842
97 2 0
97 2 0
97 2 0
98 2 0
98 2 695
98 2 657
98 2 173
98 2 848
98 2 0
98 2 0
98 2 24
98 2 0
101 1 0
101 1 118
101 1 496
101 1 119
101 1 0
685 1 0
685 1 0
625 1 0
625 1 0
104 1 0
104 1 282
104 1 126
104 1 683
104 1 0
104 1 0
104 1 779
104 1 0
105 1 0
105 1 31
105 1 849
105 1 832
105 1 190
105 1 621
105 1 0
105 1 0
105 1 0
105 1 0
106 1 0
106 1 662
106 1 619
106 1 895
106 1 0
106 1 0
108 2 0
108 2 453
108 2 991
108 2 88
108 2 78
108 2 578
108 2 0
108 2 0
108 2 661
108 2 0
109 2 0
109 2 655
109 2 712
109 2 653
109 2 0
109 2 0
109 2 66
109 2 182
109 2 0
111 2 0
111 2 365
111 2 71
111 2 898
111 2 0
113 2 0
113 2 149
113 2 332
113 2 142
113 2 320
113 2 0
113 2 0
113 2 546
113 2 0
115 2 0
115 2 665
115 2 559
115 2 555
115 2 34
115 2 432
115 2 339
115 2 928
115 2 0
115 2 0
117 2 0
117 2 214
117 2 727
117 2 0
117 2 0
117 2 0
253 1 0
253 1 0
120 1 0
120 1 536
120 1 0
124 1 0
124 1 296
124 1 0
124 1 0
124 1 812
124 1 624
124 1 0
125 2 0
125 2 271
125 2 53
125 2 740
125 2 0
125 2 0
125 2 0
918 1 0
918 1 0
127 1 0
127 1 824
127 1 412
127 1 0
127 1 0
127 1 0
129 2 0
129 2 145
129 2 467
129 2 46
129 2 104
129 2 0
130 2 0
130 2 221
130 2 505
130 2 0
131 2 0
131 2 385
131 2 122
131 2 263
131 2 760
131 2 651
131 2 0
131 2 0
132 1 0
132 1 407
132 1 827
132 1 498
132 1 548
132 1 381
132 1 617
132 1 0
132 1 0
132 1 0
132 1 0
133 1 0
133 1 523
133 1 348
133 1 1000
133 1 913
133 1 0
133 1 0
133 1 0
133 1 0
134 1 0
134 1 634
134 1 825
134 1 972
134 1 978
134 1 0
134 1 0
134 1 0
134 1 112
134 1 0
135 2 0
135 2 42
135 2 615
135 2 327
135 2 253
135 2 890
135 2 845
135 2 295
135 2 829
135 2 0
135 2 0
137 1 0
137 1 32
137 1 60
137 1 912
137 1 0
137 1 0
138 1 0
138 1 670
138 1 698
138 1 35
138 1 993
138 1 0
138 1 0
138 1 0
138 1 0
139 1 0
139 1 409
139 1 743
139 1 860
139 1 236
139 1 723
139 1 146
139 1 433
139 1 0
139 1 0
139 1 0
139 1 0
140 1 0
140 1 69
140 1 765
140 1 68
140 1 0
140 1 0
141 1 0
141 1 728
141 1 914
141 1 123
141 1 357
141 1 156
141 1 834
141 1 0
141 1 0
141 1 0
141 1 0
142 1 0
142 1 384
142 1 382
142 1 0
143 1 0
143 1 127
143 1 372
143 1 0
143 1 0
143 1 0
625 1 0
625 1 0
145 1 0
145 1 402
145 1 733
145 1 636
145 1 83
145 1 415
145 1 201
145 1 0
145 1 0
145 1 0
145 1 0
346 1 0
346 1 0
149 2 0
149 2 448
149 2 196
149 2 872
149 2 377
149 2 326
149 2 373
149 2 556
149 2 0
149 2 0
149 2 0
149 2 0
909 1 0
909 1 0
152 2 0
152 2 982
152 2 368
152 2 579
152 2 984
152 2 713
152 2 0
152 2 0
154 1 0
154 1 22
154 1 316
154 1 325
154 1 176
154 1 5
154 1 155
154 1 0
154 1 0
154 1 0
154 1 0
156 1 0
156 1 277
156 1 916
156 1 56
156 1 162
156 1 633
156 1 795
156 1 0
156 1 0
156 1 0
156 1 0
739 1 0
739 1 0
160 1 0
160 1 243
160 1 884
160 1 0
160 1 0
160 1 0
160 1 33
160 1 0
162 1 0
162 1 370
162 1 61
162 1 711
162 1 344
162 1 858
162 1 0
162 1 0
163 1 0
163 1 303
163 1 482
163 1 959
163 1 671
163 1 209
163 1 49
163 1 386
163 1 0
163 1 0
566 1 0
566 1 0
165 1 0
165 1 725
165 1 0
166 1 0
166 1 643
166 1 0
166 1 0
166 1 450
166 1 737
166 1 704
166 1 0
166 1 0
427 1 0
427 1 0
170 1 0
170 1 924
170 1 597
170 1 549
170 1 517
170 1 486
170 1 915
170 1 552
170 1 0
170 1 0
170 1 0
170 1 0
171 1 0
171 1 618
171 1 0
171 1 0
171 1 362
171 1 667
171 1 75
171 1 0
171 1 0
172 2 0
172 2 684
172 2 120
172 2 267
172 2 197
172 2 286
172 2 241
172 2 55
172 2 0
172 2 0
172 2 0
172 2 0
173 1 0
173 1 194
173 1 623
173 1 347
173 1 878
173 1 378
173 1 280
173 1 0
173 1 0
173 1 0
173 1 0
828 1 0
828 1 0
175 2 0
175 2 333
175 2 87
175 2 864
175 2 375
175 2 0
175 2 0
176 2 0
176 2 103
176 2 244
176 2 567
176 2 528
176 2 946
176 2 353
176 2 361
176 2 443
176 2 0
176 2 0
176 2 0
176 2 0
178 1 0
178 1 100
178 1 227
178 1 452
178 1 0
178 1 0
178 1 0
178 1 0
180 1 0
180 1 979
180 1 0
180 1 0
180 1 0
180 1 0
181 2 0
181 2 639
181 2 0
838 1 0
838 1 0
789 1 0
789 1 0
185 1 0
185 1 631
185 1 261
185 1 533
185 1 228
185 1 350
185 1 0
185 1 0
185 1 0
185 1 0
186 1 0
186 1 483
186 1 52
186 1 343
186 1 285
186 1 0
186 1 0
186 1 0
186 1 0
942 1 0
942 1 0
245 1 0
245 1 0
189 2 0
189 2 403
189 2 851
189 2 931
189 2 358
189 2 696
189 2 519
189 2 0
189 2 0
189 2 0
189 2 0
190 2 0
190 2 203
190 2 926
190 2 225
190 2 121
190 2 896
190 2 3
190 2 547
190 2 0
190 2 0
190 2 0
190 2 0
191 1 0
191 1 629
191 1 952
191 1 96
191 1 0
191 1 0
192 1 0
192 1 111
192 1 487
192 1 933
192 1 0
192 1 0
192 1 0
192 1 599
192 1 0
192 1 0
193 2 0
193 2 312
193 2 302
193 2 687
193 2 614
193 2 833
193 2 300
193 2 620
193 2 0
193 2 0
194 2 0
194 2 70
194 2 363
194 2 892
194 2 138
194 2 110
194 2 0
194 2 0
195 1 0
195 1 16
195 1 388
195 1 736
195 1 766
195 1 888
195 1 0
195 1 0
195 1 0
195 1 0
196 2 0
196 2 575
196 2 804
196 2 637
196 2 0
196 2 0
196 2 0
196 2 439
196 2 315
196 2 822
196 2 0
196 2 0
196 2 0
196 2 0
198 2 0
198 2 592
198 2 62
198 2 405
198 2 239
198 2 337
198 2 537
198 2 731
198 2 0
198 2 0
198 2 0
198 2 0
199 1 0
199 1 234
199 1 688
199 1 658
199 1 583
199 1 0
199 1 0
199 1 0
199 1 594
199 1 0
199 1 0
273 1 0
273 1 0
201 1 0
201 1 729
201 1 390
201 1 270
201 1 0
201 1 0
201 1 0
201 1 0
202 1 0
202 1 65
202 1 787
202 1 889
202 1 0
202 1 0
202 1 0
202 1 0
203 1 0
203 1 521
203 1 551
203 1 395
203 1 0
203 1 0
204 2 0
204 2 968
204 2 424
204 2 935
204 2 421
204 2 0
204 2 0
204 2 0
204 2 0
205 1 0
205 1 702
205 1 774
205 1 572
205 1 235
205 1 0
205 1 0
205 1 0
205 1 0
644 1 0
644 1 0
208 2 0
208 2 67
208 2 540
208 2 192
208 2 762
208 2 371
208 2 0
208 2 0
209 1 0
209 1 185
209 1 958
209 1 985
209 1 51
209 1 0
209 1 0
209 1 0
209 1 231
209 1 0
209 1 0
210 1 0
210 1 780
210 1 50
210 1 527
210 1 957
210 1 869
210 1 0
210 1 0
211 1 0
211 1 956
211 1 474
211 1 0
211 1 0
211 1 0
211 1 274
211 1 708
211 1 0
211 1 0
212 1 0
212 1 179
212 1 0
212 1 0
212 1 0
212 1 48
212 1 219
212 1 0
212 1 0
338 1 0
338 1 0
214 1 0
214 1 13
214 1 0
214 1 0
216 1 0
216 1 256
216 1 691
216 1 306
216 1 962
216 1 739
216 1 0
216 1 0
218 1 0
218 1 0
219 1 0
219 1 0
220 1 0
220 1 0
221 1 0
221 1 0
222 1 0
222 1 0
223 1 0
223 1 0
224 1 0
224 1 0
225 1 0
225 1 0
226 1 0
226 1 0
227 1 0
227 1 0
228 1 0
228 1 0
229 1 0
229 1 0
230 1 0
230 1 0
231 1 0
231 1 0
232 1 0
232 1 0
233 1 0
233 1 0
234 1 0
234 1 0
235 1 0
235 1 0
236 1 0
236 1 0
237 1 0
237 1 0
238 1 0
238 1 0
239 1 0
239 1 0
240 1 0
240 1 0
241 1 0
241 1 0
242 1 0
242 1 0
243 1 0
243 1 0
244 1 0
244 1 0
246 1 0
246 1 0
247 1 0
247 1 0
248 1 0
248 1 0
249 1 0
249 1 0
250 1 0
250 1 0
251 1 0
251 1 0
429 1 0
429 1 0
253 1 0
253 1 0
254 1 0
254 1 0
975 1 0
975 1 0
256 2 0
256 2 0
257 1 0
257 1 0
258 1 0
258 1 0
259 1 0
259 1 0
260 1 0
260 1 0
261 1 0
261 1 0
262 1 0
262 1 0
263 1 0
263 1 0
264 1 0
264 1 0
265 1 0
265 1 0
266 1 0
266 1 0
267 1 0
267 1 0
268 1 0
268 1 0
269 1 0
269 1 0
270 1 0
270 1 0
802 1 0
802 1 0
272 1 0
272 1 0
273 1 0
273 1 0
274 1 0
274 1 0
275 1 0
275 1 0
276 1 0
276 1 0
277 1 0
277 1 0
278 1 0
278 1 0
279 1 0
279 1 0
280 1 0
280 1 0
281 1 0
281 1 0
282 1 0
282 1 0
283 1 0
283 1 0
768 1 0
768 1 0
285 1 0
285 1 0
286 1 0
286 1 0
287 1 0
287 1 0
288 1 0
288 1 0
289 1 0
289 1 0
290 1 0
290 1 0
291 1 0
291 1 0
292 1 0
292 1 0
293 1 0
293 1 0
294 1 0
294 1 0
295 1 0
295 1 0
296 1 0
296 1 0
297 1 0
297 1 0
299 1 0
299 1 0
300 1 0
300 1 0
301 1 0
301 1 0
302 1 0
302 1 0
303 1 0
303 1 0
304 1 0
304 1 0
305 1 0
305 1 0
306 1 0
306 1 0
241 1 0
241 1 0
308 1 0
308 1 0
309 1 0
309 1 0
310 1 0
310 1 0
311 1 0
311 1 0
312 1 0
312 1 0
313 1 0
313 1 0
314 1 0
314 1 0
315 1 0
315 1 0
316 1 0
316 1 0
317 1 0
317 1 0
318 1 0
318 1 0
320 1 0
320 1 0
321 1 0
321 1 0
322 1 0
322 1 0
323 1 0
323 1 0
324 1 0
324 1 0
325 1 0
325 1 0
326 1 0
326 1 0
327 1 0
327 1 0
328 1 0
328 1 0
329 1 0
329 1 0
330 1 0
330 1 0
331 1 0
331 1 0
332 1 0
332 1 0
333 1 0
333 1 0
334 1 0
334 1 0
335 1 0
335 1 0
336 1 0
336 1 0
337 1 0
337 1 0
338 1 0
338 1 0
339 1 0
339 1 0
340 1 0
340 1 0
341 1 0
341 1 0
342 1 0
342 1 0
343 1 0
343 1 0
344 1 0
344 1 0
345 1 0
345 1 0
346 1 0
346 1 0
347 1 0
347 1 0
348 1 0
348 1 0
349 1 0
349 1 0
350 1 0
350 1 0
351 1 0
351 1 0
352 1 0
352 1 0
353 1 0
353 1 0
354 1 0
354 1 0
355 1 0
355 1 0
356 1 0
356 1 0
357 1 0
357 1 0
358 1 0
358 1 0
359 1 0
359 1 0
360 1 0
360 1 0
361 1 0
361 1 0
362 1 0
362 1 0
363 1 0
363 1 0
364 1 0
364 1 0
365 1 0
365 1 0
366 1 0
366 1 0
367 1 0
367 1 0
368 1 0
368 1 0
369 1 0
369 1 0
370 1 0
370 1 0
371 1 0
371 1 0
372 1 0
372 1 0
373 1 0
373 1 0
374 1 0
374 1 0
375 1 0
375 1 0
376 1 0
376 1 0
377 1 0
377 1 0
378 1 0
378 1 0
379 1 0
379 1 0
380 1 0
380 1 0
381 1 0
381 1 0
382 1 0
382 1 0
383 1 0
383 1 0
384 1 0
384 1 0
385 1 0
385 1 0
386 1 0
386 1 0
387 1 0
387 1 0
388 1 0
388 1 0
389 1 0
389 1 0
390 1 0
390 1 0
391 1 0
391 1 0
393 1 0
393 1 0
394 1 0
394 1 0
396 1 0
396 1 0
397 1 0
397 1 0
417 1 0
417 1 0
400 1 0
400 1 0
401 1 0
401 1 0
402 1 0
402 1 0
404 1 0
404 1 0
405 1 0
405 1 0
406 1 0
406 1 0
407 1 0
407 1 0
408 1 0
408 1 0
409 1 0
409 1 0
410 1 0
410 1 0
241 1 0
241 1 0
412 1 0
412 1 0
413 1 0
413 1 0
414 1 0
414 1 0
415 1 0
415 1 0
416 1 0
416 1 0
417 1 0
417 1 0
418 1 0
418 1 0
419 1 0
419 1 0
420 1 0
420 1 0
421 1 0
421 1 0
422 1 0
422 1 0
423 1 0
423 1 0
424 1 0
424 1 0
425 1 0
425 1 0
426 1 0
426 1 0
427 1 0
427 1 0
428 1 0
428 1 0
429 1 0
429 1 0
430 1 0
430 1 0
431 1 0
431 1 0
432 1 0
432 1 0
433 1 0
433 1 0
434 1 0
434 1 0
435 1 0
435 1 0
436 1 0
436 1 0
437 1 0
437 1 0
438 1 0
438 1 0
439 1 0
439 1 0
440 1 0
440 1 0
441 1 0
441 1 0
442 1 0
442 1 0
443 1 0
443 1 0
444 1 0
444 1 0
445 1 0
445 1 0
446 1 0
446 1 0
447 1 0
447 1 0
448 1 0
448 1 0
449 1 0
449 1 0
450 1 0
450 1 0
451 1 0
451 1 0
452 1 0
452 1 0
453 1 0
453 1 0
454 1 0
454 1 0
455 1 0
455 1 0
456 1 0
456 1 0
457 1 0
457 1 0
458 1 0
458 1 0
459 1 0
459 1 0
460 1 0
460 1 0
461 1 0
461 1 0
462 1 0
462 1 0
463 1 0
463 1 0
464 1 0
464 1 0
465 1 0
465 1 0
466 1 0
466 1 0
467 1 0
467 1 0
468 1 0
468 1 0
469 1 0
469 1 0
470 1 0
470 1 0
471 1 0
471 1 0
472 1 0
472 1 0
473 1 0
473 1 0
474 1 0
474 1 0
475 1 0
475 1 0
476 1 0
476 1 0
477 1 0
477 1 0
478 1 0
478 1 0
479 1 0
479 1 0
480 1 0
480 1 0
481 1 0
481 1 0
482 1 0
482 1 0
483 1 0
483 1 0
484 2 0
484 2 0
485 1 0
485 1 0
486 1 0
486 1 0
487 1 0
487 1 0
488 1 0
488 1 0
489 1 0
489 1 0
490 1 0
490 1 0
491 1 0
491 1 0
492 1 0
492 1 0
493 1 0
493 1 0
494 1 0
494 1 0
495 1 0
495 1 0
496 1 0
496 1 0
497 1 0
497 1 0
498 1 0
498 1 0
499 1 0
499 1 0
500 1 0
500 1 0
501 1 0
501 1 0
502 1 0
502 1 0
503 1 0
503 1 0
504 1 0
504 1 0
505 1 0
505 1 0
506 1 0
506 1 0
507 1 0
507 1 0
508 1 0
508 1 0
509 1 0
509 1 0
510 1 0
510 1 0
511 1 0
511 1 0
512 1 0
512 1 0
513 1 0
513 1 0
514 2 0
514 2 0
515 1 0
515 1 0
516 1 0
516 1 0
517 1 0
517 1 0
518 1 0
518 1 0
519 1 0
519 1 0
521 1 0
521 1 0
522 1 0
522 1 0
523 1 0
523 1 0
524 1 0
524 1 0
525 1 0
525 1 0
526 1 0
526 1 0
527 1 0
527 1 0
528 1 0
528 1 0
529 1 0
529 1 0
530 1 0
530 1 0
531 1 0
531 1 0
532 1 0
532 1 0
533 1 0
533 1 0
534 1 0
534 1 0
535 1 0
535 1 0
536 1 0
536 1 0
537 1 0
537 1 0
538 1 0
538 1 0
539 1 0
539 1 0
540 1 0
540 1 0
541 2 0
541 2 0
542 1 0
542 1 0
543 1 0
543 1 0
544 1 0
544 1 0
545 1 0
545 1 0
546 1 0
546 1 0
547 1 0
547 1 0
548 1 0
548 1 0
549 1 0
549 1 0
550 1 0
550 1 0
551 1 0
551 1 0
552 1 0
552 1 0
553 1 0
553 1 0
554 1 0
554 1 0
555 1 0
555 1 0
556 1 0
556 1 0
557 1 0
557 1 0
558 1 0
558 1 0
559 1 0
559 1 0
560 1 0
560 1 0
561 1 0
561 1 0
562 1 0
562 1 0
563 1 0
563 1 0
564 1 0
564 1 0
565 1 0
565 1 0
566 1 0
566 1 0
567 1 0
567 1 0
568 1 0
568 1 0
569 1 0
569 1 0
570 1 0
570 1 0
571 1 0
571 1 0
572 1 0
572 1 0
573 1 0
573 1 0
574 1 0
574 1 0
575 1 0
575 1 0
576 1 0
576 1 0
424 1 0
424 1 0
578 1 0
578 1 0
579 1 0
579 1 0
580 1 0
580 1 0
581 1 0
581 1 0
582 1 0
582 1 0
583 1 0
583 1 0
584 1 0
584 1 0
585 1 0
585 1 0
586 1 0
586 1 0
587 1 0
587 1 0
588 1 0
588 1 0
589 1 0
589 1 0
590 1 0
590 1 0
591 1 0
591 1 0
592 1 0
592 1 0
593 1 0
593 1 0
594 1 0
594 1 0
595 1 0
595 1 0
596 1 0
596 1 0
597 1 0
597 1 0
598 1 0
598 1 0
599 1 0
599 1 0
600 1 0
600 1 0
601 1 0
601 1 0
602 1 0
602 1 0
603 1 0
603 1 0
604 1 0
604 1 0
605 1 0
605 1 0
606 1 0
606 1 0
607 1 0
607 1 0
608 1 0
608 1 0
609 1 0
609 1 0
610 1 0
610 1 0
611 1 0
611 1 0
612 1 0
612 1 0
613 1 0
613 1 0
614 1 0
614 1 0
615 1 0
615 1 0
616 1 0
616 1 0
618 1 0
618 1 0
619 1 0
619 1 0
620 1 0
620 1 0
621 1 0
621 1 0
622 1 0
622 1 0
623 1 0
623 1 0
624 1 0
624 1 0
625 1 0
625 1 0
626 1 0
626 1 0
627 1 0
627 1 0
628 1 0
628 1 0
629 1 0
629 1 0
630 1 0
630 1 0
631 1 0
631 1 0
632 1 0
632 1 0
633 1 0
633 1 0
634 1 0
634 1 0
635 1 0
635 1 0
636 1 0
636 1 0
637 1 0
637 1 0
638 1 0
638 1 0
639 2 0
639 2 0
640 1 0
640 1 0
641 1 0
641 1 0
642 1 0
642 1 0
643 1 0
643 1 0
644 1 0
644 1 0
645 1 0
645 1 0
646 1 0
646 1 0
647 1 0
647 1 0
648 1 0
648 1 0
649 1 0
649 1 0
650 1 0
650 1 0
651 1 0
651 1 0
652 1 0
652 1 0
653 1 0
653 1 0
654 1 0
654 1 0
655 1 0
655 1 0
656 1 0
656 1 0
657 1 0
657 1 0
658 1 0
658 1 0
659 1 0
659 1 0
660 1 0
660 1 0
661 1 0
661 1 0
662 1 0
662 1 0
663 1 0
663 1 0
664 1 0
664 1 0
665 1 0
665 1 0
666 1 0
666 1 0
667 1 0
667 1 0
668 1 0
668 1 0
669 1 0
669 1 0
670 1 0
670 1 0
671 1 0
671 1 0
672 1 0
672 1 0
673 1 0
673 1 0
674 1 0
674 1 0
675 1 0
675 1 0
676 1 0
676 1 0
677 1 0
677 1 0
678 1 0
678 1 0
679 1 0
679 1 0
680 1 0
680 1 0
681 1 0
681 1 0
682 1 0
682 1 0
683 1 0
683 1 0
684 1 0
684 1 0
685 1 0
685 1 0
686 1 0
686 1 0
687 1 0
687 1 0
688 1 0
688 1 0
689 1 0
689 1 0
690 1 0
690 1 0
691 1 0
691 1 0
692 1 0
692 1 0
693 1 0
693 1 0
694 1 0
694 1 0
695 1 0
695 1 0
696 1 0
696 1 0
697 1 0
697 1 0
698 1 0
698 1 0
699 1 0
699 1 0
700 1 0
700 1 0
701 1 0
701 1 0
702 1 0
702 1 0
703 1 0
703 1 0
704 1 0
704 1 0
705 1 0
705 1 0
706 1 0
706 1 0
707 1 0
707 1 0
708 1 0
708 1 0
709 1 0
709 1 0
710 1 0
710 1 0
711 1 0
711 1 0
712 1 0
712 1 0
713 1 0
713 1 0
714 1 0
714 1 0
715 1 0
715 1 0
716 1 0
716 1 0
717 1 0
717 1 0
718 1 0
718 1 0
719 1 0
719 1 0
720 2 0
720 2 0
721 1 0
721 1 0
722 1 0
722 1 0
723 1 0
723 1 0
724 1 0
724 1 0
725 1 0
725 1 0
727 1 0
727 1 0
728 1 0
728 1 0
729 1 0
729 1 0
730 1 0
730 1 0
731 1 0
731 1 0
732 1 0
732 1 0
733 1 0
733 1 0
734 1 0
734 1 0
735 1 0
735 1 0
736 1 0
736 1 0
737 1 0
737 1 0
738 1 0
738 1 0
739 1 0
739 1 0
740 1 0
740 1 0
741 1 0
741 1 0
742 1 0
742 1 0
743 1 0
743 1 0
744 1 0
744 1 0
745 1 0
745 1 0
746 1 0
746 1 0
747 1 0
747 1 0
748 1 0
748 1 0
749 1 0
749 1 0
750 1 0
750 1 0
751 1 0
751 1 0
752 1 0
752 1 0
753 1 0
753 1 0
754 1 0
754 1 0
755 1 0
755 1 0
756 1 0
756 1 0
757 1 0
757 1 0
758 1 0
758 1 0
759 1 0
759 1 0
760 1 0
760 1 0
761 1 0
761 1 0
762 1 0
762 1 0
763 1 0
763 1 0
764 1 0
764 1 0
765 1 0
765 1 0
766 1 0
766 1 0
767 1 0
767 1 0
768 1 0
768 1 0
769 1 0
769 1 0
770 1 0
770 1 0
771 1 0
771 1 0
772 1 0
772 1 0
773 1 0
773 1 0
774 1 0
774 1 0
775 1 0
775 1 0
776 1 0
776 1 0
777 1 0
777 1 0
778 1 0
778 1 0
779 1 0
779 1 0
780 1 0
780 1 0
781 1 0
781 1 0
782 1 0
782 1 0
783 1 0
783 1 0
784 1 0
784 1 0
785 1 0
785 1 0
786 1 0
786 1 0
787 1 0
787 1 0
788 1 0
788 1 0
789 1 0
789 1 0
790 1 0
790 1 0
791 1 0
791 1 0
792 1 0
792 1 0
793 1 0
793 1 0
794 1 0
794 1 0
795 1 0
795 1 0
796 1 0
796 1 0
797 1 0
797 1 0
798 1 0
798 1 0
799 1 0
799 1 0
800 1 0
800 1 0
801 1 0
801 1 0
802 1 0
802 1 0
803 1 0
803 1 0
804 1 0
804 1 0
805 1 0
805 1 0
806 1 0
806 1 0
807 1 0
807 1 0
808 1 0
808 1 0
809 1 0
809 1 0
810 1 0
810 1 0
811 1 0
811 1 0
302 1 0
302 1 0
813 1 0
813 1 0
814 1 0
814 1 0
815 1 0
815 1 0
816 1 0
816 1 0
817 1 0
817 1 0
818 1 0
818 1 0
819 1 0
819 1 0
820 1 0
820 1 0
821 1 0
821 1 0
822 1 0
822 1 0
823 1 0
823 1 0
824 1 0
824 1 0
825 1 0
825 1 0
826 1 0
826 1 0
827 1 0
827 1 0
828 1 0
828 1 0
829 1 0
829 1 0
830 1 0
830 1 0
831 1 0
831 1 0
832 1 0
832 1 0
833 1 0
833 1 0
834 1 0
834 1 0
835 1 0
835 1 0
836 1 0
836 1 0
837 1 0
837 1 0
838 1 0
838 1 0
839 1 0
839 1 0
840 1 0
840 1 0
841 1 0
841 1 0
842 1 0
842 1 0
843 1 0
843 1 0
844 1 0
844 1 0
845 1 0
845 1 0
846 1 0
846 1 0
847 1 0
847 1 0
848 1 0
848 1 0
849 1 0
849 1 0
850 1 0
850 1 0
851 1 0
851 1 0
852 1 0
852 1 0
853 1 0
853 1 0
854 1 0
854 1 0
855 1 0
855 1 0
856 1 0
856 1 0
857 1 0
857 1 0
858 1 0
858 1 0
859 1 0
859 1 0
860 1 0
860 1 0
861 1 0
861 1 0
862 2 0
862 2 0
863 1 0
863 1 0
864 1 0
864 1 0
865 1 0
865 1 0
866 1 0
866 1 0
867 1 0
867 1 0
868 1 0
868 1 0
869 1 0
869 1 0
870 1 0
870 1 0
871 1 0
871 1 0
872 1 0
872 1 0
873 1 0
873 1 0
874 1 0
874 1 0
875 1 0
875 1 0
876 1 0
876 1 0
877 1 0
877 1 0
878 1 0
878 1 0
879 1 0
879 1 0
880 1 0
880 1 0
881 1 0
881 1 0
882 1 0
882 1 0
883 1 0
883 1 0
884 1 0
884 1 0
885 1 0
885 1 0
886 1 0
886 1 0
887 1 0
887 1 0
888 1 0
888 1 0
889 1 0
889 1 0
890 1 0
890 1 0
891 1 0
891 1 0
892 1 0
892 1 0
893 1 0
893 1 0
894 1 0
894 1 0
895 1 0
895 1 0
896 1 0
896 1 0
897 1 0
897 1 0
898 1 0
898 1 0
899 1 0
899 1 0
900 1 0
900 1 0
901 1 0
901 1 0
902 1 0
902 1 0
903 1 0
903 1 0
904 1 0
904 1 0
905 1 0
905 1 0
906 1 0
906 1 0
907 1 0
907 1 0
908 1 0
908 1 0
909 1 0
909 1 0
910 1 0
910 1 0
911 1 0
911 1 0
912 1 0
912 1 0
913 1 0
913 1 0
914 1 0
914 1 0
915 1 0
915 1 0
916 1 0
916 1 0
917 1 0
917 1 0
918 1 0
918 1 0
919 1 0
919 1 0
920 1 0
920 1 0
921 1 0
921 1 0
922 1 0
922 1 0
923 1 0
923 1 0
924 1 0
924 1 0
925 1 0
925 1 0
926 1 0
926 1 0
927 1 0
927 1 0
928 1 0
928 1 0
929 1 0
929 1 0
930 1 0
930 1 0
931 1 0
931 1 0
932 1 0
932 1 0
933 1 0
933 1 0
934 1 0
934 1 0
935 1 0
935 1 0
936 1 0
936 1 0
937 1 0
937 1 0
938 1 0
938 1 0
939 1 0
939 1 0
940 1 0
940 1 0
941 1 0
941 1 0
942 1 0
942 1 0
943 1 0
943 1 0
944 1 0
944 1 0
945 1 0
945 1 0
946 1 0
946 1 0
947 1 0
947 1 0
948 1 0
948 1 0
949 1 0
949 1 0
950 1 0
950 1 0
951 1 0
951 1 0
952 1 0
952 1 0
953 1 0
953 1 0
954 1 0
954 1 0
955 1 0
955 1 0
956 1 0
956 1 0
957 1 0
957 1 0
958 1 0
958 1 0
959 1 0
959 1 0
960 1 0
960 1 0
961 1 0
961 1 0
962 1 0
962 1 0
963 1 0
963 1 0
964 1 0
964 1 0
965 1 0
965 1 0
966 1 0
966 1 0
967 1 0
967 1 0
968 1 0
968 1 0
969 1 0
969 1 0
970 1 0
970 1 0
971 1 0
971 1 0
972 1 0
972 1 0
973 1 0
973 1 0
974 1 0
974 1 0
975 1 0
975 1 0
976 1 0
976 1 0
977 1 0
977 1 0
978 1 0
978 1 0
979 1 0
979 1 0
980 1 0
980 1 0
981 1 0
981 1 0
982 1 0
982 1 0
983 1 0
983 1 0
984 1 0
984 1 0
985 1 0
985 1 0
986 1 0
986 1 0
987 1 0
987 1 0
988 1 0
988 1 0
989 1 0
989 1 0
990 1 0
990 1 0
991 1 0
991 1 0
992 1 0
992 1 0
993 2 0
993 2 0
994 1 0
994 1 0
995 1 0
995 1 0
996 1 0
996 1 0
997 1 0
997 1 0
998 1 0
998 1 0
999 1 0
999 1 0
1000 1 0
1000 1 0
999 1 0
999 1 758
999 1 0
1000 1 0
1000 1 640
1000 1 777
1000 1 554
1000 1 998
1000 1 0
1000 1 0
1000 1 847
1000 1 311
1000 1 0
1000 1 0
1000 1 59
1000 1 750
1000 1 535
1000 1 1012
1000 1 0
1000 1 0
998 1 0
998 1 999
998 1 622
998 1 719
998 1 573
998 1 942
998 1 883
998 1 265
998 1 994
998 1 0
998 1 0
999 1 0
999 1 309
999 1 298
999 1 0
1000 1 0
1000 1 877
1000 1 0
999 2 0
999 2 281
999 2 798
999 2 532
999 2 423
999 2 544
999 2 0
1000 1 0
1000 1 792
1000 1 534
1000 1 458
1000 1 613
1000 1 488
1000 1 187
1000 1 0
1000 1 0
1000 1 0
1000 1 0
999 2 0
999 2 830
999 2 625
999 2 238
999 2 859
999 2 882
999 2 299
999 2 0
999 2 607
999 2 0
1000 1 0
1000 1 224
1000 1 596
1000 1 364
1000 1 0
1000 1 0
1000 1 0
1000 1 789
1000 1 0
1000 1 0
1000 1 770
1000 1 422
1000 1 0
1000 1 0
1000 1 0
1000 1 139
1000 1 638
1000 1 0
1000 1 0
998 1 0
998 1 941
998 1 310
998 1 943
998 1 685
998 1 936
998 1 656
998 1 630
998 1 0
998 1 0
998 1 0
998 1 0
999 1 0
999 1 530
999 1 165
999 1 0
998 1 0
998 1 927
998 1 251
998 1 318
998 1 461
998 1 346
998 1 90
998 1 0
998 1 0
999 1 0
999 1 950
999 1 720
999 1 560
999 1 297
999 1 0
999 1 0
998 1 0
998 1 862
998 1 744
998 1 839
998 1 917
998 1 6
998 1 89
998 1 0
998 1 0
999 1 0
999 1 98
999 1 986
999 1 502
999 1 0
999 1 0
999 1 0
999 1 818
999 1 0
998 2 0
998 2 746
998 2 429
998 2 273
998 2 735
998 2 172
998 2 761
998 2 301
998 2 0
998 2 0
998 2 0
998 2 0
999 1 0
999 1 903
999 1 313
999 1 988
999 1 0
999 1 0
999 1 626
999 1 367
999 1 0
998 1 0
998 1 249
998 1 240
998 1 0
998 1 0
998 1 0
998 1 406
998 1 222
998 1 0
998 1 0
998 1 0
998 1 995
998 1 786
998 1 0
280 1 0
280 1 0
998 1 0
998 1 14
998 1 855
998 1 0
999 1 0
999 1 0
1000 1 0
1000 1 0
999 1 0
999 1 598
999 1 681
999 1 331
999 1 526
999 1 116
999 1 499
999 1 0
999 1 0
1000 1 0
1000 1 322
1000 1 0
1000 1 0
999 1 0
999 1 788
999 1 374
999 1 522
999 1 305
999 1 0
999 1 0
1000 1 0
1000 1 0
999 2 0
999 2 627
999 2 703
999 2 464
999 2 635
999 2 245
999 2 0
999 2 0
999 2 0
999 2 0
1000 1 0
1000 1 773
1000 1 0
1000 1 0
1000 1 823
1000 1 414
1000 1 632
1000 1 0
1000 1 0
999 1 0
999 1 867
999 1 566
999 1 202
999 1 0
999 1 0
299 1 0
299 1 0
999 1 0
999 1 893
999 1 184
999 1 747
999 1 674
999 1 0
999 1 0
999 1 0
999 1 39
999 1 143
999 1 0
999 1 0
999 1 0
999 1 359
999 1 0
999 1 0
1000 1 0
1000 1 26
1000 1 0
1000 1 0
999 1 0
999 1 262
999 1 213
999 1 584
999 1 0
999 1 0
1000 1 0
1000 1 317
1000 1 811
1000 1 0
999 2 0
999 2 955
999 2 606
999 2 542
999 2 707
999 2 246
999 2 40
999 2 990
999 2 844
999 2 360
999 2 223
999 2 0
1000 1 0
1000 1 730
1000 1 930
1000 1 0
1000 1 0
1000 1 0
999 1 0
999 1 759
999 1 975
999 1 570
999 1 772
999 1 920
999 1 0
999 1 0
998 1 0
998 1 853
998 1 109
998 1 387
998 1 82
998 1 0
998 1 0
997 1 0
997 1 137
997 1 131
997 1 268
997 1 0
997 1 0
997 1 0
997 1 252
997 1 0
997 1 0
