total cost: 349637
1 2 0
1 2 553
1 2 288
1 2 767
1 2 0
1 2 0
1 2 616
1 2 180
1 2 257
1 2 932
1 2 0
2 1 0
2 1 220
2 1 802
2 1 0
2 1 0
2 1 463
2 1 539
2 1 693
2 1 0
3 1 0
3 1 254
3 1 577
3 1 408
3 1 801
3 1 459
3 1 0
3 1 0
3 1 790
3 1 0
3 1 0
3 1 141
3 1 0
4 2 0
4 2 645
4 2 865
4 2 189
4 2 428
4 2 0
4 2 0
4 2 307
4 2 793
4 2 654
4 2 0
5 2 0
5 2 605
5 2 593
5 2 754
5 2 947
5 2 974
5 2 716
5 2 525
5 2 8
5 2 476
5 2 205
5 2 0
6 2 0
6 2 57
6 2 843
6 2 281
6 2 717
6 2 532
6 2 423
6 2 544
6 2 304
6 2 114
6 2 0
7 2 0
7 2 856
7 2 763
7 2 831
7 2 939
7 2 0
7 2 0
7 2 954
7 2 161
7 2 652
7 2 520
7 2 535
7 2 0
8 1 0
8 1 354
8 1 442
8 1 749
8 1 319
8 1 401
8 1 0
8 1 0
8 1 0
9 2 0
9 2 170
9 2 400
9 2 798
9 2 468
9 2 641
9 2 742
9 2 0
10 2 0
10 2 154
10 2 0
10 2 0
10 2 37
10 2 855
10 2 269
10 2 397
10 2 212
10 2 0
11 1 0
11 1 462
11 1 813
11 1 478
11 1 975
11 1 0
11 1 0
11 1 454
11 1 283
11 1 919
11 1 475
11 1 0
12 2 0
12 2 4
12 2 911
12 2 899
12 2 250
12 2 826
12 2 759
12 2 0
12 2 0
12 2 124
12 2 229
12 2 799
12 2 0
13 1 0
13 1 689
13 1 380
13 1 783
13 1 217
13 1 897
13 1 815
13 1 0
14 2 0
14 2 710
14 2 440
14 2 391
14 2 107
14 2 732
14 2 0
14 2 0
14 2 0
15 2 0
15 2 501
15 2 682
15 2 922
15 2 101
15 2 700
15 2 470
15 2 477
15 2 360
15 2 223
15 2 0
16 1 0
16 1 602
16 1 237
16 1 0
16 1 0
16 1 164
16 1 0
17 2 0
17 2 92
17 2 216
17 2 418
17 2 323
17 2 178
17 2 208
17 2 668
17 2 0
18 2 0
18 2 714
18 2 293
18 2 0
19 1 0
19 1 612
19 1 591
19 1 504
19 1 0
20 2 0
20 2 841
20 2 7
20 2 543
20 2 992
20 2 437
20 2 40
20 2 246
20 2 990
20 2 844
20 2 0
20 2 0
20 2 0
21 1 0
21 1 284
21 1 58
21 1 264
21 1 99
21 1 807
21 1 0
22 1 0
22 1 570
22 1 510
22 1 810
22 1 356
22 1 0
23 2 0
23 2 565
23 2 850
23 2 871
23 2 541
23 2 338
23 2 204
23 2 563
23 2 964
23 2 0
23 2 0
23 2 0
24 2 0
24 2 489
24 2 741
24 2 721
24 2 923
24 2 436
24 2 0
24 2 0
24 2 0
25 2 0
25 2 291
25 2 542
25 2 266
25 2 399
25 2 680
25 2 873
25 2 438
25 2 581
25 2 509
25 2 0
25 2 0
25 2 0
26 1 0
26 1 846
26 1 473
26 1 949
26 1 692
26 1 852
26 1 0
26 1 0
26 1 0
27 2 0
27 2 820
27 2 925
27 2 9
27 2 324
27 2 648
27 2 0
27 2 0
27 2 590
27 2 0
28 2 0
28 2 128
28 2 866
28 2 54
28 2 292
28 2 84
28 2 709
28 2 885
28 2 776
28 2 0
28 2 0
28 2 0
29 1 0
29 1 63
29 1 910
29 1 524
29 1 279
29 1 785
29 1 0
29 1 0
29 1 0
30 2 0
30 2 816
30 2 863
30 2 868
30 2 609
30 2 349
30 2 0
30 2 0
30 2 171
30 2 276
30 2 784
30 2 125
30 2 0
31 2 0
31 2 158
31 2 531
31 2 806
31 2 814
31 2 93
31 2 945
31 2 880
31 2 345
31 2 0
32 2 0
32 2 389
32 2 538
32 2 446
32 2 580
32 2 232
32 2 808
32 2 495
32 2 512
32 2 0
33 2 0
33 2 113
33 2 456
33 2 102
33 2 351
33 2 921
33 2 0
33 2 0
33 2 561
33 2 967
33 2 508
33 2 0
34 2 0
34 2 738
34 2 796
34 2 644
34 2 608
34 2 447
34 2 0
34 2 0
34 2 352
34 2 230
34 2 0
35 1 0
35 1 907
35 1 666
35 1 207
35 1 168
35 1 71
35 1 44
35 1 383
35 1 545
35 1 0
35 1 0
35 1 0
35 1 0
36 2 0
36 2 36
36 2 611
36 2 647
36 2 255
36 2 455
36 2 724
36 2 0
36 2 0
36 2 0
37 2 0
37 2 529
37 2 603
37 2 934
37 2 676
37 2 969
37 2 803
37 2 516
37 2 0
38 2 0
38 2 17
38 2 715
38 2 781
38 2 425
38 2 79
38 2 586
38 2 38
38 2 0
38 2 0
38 2 0
39 2 0
39 2 441
39 2 329
39 2 88
39 2 365
39 2 0
39 2 0
39 2 600
39 2 837
39 2 0
40 2 0
40 2 606
40 2 955
40 2 562
40 2 752
40 2 410
40 2 664
40 2 0
40 2 0
40 2 678
40 2 200
40 2 0
41 2 0
41 2 153
41 2 453
41 2 991
41 2 578
41 2 0
41 2 0
41 2 64
41 2 791
41 2 940
41 2 191
41 2 0
42 2 0
42 2 14
42 2 335
42 2 193
42 2 840
42 2 0
42 2 0
42 2 472
42 2 906
42 2 0
43 1 0
43 1 133
43 1 707
43 1 106
43 1 677
43 1 314
43 1 259
43 1 0
43 1 0
43 1 0
44 2 0
44 2 45
44 2 809
44 2 930
44 2 771
44 2 492
44 2 977
44 2 396
44 2 685
44 2 0
44 2 0
44 2 0
45 2 0
45 2 336
45 2 369
45 2 426
45 2 0
45 2 0
45 2 909
45 2 971
45 2 965
45 2 734
45 2 0
46 2 0
46 2 679
46 2 753
46 2 838
46 2 342
46 2 0
47 2 0
47 2 817
47 2 751
47 2 157
47 2 199
47 2 485
47 2 0
47 2 0
47 2 148
47 2 0
48 1 0
48 1 394
48 1 78
48 1 929
48 1 705
48 1 0
49 2 0
49 2 435
49 2 686
49 2 160
49 2 0
49 2 0
49 2 0
50 2 0
50 2 513
50 2 661
50 2 23
50 2 0
50 2 0
50 2 0
51 2 0
51 2 518
51 2 497
51 2 610
51 2 894
51 2 25
51 2 726
51 2 758
51 2 0
51 2 0
51 2 86
51 2 0
52 2 0
52 2 650
52 2 398
52 2 0
53 1 0
53 1 576
53 1 0
54 2 0
54 2 980
54 2 289
54 2 675
54 2 309
54 2 0
54 2 0
54 2 0
55 2 0
55 2 550
55 2 74
55 2 0
55 2 0
55 2 0
56 2 0
56 2 41
56 2 417
56 2 918
56 2 779
56 2 0
56 2 0
56 2 0
57 1 0
57 1 699
57 1 996
57 1 870
57 1 0
57 1 0
57 1 248
57 1 136
57 1 0
58 1 0
58 1 646
58 1 334
58 1 938
58 1 755
58 1 0
58 1 0
58 1 876
58 1 944
58 1 669
58 1 857
58 1 0
59 1 0
59 1 340
59 1 188
59 1 0
59 1 0
59 1 290
59 1 0
59 1 0
59 1 95
59 1 0
60 2 0
60 2 989
60 2 233
60 2 134
60 2 175
60 2 0
60 2 0
60 2 970
60 2 748
60 2 481
60 2 630
60 2 0
60 2 0
60 2 0
61 1 0
61 1 392
61 1 366
61 1 0
61 1 0
61 1 181
61 1 937
61 1 211
61 1 761
61 1 0
62 2 0
62 2 902
62 2 663
62 2 376
62 2 601
62 2 515
62 2 0
62 2 0
62 2 0
63 2 0
63 2 275
63 2 310
63 2 973
63 2 118
63 2 0
63 2 0
63 2 166
63 2 0
64 1 0
64 1 151
64 1 457
64 1 119
64 1 301
64 1 0
65 2 0
65 2 673
65 2 887
65 2 891
65 2 571
65 2 883
65 2 942
65 2 265
65 2 727
65 2 0
65 2 0
65 2 0
66 2 0
66 2 511
66 2 777
66 2 494
66 2 80
66 2 490
66 2 835
66 2 0
66 2 0
66 2 0
67 2 0
67 2 943
67 2 941
67 2 413
67 2 214
67 2 0
67 2 0
67 2 568
67 2 135
67 2 0
68 2 0
68 2 321
68 2 655
68 2 0
68 2 0
68 2 694
68 2 936
68 2 434
68 2 0
69 2 0
69 2 186
69 2 81
69 2 628
69 2 172
69 2 595
69 2 587
69 2 0
70 2 0
70 2 756
70 2 794
70 2 874
70 2 445
70 2 348
70 2 523
70 2 995
70 2 0
70 2 0
70 2 0
70 2 0
71 1 0
71 1 150
71 1 419
71 1 621
71 1 0
71 1 0
71 1 47
71 1 0
72 1 0
72 1 430
72 1 764
72 1 997
72 1 800
72 1 778
72 1 0
72 1 0
72 1 94
72 1 311
72 1 0
72 1 0
72 1 0
73 2 0
73 2 854
73 2 59
73 2 659
73 2 173
73 2 848
73 2 750
73 2 0
73 2 0
73 2 0
74 2 0
74 2 328
74 2 126
74 2 730
74 2 0
74 2 0
74 2 183
74 2 471
74 2 847
74 2 287
74 2 0
74 2 0
74 2 0
75 2 0
75 2 411
75 2 574
75 2 582
75 2 875
75 2 122
75 2 983
75 2 0
75 2 0
75 2 11
75 2 0
76 2 0
76 2 226
76 2 656
76 2 672
76 2 824
76 2 0
76 2 0
76 2 0
77 2 0
77 2 960
77 2 536
77 2 0
78 2 0
78 2 18
78 2 458
78 2 622
78 2 573
78 2 187
78 2 626
78 2 0
78 2 0
78 2 27
78 2 0
79 1 0
79 1 564
79 1 695
79 1 627
79 1 0
80 1 0
80 1 273
80 1 797
80 1 805
80 1 466
80 1 0
80 1 0
80 1 757
80 1 812
80 1 624
80 1 0
81 2 0
81 2 30
81 2 660
81 2 735
81 2 484
81 2 948
81 2 0
82 2 0
82 2 177
82 2 701
82 2 34
82 2 339
82 2 526
82 2 928
82 2 0
83 2 0
83 2 404
83 2 0
83 2 0
83 2 861
83 2 393
83 2 818
83 2 127
83 2 0
83 2 0
83 2 0
84 2 0
84 2 718
84 2 0
84 2 0
84 2 0
85 2 0
85 2 604
85 2 91
85 2 789
85 2 0
86 2 0
86 2 697
86 2 272
86 2 0
86 2 0
86 2 557
86 2 0
87 1 0
87 1 85
87 1 493
87 1 97
87 1 465
87 1 881
87 1 0
87 1 0
87 1 0
88 2 0
88 2 640
88 2 554
88 2 559
88 2 555
88 2 15
88 2 432
88 2 140
88 2 904
88 2 0
88 2 0
89 2 0
89 2 167
89 2 830
89 2 819
89 2 0
89 2 0
89 2 480
89 2 994
89 2 412
89 2 0
90 2 0
90 2 999
90 2 332
90 2 792
90 2 613
90 2 488
90 2 0
90 2 0
90 2 479
90 2 28
90 2 24
90 2 0
91 2 0
91 2 429
91 2 927
91 2 318
91 2 346
91 2 461
91 2 104
91 2 90
91 2 0
91 2 0
92 1 0
92 1 31
92 1 849
92 1 402
92 1 558
92 1 706
92 1 201
92 1 0
92 1 0
92 1 0
92 1 0
93 2 0
93 2 341
93 2 719
93 2 839
93 2 145
93 2 0
93 2 0
93 2 877
93 2 298
93 2 0
94 2 0
94 2 282
94 2 296
94 2 0
94 2 0
94 2 662
94 2 619
94 2 895
94 2 0
95 1 0
95 1 746
95 1 988
95 1 0
95 1 0
95 1 218
95 1 116
95 1 811
95 1 0
95 1 0
95 1 0
96 2 0
96 2 247
96 2 908
96 2 728
96 2 498
96 2 0
96 2 0
96 2 496
96 2 0
97 2 0
97 2 782
97 2 862
97 2 596
97 2 467
97 2 842
97 2 10
97 2 0
98 1 0
98 1 0
99 2 0
99 2 657
99 2 144
99 2 0
99 2 0
99 2 951
99 2 245
99 2 53
99 2 503
99 2 617
99 2 0
100 2 0
100 2 420
100 2 131
100 2 196
100 2 448
100 2 331
100 2 326
100 2 373
100 2 0
100 2 0
100 2 0
100 2 0
101 2 0
101 2 149
101 2 534
101 2 460
101 2 725
101 2 0
101 2 0
101 2 546
101 2 607
101 2 0
102 2 0
102 2 294
102 2 950
102 2 683
102 2 406
102 2 82
102 2 0
103 1 0
103 1 642
103 1 327
103 1 615
103 1 253
103 1 760
103 1 0
103 1 0
103 1 0
103 1 0
104 1 0
104 1 530
104 1 920
104 1 772
104 1 0
105 2 0
105 2 367
105 2 786
105 2 0
105 2 0
105 2 0
106 1 0
106 1 665
106 1 522
106 1 872
106 1 0
106 1 0
106 1 0
106 1 182
106 1 0
107 2 0
107 2 898
107 2 66
107 2 0
108 2 0
108 2 251
108 2 773
108 2 98
108 2 635
108 2 632
108 2 711
108 2 0
108 2 0
108 2 0
108 2 0
109 2 0
109 2 703
109 2 827
109 2 156
109 2 823
109 2 548
109 2 0
109 2 0
109 2 0
110 1 0
110 1 828
110 1 0
110 1 0
110 1 414
110 1 740
110 1 505
110 1 0
110 1 0
110 1 0
111 2 0
111 2 720
111 2 986
111 2 464
111 2 0
111 2 0
111 2 330
111 2 322
111 2 0
112 2 0
112 2 313
112 2 903
112 2 502
112 2 303
112 2 450
112 2 959
112 2 308
112 2 49
112 2 0
112 2 0
112 2 0
112 2 0
113 2 0
113 2 190
113 2 698
113 2 832
113 2 976
113 2 905
113 2 890
113 2 579
113 2 829
113 2 0
113 2 0
114 2 0
114 2 109
114 2 853
114 2 825
114 2 387
114 2 0
114 2 0
114 2 221
114 2 112
114 2 83
114 2 0
115 1 0
115 1 142
115 1 634
115 1 972
115 1 316
115 1 978
115 1 0
115 1 0
115 1 0
115 1 0
116 1 0
116 1 998
116 1 653
116 1 598
116 1 0
116 1 0
116 1 0
116 1 638
116 1 0
116 1 0
116 1 0
117 2 0
117 2 364
117 2 743
117 2 860
117 2 723
117 2 236
117 2 46
117 2 912
117 2 0
117 2 0
118 2 0
118 2 712
118 2 249
118 2 681
118 2 0
118 2 0
118 2 202
118 2 0
119 1 0
119 1 407
119 1 385
119 1 651
119 1 834
119 1 263
119 1 0
119 1 0
119 1 0
119 1 0
120 2 0
120 2 42
120 2 690
120 2 123
120 2 73
120 2 381
120 2 0
121 1 0
121 1 271
121 1 357
121 1 297
121 1 845
121 1 295
121 1 0
121 1 0
122 2 0
122 2 670
122 2 636
122 2 733
122 2 415
122 2 737
122 2 0
122 2 0
122 2 0
122 2 0
123 2 0
123 2 409
123 2 981
123 2 507
123 2 649
123 2 491
123 2 433
123 2 242
123 2 0
123 2 0
123 2 0
123 2 0
124 2 0
124 2 240
124 2 377
124 2 0
124 2 0
124 2 69
124 2 1000
124 2 68
124 2 0
125 2 0
125 2 744
125 2 625
125 2 384
125 2 210
125 2 60
125 2 6
125 2 146
125 2 667
125 2 76
125 2 0
125 2 0
126 2 0
126 2 514
126 2 916
126 2 162
126 2 691
126 2 962
126 2 633
126 2 984
126 2 795
126 2 0
126 2 0
127 1 0
127 1 917
127 1 859
127 1 882
127 1 299
127 1 378
127 1 585
127 1 0
127 1 0
127 1 0
127 1 0
128 1 0
128 1 32
128 1 924
128 1 0
128 1 0
128 1 0
128 1 305
128 1 0
129 1 0
129 1 722
129 1 224
129 1 238
129 1 117
129 1 0
129 1 0
129 1 0
129 1 588
129 1 506
129 1 0
130 1 0
130 1 982
130 1 953
130 1 306
130 1 0
130 1 0
130 1 0
130 1 765
130 1 913
130 1 0
130 1 0
130 1 0
131 1 0
131 1 374
131 1 788
131 1 137
131 1 325
131 1 0
131 1 0
131 1 0
131 1 222
131 1 0
131 1 0
131 1 0
132 2 0
132 2 320
132 2 893
132 2 597
132 2 517
132 2 286
132 2 486
132 2 915
132 2 552
132 2 252
132 2 0
132 2 0
132 2 0
132 2 0
133 1 0
133 1 22
133 1 867
133 1 0
133 1 0
133 1 0
133 1 382
133 1 704
133 1 0
133 1 0
134 2 0
134 2 277
134 2 914
134 2 56
134 2 858
134 2 560
134 2 0
134 2 0
135 2 0
135 2 566
135 2 0
135 2 0
135 2 195
135 2 993
135 2 0
136 1 0
136 1 449
136 1 194
136 1 0
136 1 0
136 1 0
136 1 5
136 1 155
136 1 0
136 1 0
136 1 0
136 1 0
137 1 0
137 1 317
137 1 0
137 1 0
137 1 0
138 1 0
138 1 243
138 1 684
138 1 884
138 1 0
138 1 0
138 1 0
138 1 372
138 1 0
138 1 0
138 1 0
139 1 0
139 1 370
139 1 244
139 1 946
139 1 528
139 1 361
139 1 0
139 1 0
139 1 0
139 1 0
140 1 0
140 1 0
141 2 0
141 2 745
141 2 0
141 2 0
141 2 556
141 2 499
141 2 0
142 1 0
142 1 184
142 1 0
142 1 0
142 1 165
142 1 0
142 1 0
142 1 0
143 2 0
143 2 643
143 2 747
143 2 623
143 2 0
143 2 0
143 2 0
143 2 163
143 2 0
144 1 0
144 1 176
144 1 674
144 1 618
144 1 0
144 1 0
144 1 0
144 1 0
145 1 0
145 1 966
145 1 129
145 1 878
145 1 206
145 1 519
145 1 121
145 1 0
145 1 0
145 1 0
145 1 0
146 2 0
146 2 569
146 2 979
146 2 0
146 2 0
146 2 0
147 2 0
147 2 198
147 2 227
147 2 347
147 2 225
147 2 0
147 2 0
147 2 0
147 2 87
147 2 55
147 2 0
148 2 0
148 2 35
148 2 567
148 2 533
148 2 963
148 2 353
148 2 443
148 2 639
148 2 961
148 2 0
148 2 0
148 2 0
148 2 0
149 2 0
149 2 267
149 2 21
149 2 363
149 2 892
149 2 139
149 2 138
149 2 375
149 2 0
149 2 0
149 2 0
149 2 0
150 2 0
150 2 268
150 2 197
150 2 241
150 2 599
150 2 0
150 2 0
150 2 0
150 2 0
151 2 0
151 2 416
151 2 100
151 2 900
151 2 280
151 2 879
151 2 0
151 2 0
151 2 0
151 2 0
152 2 0
152 2 368
152 2 174
152 2 769
152 2 427
152 2 105
152 2 671
152 2 952
152 2 0
152 2 0
152 2 0
152 2 0
153 1 0
153 1 120
153 1 931
153 1 851
153 1 358
153 1 0
153 1 0
153 1 0
153 1 451
153 1 0
154 2 0
154 2 482
154 2 379
154 2 768
154 2 159
154 2 285
154 2 629
154 2 96
154 2 75
154 2 0
154 2 0
154 2 0
154 2 0
155 1 0
155 1 333
155 1 864
155 1 836
155 1 3
155 1 0
155 1 0
156 1 0
156 1 72
156 1 901
156 1 209
156 1 386
156 1 0
156 1 0
157 1 0
157 1 61
157 1 631
157 1 16
157 1 388
157 1 702
157 1 0
157 1 0
157 1 0
157 1 0
158 1 0
158 1 103
158 1 261
158 1 736
158 1 766
158 1 0
158 1 0
158 1 0
158 1 130
158 1 0
159 2 0
159 2 770
159 2 302
159 2 833
159 2 658
159 2 0
159 2 0
159 2 0
159 2 0
160 2 0
160 2 256
160 2 215
160 2 355
160 2 147
160 2 278
160 2 589
160 2 787
160 2 0
160 2 0
160 2 0
160 2 0
161 2 0
161 2 549
161 2 687
161 2 48
161 2 537
161 2 731
161 2 620
161 2 0
161 2 0
162 1 0
162 1 483
162 1 343
162 1 575
162 1 0
162 1 0
162 1 0
162 1 362
162 1 0
163 2 0
163 2 115
163 2 821
163 2 452
163 2 926
163 2 696
163 2 896
163 2 547
163 2 0
163 2 0
163 2 0
163 2 0
164 2 0
164 2 52
164 2 804
164 2 933
164 2 0
164 2 0
164 2 0
164 2 713
164 2 65
164 2 0
164 2 0
165 2 0
165 2 228
165 2 350
165 2 594
165 2 551
165 2 0
165 2 0
165 2 0
165 2 0
166 2 0
166 2 403
166 2 422
166 2 300
166 2 239
166 2 337
166 2 0
166 2 0
166 2 0
166 2 0
167 1 0
167 1 20
167 1 132
167 1 39
167 1 50
167 1 0
167 1 344
167 1 739
167 1 888
167 1 0
167 1 0
168 1 0
168 1 203
168 1 405
168 1 390
168 1 62
168 1 584
168 1 0
168 1 0
168 1 0
168 1 0
169 2 0
169 2 111
169 2 487
169 2 637
169 2 1
169 2 213
169 2 0
169 2 0
169 2 0
169 2 0
170 1 0
170 1 312
170 1 70
170 1 614
170 1 110
170 1 0
170 1 0
170 1 0
170 1 0
171 1 0
171 1 258
171 1 968
171 1 729
171 1 0
171 1 0
171 1 0
171 1 439
171 1 315
171 1 0
171 1 0
172 2 0
172 2 592
172 2 775
172 2 935
172 2 762
172 2 192
172 2 469
172 2 0
172 2 0
172 2 0
172 2 0
173 1 0
173 1 260
173 1 231
173 1 0
173 1 0
174 2 0
174 2 262
174 2 500
174 2 572
174 2 527
174 2 235
174 2 889
174 2 0
174 2 0
174 2 0
174 2 0
175 1 0
175 1 234
175 1 956
175 1 987
175 1 0
175 1 0
175 1 0
175 1 0
176 2 0
176 2 822
176 2 0
176 2 0
176 2 0
176 2 0
177 1 0
177 1 521
177 1 774
177 1 0
177 1 0
177 1 0
177 1 0
178 2 0
178 2 270
178 2 371
178 2 0
178 2 0
178 2 0
178 2 0
179 2 0
179 2 431
179 2 77
179 2 869
179 2 0
179 2 0
180 2 0
180 2 886
180 2 958
180 2 179
180 2 51
180 2 359
180 2 957
180 2 0
180 2 0
180 2 0
180 2 0
181 2 0
181 2 444
181 2 474
181 2 985
181 2 421
181 2 19
181 2 0
181 2 0
182 1 0
182 1 219
182 1 169
182 1 0
182 1 0
182 1 0
182 1 0
183 1 0
183 1 688
183 1 67
183 1 780
183 1 0
183 1 395
183 1 708
183 1 0
183 1 0
183 1 0
183 1 0
184 1 0
184 1 143
184 1 540
184 1 0
184 1 152
184 1 0
184 1 0
185 1 0
185 1 185
185 1 424
185 1 0
185 1 0
185 1 0
185 1 274
185 1 0
185 1 0
186 2 0
186 2 26
186 2 583
186 2 0
186 2 108
186 2 12
186 2 0
186 2 0
187 1 0
187 1 89
187 1 0
188 1 0
188 1 43
188 1 0
189 1 0
189 1 33
189 1 0
190 1 0
190 1 29
190 1 0
191 1 0
191 1 13
191 1 0
191 1 0
192 1 0
192 1 2
192 1 0
