total cost: 336592
1 2 0
1 2 553
1 2 288
1 2 767
1 2 0
1 2 0
1 2 307
1 2 793
1 2 0
1 2 0
1 2 141
1 2 0
2 2 0
2 2 220
2 2 802
2 2 577
2 2 254
2 2 170
2 2 749
2 2 0
2 2 0
2 2 654
2 2 520
2 2 0
3 1 0
3 1 463
3 1 539
3 1 462
3 1 693
3 1 0
4 1 0
4 1 801
4 1 754
4 1 593
4 1 974
4 1 716
4 1 525
4 1 476
4 1 0
5 1 0
5 1 616
5 1 180
5 1 319
5 1 423
5 1 932
5 1 257
5 1 0
5 1 0
5 1 0
6 2 0
6 2 645
6 2 865
6 2 189
6 2 442
6 2 92
6 2 717
6 2 532
6 2 0
6 2 0
6 2 0
7 2 0
7 2 408
7 2 947
7 2 602
7 2 284
7 2 171
7 2 742
7 2 0
8 2 0
8 2 281
8 2 57
8 2 954
8 2 161
8 2 652
8 2 591
8 2 504
8 2 0
9 1 0
9 1 605
9 1 856
9 1 689
9 1 798
9 1 544
9 1 380
9 1 0
9 1 0
9 1 0
10 2 0
10 2 354
10 2 154
10 2 0
10 2 0
10 2 790
10 2 230
10 2 535
10 2 0
10 2 0
10 2 0
11 1 0
11 1 843
11 1 391
11 1 440
11 1 710
11 1 0
11 1 0
11 1 0
12 2 0
12 2 37
12 2 389
12 2 855
12 2 808
12 2 512
12 2 397
12 2 212
12 2 0
13 2 0
13 2 459
13 2 454
13 2 283
13 2 124
13 2 401
13 2 229
13 2 0
14 1 0
14 1 4
14 1 250
14 1 911
14 1 899
14 1 826
14 1 468
14 1 783
14 1 470
14 1 477
14 1 0
14 1 0
14 1 0
15 2 0
15 2 164
15 2 64
15 2 304
15 2 205
15 2 114
15 2 0
16 1 0
16 1 813
16 1 478
16 1 0
16 1 0
16 1 8
16 1 561
16 1 475
16 1 799
16 1 0
17 2 0
17 2 763
17 2 831
17 2 501
17 2 400
17 2 101
17 2 700
17 2 106
17 2 217
17 2 897
17 2 345
17 2 0
17 2 0
17 2 0
18 2 0
18 2 714
18 2 248
18 2 510
18 2 356
18 2 0
19 1 0
19 1 841
19 1 7
19 1 543
19 1 992
19 1 437
19 1 967
19 1 678
19 1 508
19 1 0
20 1 0
20 1 570
20 1 759
20 1 0
20 1 0
20 1 919
20 1 148
20 1 293
20 1 0
21 1 0
21 1 565
21 1 871
21 1 850
21 1 58
21 1 0
21 1 0
21 1 975
21 1 810
21 1 276
21 1 0
21 1 0
21 1 0
22 1 0
22 1 428
22 1 820
22 1 54
22 1 741
22 1 0
22 1 0
22 1 612
22 1 590
22 1 269
22 1 0
23 1 0
23 1 291
23 1 542
23 1 707
23 1 246
23 1 40
23 1 0
23 1 0
23 1 0
24 2 0
24 2 473
24 2 863
24 2 816
24 2 868
24 2 609
24 2 0
24 2 0
24 2 641
24 2 0
25 1 0
25 1 682
25 1 922
25 1 531
25 1 806
25 1 873
25 1 990
25 1 360
25 1 815
25 1 0
25 1 0
25 1 0
26 2 0
26 2 866
26 2 9
26 2 107
26 2 721
26 2 923
26 2 436
26 2 0
26 2 0
26 2 0
27 1 0
27 1 128
27 1 925
27 1 715
27 1 418
27 1 292
27 1 208
27 1 0
27 1 0
27 1 0
28 2 0
28 2 846
28 2 335
28 2 807
28 2 0
29 2 0
29 2 939
29 2 237
29 2 791
29 2 964
29 2 940
29 2 0
29 2 0
29 2 0
30 2 0
30 2 158
30 2 541
30 2 36
30 2 910
30 2 524
30 2 63
30 2 550
30 2 784
30 2 125
30 2 0
31 1 0
31 1 14
31 1 538
31 1 446
31 1 580
31 1 232
31 1 495
31 1 969
31 1 852
31 1 692
31 1 0
31 1 0
32 1 0
32 1 489
32 1 216
32 1 732
32 1 600
32 1 178
32 1 323
32 1 0
33 2 0
33 2 113
33 2 529
33 2 738
33 2 907
33 2 349
33 2 0
33 2 0
33 2 264
33 2 0
34 2 0
34 2 338
34 2 204
34 2 392
34 2 563
34 2 945
34 2 880
34 2 259
34 2 191
34 2 0
35 1 0
35 1 441
35 1 666
35 1 207
35 1 168
35 1 803
35 1 0
35 1 0
35 1 0
36 2 0
36 2 606
36 2 955
36 2 562
36 2 266
36 2 399
36 2 680
36 2 844
36 2 438
36 2 481
36 2 0
36 2 0
36 2 0
37 1 0
37 1 153
37 1 394
37 1 603
37 1 0
38 1 0
38 1 17
38 1 902
38 1 425
38 1 84
38 1 709
38 1 885
38 1 776
38 1 0
38 1 0
38 1 0
39 2 0
39 2 279
39 2 255
39 2 647
39 2 980
39 2 74
39 2 724
39 2 0
40 1 0
40 1 133
40 1 752
40 1 664
40 1 0
40 1 0
40 1 472
40 1 785
40 1 0
40 1 0
40 1 0
41 2 0
41 2 99
41 2 921
41 2 876
41 2 753
41 2 929
41 2 545
41 2 0
42 1 0
42 1 677
42 1 314
42 1 86
42 1 0
43 1 0
43 1 837
43 1 909
43 1 0
44 1 0
44 1 949
44 1 0
45 1 0
45 1 650
45 1 398
45 1 0
46 2 0
46 2 456
46 2 996
46 2 699
46 2 417
46 2 181
46 2 135
46 2 289
46 2 0
47 1 0
47 1 45
47 1 809
47 1 430
47 1 334
47 1 755
47 1 800
47 1 778
47 1 0
47 1 0
47 1 0
47 1 0
48 1 0
48 1 336
48 1 369
48 1 854
48 1 0
48 1 0
48 1 679
48 1 576
48 1 0
49 2 0
49 2 817
49 2 157
49 2 199
49 2 410
49 2 290
49 2 0
49 2 0
49 2 0
50 1 0
50 1 0
51 2 0
51 2 608
51 2 447
51 2 513
51 2 906
51 2 604
51 2 0
51 2 0
51 2 0
52 1 0
52 1 435
52 1 686
52 1 160
52 1 0
52 1 0
52 1 0
53 1 0
53 1 351
53 1 102
53 1 0
53 1 0
53 1 352
53 1 200
53 1 223
53 1 0
54 2 0
54 2 796
54 2 564
54 2 644
54 2 705
54 2 91
54 2 0
54 2 0
54 2 0
55 1 0
55 1 324
55 1 226
55 1 485
55 1 151
55 1 970
55 1 734
55 1 965
55 1 24
55 1 1069
55 1 0
56 2 0
56 2 518
56 2 497
56 2 610
56 2 574
56 2 419
56 2 621
56 2 944
56 2 0
56 2 0
56 2 0
57 2 0
57 2 611
57 2 455
57 2 948
57 2 211
57 2 761
57 2 0
58 2 0
58 2 163
58 2 47
58 2 0
59 2 0
59 2 93
59 2 136
59 2 41
59 2 694
59 2 0
60 2 0
60 2 648
60 2 861
60 2 393
60 2 457
60 2 971
60 2 480
60 2 0
60 2 0
60 2 0
61 2 0
61 2 340
61 2 781
61 2 188
61 2 38
61 2 757
61 2 0
61 2 0
61 2 0
62 2 0
62 2 646
62 2 697
62 2 870
62 2 0
62 2 0
62 2 130
62 2 0
62 2 0
62 2 0
63 2 0
63 2 989
63 2 751
63 2 458
63 2 622
63 2 573
63 2 0
63 2 0
63 2 166
63 2 27
63 2 434
63 2 0
64 2 0
64 2 814
64 2 977
64 2 396
64 2 685
64 2 936
64 2 581
64 2 509
64 2 630
64 2 0
64 2 0
64 2 0
65 2 0
65 2 275
65 2 771
65 2 479
65 2 0
66 1 0
66 1 568
66 1 918
66 1 309
66 1 0
66 1 0
66 1 0
67 1 0
67 1 673
67 1 887
67 1 341
67 1 0
67 1 0
67 1 95
67 1 80
67 1 494
67 1 0
68 1 0
68 1 943
68 1 941
68 1 310
68 1 0
68 1 0
68 1 94
68 1 490
68 1 835
68 1 0
69 1 0
69 1 233
69 1 134
69 1 175
69 1 420
69 1 663
69 1 376
69 1 601
69 1 140
69 1 515
69 1 0
69 1 0
69 1 0
69 1 0
70 1 0
70 1 511
70 1 777
70 1 79
70 1 586
70 1 0
70 1 0
70 1 748
70 1 11
70 1 0
70 1 0
70 1 0
71 1 0
71 1 756
71 1 794
71 1 874
71 1 655
71 1 0
71 1 0
71 1 43
71 1 0
72 2 0
72 2 321
72 2 177
72 2 701
72 2 218
72 2 471
72 2 0
72 2 0
72 2 0
73 2 0
73 2 193
73 2 426
73 2 0
73 2 0
73 2 33
73 2 779
73 2 675
73 2 0
74 2 0
74 2 328
74 2 938
74 2 997
74 2 493
74 2 97
74 2 465
74 2 881
74 2 0
74 2 0
74 2 0
75 2 0
75 2 186
75 2 628
75 2 937
75 2 0
76 2 0
76 2 411
76 2 404
76 2 0
76 2 0
76 2 150
76 2 669
76 2 857
76 2 0
77 1 0
77 1 930
77 1 764
77 1 492
77 1 413
77 1 214
77 1 0
77 1 0
77 1 960
77 1 119
77 1 0
78 2 0
78 2 18
78 2 891
78 2 973
78 2 118
78 2 571
78 2 0
78 2 0
78 2 0
79 2 0
79 2 329
79 2 453
79 2 88
79 2 78
79 2 71
79 2 44
79 2 383
79 2 23
79 2 0
79 2 0
79 2 0
80 1 0
80 1 273
80 1 894
80 1 25
80 1 582
80 1 726
80 1 758
80 1 595
80 1 0
80 1 0
80 1 0
80 1 0
81 2 0
81 2 934
81 2 991
81 2 578
81 2 840
81 2 0
81 2 0
81 2 0
82 1 0
82 1 30
82 1 429
82 1 735
82 1 466
82 1 587
82 1 0
83 1 0
83 1 676
83 1 365
83 1 898
83 1 0
83 1 0
83 1 0
84 2 0
84 2 183
84 2 847
84 2 812
84 2 624
84 2 0
85 2 0
85 2 366
85 2 272
85 2 81
85 2 0
85 2 0
85 2 718
85 2 0
85 2 0
85 2 0
86 1 0
86 1 640
86 1 998
86 1 554
86 1 15
86 1 432
86 1 0
86 1 0
86 1 0
86 1 668
86 1 0
87 1 0
87 1 695
87 1 0
88 1 0
88 1 167
88 1 782
88 1 596
88 1 145
88 1 0
88 1 0
88 1 557
88 1 311
88 1 0
88 1 0
88 1 0
89 1 0
89 1 999
89 1 719
89 1 187
89 1 488
89 1 301
89 1 127
89 1 626
89 1 0
89 1 0
89 1 0
89 1 0
90 1 0
90 1 59
90 1 0
91 1 0
91 1 797
91 1 988
91 1 927
91 1 318
91 1 0
91 1 0
91 1 877
91 1 298
91 1 0
92 2 0
92 2 31
92 2 849
92 2 660
92 2 875
92 2 122
92 2 983
92 2 558
92 2 706
92 2 0
92 2 0
93 1 0
93 1 282
93 1 819
93 1 0
93 1 0
93 1 85
93 1 842
93 1 0
94 2 0
94 2 484
94 2 172
94 2 112
94 2 662
94 2 0
95 2 0
95 2 173
95 2 659
95 2 848
95 2 838
95 2 750
95 2 0
95 2 0
95 2 0
96 1 0
96 1 656
96 1 727
96 1 0
96 1 0
96 1 0
97 1 0
97 1 746
97 1 805
97 1 588
97 1 201
97 1 0
97 1 0
97 1 0
97 1 0
98 2 0
98 2 247
98 2 908
98 2 728
98 2 498
98 2 548
98 2 0
98 2 0
98 2 516
98 2 0
99 1 0
99 1 496
99 1 942
99 1 883
99 1 265
99 1 0
99 1 0
99 1 0
100 1 0
100 1 0
101 2 0
101 2 657
101 2 0
101 2 0
101 2 342
101 2 607
101 2 789
101 2 0
102 2 0
102 2 951
102 2 144
102 2 245
102 2 823
102 2 503
102 2 617
102 2 0
103 1 0
103 1 661
103 1 182
103 1 0
104 1 0
104 1 830
104 1 0
104 1 0
104 1 546
104 1 66
104 1 0
105 1 0
105 1 149
105 1 792
105 1 332
105 1 613
105 1 523
105 1 1051
105 1 0
105 1 1051
105 1 530
105 1 638
105 1 772
105 1 0
105 1 0
105 1 0
106 2 0
106 2 294
106 2 950
106 2 467
106 2 82
106 2 0
106 2 0
106 2 28
106 2 0
107 1 0
107 1 126
107 1 730
107 1 0
107 1 0
107 1 10
107 1 672
107 1 994
107 1 824
107 1 0
107 1 0
107 1 0
108 2 0
108 2 665
108 2 559
108 2 555
108 2 34
108 2 339
108 2 526
108 2 928
108 2 0
108 2 0
109 2 0
109 2 642
109 2 190
109 2 615
109 2 327
109 2 619
109 2 53
109 2 0
109 2 0
109 2 0
110 1 0
110 1 703
110 1 627
110 1 976
110 1 1091
110 1 0
110 1 1091
110 1 0
111 1 0
111 1 251
111 1 720
111 1 346
111 1 461
111 1 46
111 1 104
111 1 0
111 1 0
112 2 0
112 2 445
112 2 387
112 2 348
112 2 1000
112 2 913
112 2 0
112 2 0
112 2 0
113 1 0
113 1 414
113 1 740
113 1 505
113 1 0
113 1 0
113 1 0
114 1 0
114 1 536
114 1 222
114 1 0
115 2 0
115 2 904
115 2 287
115 2 0
115 2 0
115 2 0
116 2 0
116 2 828
116 2 0
116 2 0
116 2 683
116 2 406
116 2 202
116 2 0
116 2 0
116 2 0
117 1 0
117 1 313
117 1 903
117 1 98
117 1 0
117 1 0
117 1 0
117 1 367
117 1 412
117 1 0
117 1 0
117 1 0
118 2 0
118 2 109
118 2 853
118 2 825
118 2 972
118 2 316
118 2 0
118 2 0
118 2 330
118 2 0
119 1 0
119 1 142
119 1 634
119 1 566
119 1 0
119 1 0
119 1 0
119 1 818
119 1 0
119 1 0
119 1 0
120 1 0
120 1 534
120 1 460
120 1 320
120 1 0
120 1 0
120 1 0
120 1 221
120 1 0
121 1 0
121 1 862
121 1 744
121 1 839
121 1 966
121 1 60
121 1 6
121 1 912
121 1 0
121 1 0
122 1 0
122 1 502
122 1 986
122 1 635
122 1 0
122 1 0
122 1 0
122 1 920
122 1 0
123 2 0
123 2 364
123 2 743
123 2 860
123 2 723
123 2 236
123 2 382
123 2 0
123 2 0
123 2 0
124 1 0
124 1 712
124 1 653
124 1 448
124 1 681
124 1 0
124 1 0
124 1 0
124 1 0
125 1 0
125 1 407
125 1 827
125 1 156
125 1 381
125 1 0
125 1 0
126 2 0
126 2 42
126 2 698
126 2 832
126 2 253
126 2 651
126 2 834
126 2 895
126 2 0
126 2 0
127 1 0
127 1 385
127 1 35
127 1 263
127 1 760
127 1 579
127 1 984
127 1 829
127 1 295
127 1 0
127 1 0
127 1 0
127 1 0
128 1 0
128 1 296
128 1 0
128 1 0
128 1 811
128 1 317
128 1 0
128 1 0
128 1 0
129 2 0
129 2 670
129 2 690
129 2 123
129 2 73
129 2 0
130 2 0
130 2 409
130 2 384
130 2 303
130 2 450
130 2 0
130 2 0
130 2 69
130 2 305
130 2 68
130 2 0
131 2 0
131 2 514
131 2 914
131 2 357
131 2 0
132 2 0
132 2 402
132 2 636
132 2 733
132 2 464
132 2 632
132 2 711
132 2 0
132 2 0
132 2 0
132 2 0
133 2 0
133 2 271
133 2 905
133 2 890
133 2 845
133 2 0
133 2 0
134 1 0
134 1 240
134 1 196
134 1 0
134 1 0
134 1 0
134 1 995
134 1 0
135 2 0
135 2 722
135 2 625
135 2 981
135 2 72
135 2 308
135 2 105
135 2 671
135 2 961
135 2 629
135 2 0
135 2 0
135 2 0
135 2 0
136 1 0
136 1 982
136 1 953
136 1 795
136 1 713
136 1 0
136 1 0
137 2 0
137 2 374
137 2 788
137 2 522
137 2 249
137 2 872
137 2 0
137 2 0
137 2 0
137 2 0
138 2 0
138 2 22
138 2 978
138 2 325
138 2 176
138 2 267
138 2 0
138 2 0
138 2 0
139 2 0
139 2 917
139 2 859
139 2 882
139 2 299
139 2 433
139 2 242
139 2 0
139 2 0
140 1 0
140 1 773
140 1 370
140 1 415
140 1 83
140 1 0
140 1 0
140 1 0
140 1 0
141 2 0
141 2 277
141 2 916
141 2 162
141 2 691
141 2 962
141 2 633
141 2 560
141 2 858
141 2 0
141 2 0
142 1 0
142 1 32
142 1 108
142 1 146
142 1 491
142 1 0
142 1 0
143 2 0
143 2 377
143 2 326
143 2 331
143 2 373
143 2 116
143 2 0
143 2 0
143 2 0
143 2 0
144 2 0
144 2 449
144 2 194
144 2 893
144 2 597
144 2 517
144 2 486
144 2 286
144 2 915
144 2 252
144 2 241
144 2 55
144 2 0
144 2 0
144 2 0
144 2 0
145 1 0
145 1 786
145 1 0
145 1 0
145 1 0
146 1 0
146 1 5
146 1 867
146 1 0
146 1 0
146 1 0
146 1 0
147 1 0
147 1 725
147 1 0
147 1 0
147 1 765
147 1 0
147 1 0
147 1 0
148 1 0
148 1 243
148 1 120
148 1 747
148 1 0
148 1 0
148 1 0
148 1 506
148 1 993
148 1 0
149 1 0
149 1 0
150 1 0
150 1 0
151 2 0
151 2 745
151 2 0
151 2 0
151 2 556
151 2 499
151 2 0
152 2 0
152 2 598
152 2 137
152 2 569
152 2 0
153 2 0
153 2 184
153 2 924
153 2 117
153 2 0
153 2 0
153 2 372
153 2 451
153 2 87
153 2 0
153 2 0
153 2 0
154 2 0
154 2 224
154 2 507
154 2 129
154 2 649
154 2 878
154 2 378
154 2 585
154 2 879
154 2 0
154 2 0
154 2 0
154 2 0
155 2 0
155 2 643
155 2 884
155 2 674
155 2 0
155 2 0
155 2 362
155 2 667
155 2 76
155 2 0
156 2 0
156 2 198
156 2 238
156 2 416
156 2 623
156 2 280
156 2 0
156 2 0
156 2 0
156 2 0
157 1 0
157 1 155
157 1 0
157 1 0
157 1 195
157 1 0
158 1 0
158 1 131
158 1 268
158 1 197
158 1 0
158 1 0
158 1 0
158 1 90
158 1 0
159 1 0
159 1 684
159 1 422
159 1 21
159 1 687
159 1 892
159 1 0
159 1 0
159 1 0
159 1 0
160 2 0
160 2 368
160 2 20
160 2 174
160 2 306
160 2 589
160 2 278
160 2 787
160 2 0
160 2 0
160 2 0
160 2 0
161 1 0
161 1 482
161 1 379
161 1 768
161 1 159
161 1 285
161 1 0
161 1 0
161 1 0
161 1 0
162 2 0
162 2 618
162 2 549
162 2 363
162 2 599
162 2 0
162 2 0
162 2 0
162 2 0
163 2 0
163 2 210
163 2 901
163 2 206
163 2 169
163 2 96
163 2 75
163 2 0
163 2 0
164 1 0
164 1 333
164 1 552
164 1 375
164 1 138
164 1 0
164 1 0
165 1 0
165 1 959
165 1 49
165 1 704
165 1 737
165 1 386
165 1 0
165 1 0
166 1 0
166 1 322
166 1 979
166 1 0
166 1 0
166 1 0
166 1 0
167 2 0
167 2 61
167 2 946
167 2 631
167 2 353
167 2 361
167 2 443
167 2 427
167 2 0
167 2 0
167 2 0
167 2 0
168 1 0
168 1 103
168 1 244
168 1 533
168 1 769
168 1 963
168 1 0
168 1 0
168 1 0
168 1 0
169 2 0
169 2 900
169 2 89
169 2 0
170 2 0
170 2 770
170 2 403
170 2 931
170 2 358
170 2 696
170 2 0
170 2 0
170 2 0
170 2 0
171 2 0
171 2 100
171 2 347
171 2 225
171 2 926
171 2 519
171 2 121
171 2 0
171 2 0
171 2 0
171 2 0
172 1 0
172 1 256
172 1 215
172 1 567
172 1 528
172 1 228
172 1 0
172 1 0
172 1 0
172 1 0
173 1 0
173 1 639
173 1 0
173 1 0
174 2 0
174 2 227
174 2 203
174 2 821
174 2 343
174 2 0
174 2 0
174 2 0
174 2 165
174 2 0
175 1 0
175 1 483
175 1 452
175 1 258
175 1 62
175 1 896
175 1 836
175 1 0
175 1 0
175 1 0
175 1 0
176 1 0
176 1 52
176 1 575
176 1 0
176 1 0
176 1 0
176 1 297
176 1 739
176 1 65
176 1 0
176 1 0
177 2 0
177 2 115
177 2 851
177 2 614
177 2 833
177 2 537
177 2 337
177 2 620
177 2 231
177 2 0
177 2 0
177 2 0
177 2 0
178 2 0
178 2 56
178 2 774
178 2 702
178 2 315
178 2 888
178 2 0
178 2 0
179 2 0
179 2 261
179 2 388
179 2 766
179 2 0
179 2 0
179 2 0
179 2 344
179 2 822
179 2 0
179 2 0
179 2 0
179 2 0
180 2 0
180 2 111
180 2 933
180 2 0
180 2 0
180 2 0
180 2 952
180 2 439
180 2 0
180 2 0
181 2 0
181 2 312
181 2 302
181 2 139
181 2 110
181 2 260
181 2 0
181 2 0
182 2 0
182 2 16
182 2 637
182 2 0
182 2 0
182 2 0
182 2 864
182 2 3
182 2 547
182 2 0
182 2 0
183 1 0
183 1 592
183 1 1
183 1 0
183 1 0
183 1 0
183 1 209
183 1 0
183 1 0
183 1 0
183 1 0
184 1 0
184 1 70
184 1 658
184 1 300
184 1 239
184 1 0
184 1 0
184 1 0
184 1 0
185 2 0
185 2 355
185 2 132
185 2 147
185 2 889
185 2 0
185 2 0
185 2 0
185 2 0
186 1 0
186 1 262
186 1 0
186 1 0
186 1 0
186 1 350
186 1 0
186 1 0
186 1 0
186 1 0
187 2 0
187 2 804
187 2 886
187 2 500
187 2 0
187 2 0
187 2 0
187 2 219
187 2 0
187 2 0
188 1 0
188 1 487
188 1 775
188 1 390
188 1 405
188 1 0
188 1 0
188 1 0
188 1 594
188 1 395
188 1 0
188 1 0
189 2 0
189 2 234
189 2 688
189 2 968
189 2 935
189 2 583
189 2 731
189 2 584
189 2 0
189 2 0
189 2 0
189 2 0
190 2 0
190 2 729
190 2 424
190 2 762
190 2 0
190 2 0
190 2 0
190 2 431
190 2 0
190 2 0
191 2 0
191 2 736
191 2 143
191 2 444
191 2 39
191 2 359
191 2 572
191 2 0
191 2 0
191 2 0
191 2 0
192 2 0
192 2 213
192 2 780
192 2 50
192 2 527
192 2 469
192 2 551
192 2 371
192 2 0
192 2 0
192 2 0
192 2 0
193 1 0
193 1 67
193 1 540
193 1 987
193 1 0
193 1 0
193 1 0
193 1 29
193 1 0
194 2 0
194 2 185
194 2 958
194 2 985
194 2 51
194 2 235
194 2 77
194 2 0
194 2 0
194 2 0
194 2 0
195 1 0
195 1 421
195 1 192
195 1 19
195 1 957
195 1 0
195 1 0
196 1 0
196 1 26
196 1 179
196 1 0
196 1 48
196 1 708
196 1 0
196 1 0
197 2 0
197 2 956
197 2 474
197 2 869
197 2 274
197 2 0
197 2 0
198 1 0
198 1 521
198 1 0
198 1 0
199 1 0
199 1 270
199 1 0
199 1 0
200 1 0
200 1 152
200 1 0
200 1 0
201 1 0
201 1 13
201 1 12
201 1 0
201 1 0
202 1 0
202 1 2
202 1 0
