total cost: 330211
1 2 0
1 2 553
1 2 288
1 2 767
1 2 0
1 2 0
1 2 307
1 2 793
1 2 0
1 2 0
1 2 141
1 2 0
2 2 0
2 2 220
2 2 802
2 2 577
2 2 254
2 2 749
2 2 0
2 2 0
2 2 180
2 2 257
2 2 932
2 2 0
3 1 0
3 1 616
3 1 161
3 1 652
3 1 0
3 1 0
3 1 0
4 2 0
4 2 954
4 2 654
4 2 520
4 2 0
5 1 0
5 1 463
5 1 539
5 1 459
5 1 693
5 1 454
5 1 0
5 1 0
5 1 790
5 1 0
5 1 0
5 1 0
6 1 0
6 1 408
6 1 801
6 1 754
6 1 593
6 1 475
6 1 510
6 1 356
6 1 0
7 1 0
7 1 645
7 1 865
7 1 189
7 1 442
7 1 92
7 1 0
7 1 0
7 1 612
7 1 0
8 1 0
8 1 605
8 1 974
8 1 401
8 1 229
8 1 0
9 2 0
9 2 57
9 2 281
9 2 843
9 2 170
9 2 689
9 2 525
9 2 476
9 2 0
10 2 0
10 2 856
10 2 4
10 2 501
10 2 250
10 2 911
10 2 468
10 2 700
10 2 783
10 2 477
10 2 0
11 1 0
11 1 354
11 1 0
12 1 0
12 1 319
12 1 716
12 1 0
13 1 0
13 1 124
13 1 919
13 1 799
13 1 148
13 1 0
14 1 0
14 1 164
14 1 717
14 1 532
14 1 423
14 1 0
15 2 0
15 2 37
15 2 154
15 2 0
15 2 0
15 2 591
15 2 504
15 2 0
16 1 0
16 1 462
16 1 813
16 1 478
16 1 0
16 1 0
16 1 8
16 1 561
16 1 535
16 1 0
17 1 0
17 1 763
17 1 831
17 1 602
17 1 284
17 1 759
17 1 0
17 1 0
17 1 230
17 1 0
18 1 0
18 1 947
18 1 899
18 1 826
18 1 380
18 1 798
18 1 641
18 1 0
18 1 0
18 1 0
19 2 0
19 2 710
19 2 440
19 2 216
19 2 650
19 2 95
19 2 323
19 2 178
19 2 0
20 2 0
20 2 544
20 2 64
20 2 304
20 2 205
20 2 114
20 2 0
21 2 0
21 2 391
21 2 94
21 2 732
21 2 600
21 2 0
22 2 0
22 2 714
22 2 248
22 2 0
23 2 0
23 2 841
23 2 7
23 2 101
23 2 922
23 2 217
23 2 470
23 2 897
23 2 345
23 2 880
23 2 0
24 2 0
24 2 570
24 2 975
24 2 810
24 2 276
24 2 0
24 2 0
24 2 0
25 2 0
25 2 400
25 2 682
25 2 338
25 2 237
25 2 0
26 1 0
26 1 565
26 1 871
26 1 850
26 1 58
26 1 36
26 1 264
26 1 99
26 1 63
26 1 807
26 1 0
26 1 0
26 1 0
27 2 0
27 2 428
27 2 820
27 2 128
27 2 741
27 2 0
27 2 0
27 2 283
27 2 590
27 2 269
27 2 0
28 2 0
28 2 291
28 2 543
28 2 437
28 2 992
28 2 923
28 2 436
28 2 0
28 2 0
28 2 0
29 2 0
29 2 473
29 2 738
29 2 609
29 2 863
29 2 349
29 2 0
29 2 0
29 2 742
29 2 0
30 2 0
30 2 846
30 2 335
30 2 293
30 2 0
31 1 0
31 1 866
31 1 107
31 1 9
31 1 721
31 1 967
31 1 678
31 1 508
31 1 0
32 1 0
32 1 816
32 1 113
32 1 910
32 1 868
32 1 524
32 1 279
32 1 785
32 1 0
32 1 0
32 1 0
33 1 0
33 1 939
33 1 791
33 1 945
33 1 191
33 1 259
33 1 125
33 1 0
34 2 0
34 2 158
34 2 541
34 2 204
34 2 563
34 2 964
34 2 940
34 2 314
34 2 0
35 1 0
35 1 54
35 1 925
35 1 418
35 1 902
35 1 84
35 1 885
35 1 398
35 1 208
35 1 0
36 1 0
36 1 14
36 1 580
36 1 232
36 1 538
36 1 495
36 1 397
36 1 212
36 1 512
36 1 0
37 1 0
37 1 389
37 1 666
37 1 446
37 1 949
37 1 692
37 1 852
37 1 0
38 2 0
38 2 855
38 2 808
38 2 676
38 2 969
38 2 803
38 2 66
38 2 516
38 2 0
39 2 0
39 2 907
39 2 608
39 2 513
39 2 906
39 2 47
39 2 472
39 2 0
39 2 0
39 2 0
40 2 0
40 2 17
40 2 715
40 2 489
40 2 292
40 2 38
40 2 0
40 2 0
40 2 0
41 1 0
41 1 529
41 1 796
41 1 644
41 1 447
41 1 705
41 1 0
41 1 0
41 1 0
42 2 0
42 2 441
42 2 934
42 2 207
42 2 168
42 2 71
42 2 661
42 2 44
42 2 383
42 2 0
42 2 0
42 2 0
43 1 0
43 1 606
43 1 955
43 1 542
43 1 707
43 1 246
43 1 40
43 1 360
43 1 990
43 1 223
43 1 0
43 1 0
43 1 0
44 1 0
44 1 106
44 1 815
44 1 200
44 1 0
45 2 0
45 2 153
45 2 453
45 2 88
45 2 578
45 2 0
45 2 0
45 2 171
45 2 677
45 2 0
46 1 0
46 1 603
46 1 329
46 1 991
46 1 78
46 1 0
46 1 0
46 1 550
46 1 784
46 1 86
46 1 0
47 2 0
47 2 531
47 2 45
47 2 399
47 2 680
47 2 873
47 2 844
47 2 438
47 2 0
48 2 0
48 2 133
48 2 664
48 2 752
48 2 0
48 2 0
48 2 837
48 2 0
49 2 0
49 2 352
49 2 0
50 1 0
50 1 456
50 1 102
50 1 351
50 1 0
50 1 0
50 1 255
50 1 980
50 1 74
50 1 724
50 1 0
51 2 0
51 2 921
51 2 679
51 2 576
51 2 0
52 1 0
52 1 336
52 1 369
52 1 854
52 1 0
52 1 0
52 1 909
52 1 0
53 1 0
53 1 817
53 1 157
53 1 199
53 1 324
53 1 0
53 1 0
53 1 163
53 1 545
53 1 0
54 2 0
54 2 806
54 2 814
54 2 93
54 2 136
54 2 41
54 2 0
55 1 0
55 1 394
55 1 564
55 1 840
55 1 0
55 1 0
55 1 435
55 1 835
55 1 0
56 1 0
56 1 518
56 1 497
56 1 404
56 1 642
56 1 0
56 1 0
56 1 130
56 1 0
57 2 0
57 2 562
57 2 266
57 2 275
57 2 310
57 2 748
57 2 581
57 2 434
57 2 27
57 2 0
57 2 0
57 2 0
58 1 0
58 1 611
58 1 647
58 1 455
58 1 0
59 2 0
59 2 809
59 2 430
59 2 334
59 2 938
59 2 755
59 2 800
59 2 778
59 2 881
59 2 0
59 2 0
59 2 0
60 2 0
60 2 699
60 2 646
60 2 392
60 2 30
60 2 628
60 2 937
60 2 289
60 2 135
60 2 0
60 2 0
60 2 0
61 1 0
61 1 340
61 1 781
61 1 188
61 1 425
61 1 776
61 1 668
61 1 0
61 1 0
61 1 0
62 2 0
62 2 648
62 2 290
62 2 151
62 2 970
62 2 734
62 2 480
62 2 0
62 2 0
62 2 0
63 1 0
63 1 989
63 1 751
63 1 673
63 1 485
63 1 410
63 1 0
63 1 0
63 1 876
63 1 753
63 1 0
64 1 0
64 1 996
64 1 870
64 1 797
64 1 81
64 1 0
64 1 0
64 1 160
64 1 0
65 2 0
65 2 181
65 2 417
65 2 918
65 2 309
65 2 0
65 2 0
65 2 0
66 1 0
66 1 568
66 1 675
66 1 779
66 1 0
66 1 0
66 1 0
67 1 0
67 1 166
67 1 11
67 1 0
68 1 0
68 1 511
68 1 777
68 1 79
68 1 663
68 1 0
68 1 0
68 1 43
68 1 0
69 1 0
69 1 943
69 1 941
69 1 685
69 1 936
69 1 656
69 1 0
69 1 0
69 1 0
70 2 0
70 2 686
70 2 321
70 2 701
70 2 183
70 2 490
70 2 471
70 2 0
70 2 0
70 2 0
71 1 0
71 1 233
71 1 134
71 1 175
71 1 420
71 1 376
71 1 601
71 1 140
71 1 515
71 1 0
71 1 0
71 1 0
71 1 0
72 2 0
72 2 186
72 2 735
72 2 172
72 2 761
72 2 595
72 2 758
72 2 587
72 2 0
73 2 0
73 2 756
73 2 794
73 2 874
73 2 655
73 2 0
73 2 0
73 2 971
73 2 965
73 2 24
73 2 0
74 1 0
74 1 150
74 1 944
74 1 669
74 1 857
74 1 0
75 1 0
75 1 193
75 1 426
75 1 173
75 1 0
76 1 0
76 1 328
76 1 771
76 1 492
76 1 413
76 1 0
76 1 0
76 1 0
77 2 0
77 2 718
77 2 0
77 2 0
77 2 0
78 1 0
78 1 226
78 1 887
78 1 0
78 1 0
78 1 694
78 1 0
79 2 0
79 2 411
79 2 574
79 2 419
79 2 976
79 2 0
80 2 0
80 2 960
80 2 0
81 2 0
81 2 610
81 2 894
81 2 25
81 2 582
81 2 726
81 2 83
81 2 415
81 2 201
81 2 0
81 2 0
81 2 0
81 2 0
82 1 0
82 1 709
82 1 757
82 1 494
82 1 287
82 1 0
82 1 0
82 1 0
83 2 0
83 2 930
83 2 977
83 2 396
83 2 509
83 2 630
83 2 0
84 1 0
84 1 273
84 1 746
84 1 660
84 1 558
84 1 983
84 1 706
84 1 0
84 1 0
85 2 0
85 2 18
85 2 341
85 2 891
85 2 0
85 2 0
85 2 177
85 2 80
85 2 311
85 2 847
85 2 0
85 2 0
85 2 0
86 1 0
86 1 604
86 1 929
86 1 0
87 2 0
87 2 861
87 2 393
87 2 457
87 2 119
87 2 28
87 2 0
88 2 0
88 2 557
88 2 0
89 1 0
89 1 366
89 1 0
89 1 0
89 1 330
89 1 0
90 1 0
90 1 697
90 1 272
90 1 85
90 1 493
90 1 0
90 1 0
90 1 481
90 1 0
91 2 0
91 2 640
91 2 998
91 2 554
91 2 218
91 2 432
91 2 0
92 2 0
92 2 695
92 2 657
92 2 703
92 2 0
92 2 0
92 2 973
92 2 496
92 2 0
93 1 0
93 1 167
93 1 782
93 1 997
93 1 97
93 1 465
93 1 0
93 1 0
93 1 479
93 1 0
94 1 0
94 1 59
94 1 848
94 1 838
94 1 342
94 1 607
94 1 0
95 2 0
95 2 586
95 2 624
95 2 904
95 2 812
95 2 0
96 1 0
96 1 999
96 1 719
96 1 622
96 1 573
96 1 883
96 1 942
96 1 994
96 1 824
96 1 265
96 1 0
96 1 0
96 1 0
96 1 0
97 1 0
97 1 118
97 1 571
97 1 672
97 1 0
97 1 0
97 1 0
98 1 0
98 1 429
98 1 805
98 1 466
98 1 211
98 1 948
98 1 0
99 1 0
99 1 282
99 1 819
99 1 0
99 1 0
99 1 877
99 1 298
99 1 0
100 1 0
100 1 31
100 1 849
100 1 832
100 1 190
100 1 621
100 1 0
100 1 0
100 1 0
100 1 0
101 2 0
101 2 764
101 2 294
101 2 842
101 2 0
102 1 0
102 1 484
102 1 0
103 2 0
103 2 247
103 2 908
103 2 144
103 2 951
103 2 659
103 2 750
103 2 91
103 2 23
103 2 0
103 2 0
103 2 0
103 2 0
104 2 0
104 2 365
104 2 898
104 2 182
104 2 789
104 2 0
105 1 0
105 1 458
105 1 534
105 1 792
105 1 613
105 1 488
105 1 187
105 1 0
105 1 0
105 1 0
105 1 0
106 1 0
106 1 662
106 1 112
106 1 0
107 2 0
107 2 830
107 2 730
107 2 0
107 2 0
107 2 546
107 2 0
108 1 0
108 1 149
108 1 332
108 1 142
108 1 320
108 1 0
108 1 0
108 1 0
108 1 367
108 1 301
108 1 626
108 1 0
108 1 0
108 1 0
109 2 0
109 2 126
109 2 596
109 2 683
109 2 0
109 2 0
109 2 10
109 2 727
109 2 0
109 2 0
109 2 0
110 2 0
110 2 445
110 2 638
110 2 920
110 2 0
111 2 0
111 2 665
111 2 559
111 2 555
111 2 34
111 2 339
111 2 526
111 2 928
111 2 0
111 2 0
112 1 0
112 1 530
112 1 165
112 1 0
113 2 0
113 2 214
113 2 82
113 2 202
113 2 0
114 2 0
114 2 251
114 2 927
114 2 318
114 2 346
114 2 461
114 2 90
114 2 0
115 2 0
115 2 245
115 2 414
115 2 53
115 2 619
115 2 895
115 2 0
115 2 0
115 2 0
116 1 0
116 1 536
116 1 0
117 1 0
117 1 950
117 1 467
117 1 382
117 1 46
117 1 104
117 1 0
117 1 0
118 2 0
118 2 828
118 2 0
118 2 0
118 2 221
118 2 0
119 1 0
119 1 720
119 1 988
119 1 588
119 1 993
119 1 0
119 1 0
119 1 0
119 1 0
120 2 0
120 2 313
120 2 903
120 2 0
120 2 0
120 2 33
120 2 0
121 2 0
121 2 109
121 2 853
121 2 387
121 2 825
121 2 0
121 2 0
121 2 29
121 2 0
122 2 0
122 2 627
122 2 982
122 2 827
122 2 156
122 2 0
122 2 0
122 2 818
122 2 786
122 2 0
122 2 0
122 2 0
123 1 0
123 1 862
123 1 364
123 1 409
123 1 860
123 1 236
123 1 0
123 1 0
123 1 0
123 1 0
124 1 0
124 1 502
124 1 986
124 1 98
124 1 0
124 1 0
124 1 0
124 1 2
124 1 0
124 1 0
124 1 0
125 1 0
125 1 712
125 1 653
125 1 448
125 1 681
125 1 0
125 1 0
125 1 0
125 1 0
126 1 0
126 1 407
126 1 385
126 1 122
126 1 905
126 1 890
126 1 845
126 1 295
126 1 0
126 1 0
127 2 0
127 2 296
127 2 145
127 2 839
127 2 60
127 2 0
127 2 0
127 2 505
127 2 503
127 2 0
128 1 0
128 1 634
128 1 566
128 1 972
128 1 0
128 1 0
128 1 0
128 1 0
129 1 0
129 1 42
129 1 615
129 1 327
129 1 617
129 1 381
129 1 0
129 1 0
130 2 0
130 2 271
130 2 728
130 2 498
130 2 823
130 2 548
130 2 0
131 1 0
131 1 240
131 1 249
131 1 0
131 1 0
131 1 0
131 1 406
131 1 0
132 2 0
132 2 32
132 2 917
132 2 6
132 2 89
132 2 0
133 1 0
133 1 875
133 1 506
133 1 0
134 1 0
134 1 670
134 1 698
134 1 35
134 1 253
134 1 760
134 1 651
134 1 0
134 1 0
135 1 0
135 1 523
135 1 348
135 1 5
135 1 325
135 1 0
135 1 0
135 1 0
135 1 0
136 1 0
136 1 744
136 1 625
136 1 981
136 1 723
136 1 433
136 1 0
136 1 0
136 1 0
136 1 0
137 1 0
137 1 384
137 1 743
137 1 912
137 1 0
137 1 0
138 2 0
138 2 15
138 2 116
138 2 0
139 2 0
139 2 127
139 2 372
139 2 412
139 2 0
140 1 0
140 1 514
140 1 690
140 1 123
140 1 834
140 1 0
140 1 0
141 2 0
141 2 402
141 2 636
141 2 733
141 2 635
141 2 632
141 2 737
141 2 704
141 2 0
141 2 0
141 2 0
141 2 0
142 2 0
142 2 995
142 2 222
142 2 0
142 2 0
142 2 0
143 2 0
143 2 772
143 2 373
143 2 317
143 2 0
144 2 0
144 2 722
144 2 773
144 2 464
144 2 370
144 2 450
144 2 959
144 2 308
144 2 0
144 2 0
144 2 0
144 2 0
145 1 0
145 1 69
145 1 1000
145 1 913
145 1 0
145 1 0
145 1 0
145 1 0
146 2 0
146 2 374
146 2 788
146 2 522
146 2 872
146 2 377
146 2 0
146 2 0
146 2 811
146 2 305
146 2 68
146 2 0
147 1 0
147 1 22
147 1 316
147 1 978
147 1 176
147 1 155
147 1 0
147 1 0
147 1 0
147 1 0
148 2 0
148 2 277
148 2 914
148 2 357
148 2 73
148 2 263
148 2 297
148 2 579
148 2 829
148 2 0
148 2 0
149 2 0
149 2 449
149 2 460
149 2 725
149 2 0
149 2 0
149 2 765
149 2 0
150 1 0
150 1 243
150 1 884
150 1 0
150 1 0
150 1 0
150 1 740
150 1 0
151 2 0
151 2 196
151 2 131
151 2 331
151 2 326
151 2 979
151 2 0
151 2 0
151 2 0
151 2 0
152 1 0
152 1 303
152 1 482
152 1 72
152 1 671
152 1 961
152 1 0
152 1 0
153 1 0
153 1 598
153 1 137
153 1 556
153 1 499
153 1 0
153 1 0
154 2 0
154 2 184
154 2 893
154 2 747
154 2 674
154 2 517
154 2 0
154 2 0
154 2 0
154 2 87
154 2 0
154 2 0
154 2 0
155 1 0
155 1 224
155 1 238
155 1 198
155 1 966
155 1 0
155 1 0
155 1 0
155 1 0
156 1 0
156 1 643
156 1 0
156 1 0
156 1 0
157 1 0
157 1 0
158 1 0
158 1 0
159 2 0
159 2 745
159 2 0
159 2 0
159 2 569
159 2 0
160 2 0
160 2 859
160 2 924
160 2 100
160 2 623
160 2 882
160 2 299
160 2 491
160 2 146
160 2 0
160 2 0
161 2 0
161 2 267
161 2 867
161 2 0
161 2 0
161 2 451
161 2 252
161 2 915
161 2 0
162 1 0
162 1 618
162 1 0
162 1 0
162 1 362
162 1 49
162 1 386
162 1 0
162 1 0
163 1 0
163 1 684
163 1 120
163 1 268
163 1 0
163 1 0
163 1 0
163 1 0
164 2 0
164 2 368
164 2 953
164 2 916
164 2 56
164 2 162
164 2 633
164 2 984
164 2 795
164 2 0
164 2 0
164 2 0
164 2 0
165 1 0
165 1 194
165 1 597
165 1 549
165 1 286
165 1 486
165 1 552
165 1 241
165 1 0
165 1 0
165 1 0
165 1 0
166 2 0
166 2 416
166 2 507
166 2 649
166 2 900
166 2 242
166 2 667
166 2 76
166 2 0
166 2 0
167 2 0
167 2 210
167 2 117
167 2 378
167 2 280
167 2 0
167 2 0
168 1 0
168 1 333
168 1 55
168 1 599
168 1 3
168 1 0
168 1 0
169 1 0
169 1 61
169 1 528
169 1 244
169 1 567
169 1 361
169 1 353
169 1 0
169 1 0
169 1 0
169 1 0
170 1 0
170 1 103
170 1 946
170 1 631
170 1 443
170 1 427
170 1 963
170 1 0
170 1 0
170 1 0
170 1 0
171 2 0
171 2 770
171 2 422
171 2 21
171 2 197
171 2 139
171 2 0
171 2 0
171 2 0
171 2 0
172 1 0
172 1 322
172 1 0
172 1 0
173 2 0
173 2 256
173 2 215
173 2 355
173 2 691
173 2 962
173 2 858
173 2 711
173 2 639
173 2 0
173 2 0
174 1 0
174 1 129
174 1 227
174 1 347
174 1 878
174 1 206
174 1 0
174 1 0
174 1 0
174 1 0
175 1 0
175 1 209
175 1 75
175 1 0
175 1 0
176 2 0
176 2 379
176 2 768
176 2 159
176 2 901
176 2 629
176 2 952
176 2 0
176 2 0
177 1 0
177 1 105
177 1 533
177 1 228
177 1 350
177 1 0
177 1 0
177 1 0
177 1 0
178 2 0
178 2 195
178 2 713
178 2 0
179 1 0
179 1 560
179 1 739
179 1 65
179 1 0
179 1 0
180 1 0
180 1 483
180 1 343
180 1 452
180 1 285
180 1 0
180 1 0
180 1 0
180 1 0
181 1 0
181 1 52
181 1 258
181 1 926
181 1 0
181 1 0
181 1 0
181 1 169
181 1 585
181 1 0
181 1 0
182 2 0
182 2 115
182 2 821
182 2 592
182 2 121
182 2 519
182 2 696
182 2 836
182 2 879
182 2 0
182 2 0
182 2 0
182 2 0
183 2 0
183 2 403
183 2 851
183 2 931
183 2 358
183 2 896
183 2 547
183 2 0
183 2 0
183 2 0
183 2 0
184 1 0
184 1 20
184 1 174
184 1 306
184 1 0
184 1 0
184 1 0
184 1 344
184 1 439
184 1 0
184 1 0
185 1 0
185 1 261
185 1 769
185 1 388
185 1 736
185 1 766
185 1 0
185 1 0
185 1 0
185 1 0
186 1 0
186 1 203
186 1 234
186 1 405
186 1 239
186 1 620
186 1 0
186 1 0
186 1 0
186 1 0
187 1 0
187 1 225
187 1 62
187 1 390
187 1 337
187 1 537
187 1 300
187 1 0
187 1 0
187 1 0
187 1 0
188 1 0
188 1 111
188 1 933
188 1 0
188 1 0
188 1 0
188 1 864
188 1 375
188 1 892
188 1 0
188 1 0
189 2 0
189 2 312
189 2 70
189 2 302
189 2 687
189 2 614
189 2 833
189 2 48
189 2 0
189 2 0
190 2 0
190 2 16
190 2 278
190 2 787
190 2 431
190 2 774
190 2 0
190 2 0
191 2 0
191 2 363
191 2 138
191 2 110
191 2 260
191 2 0
191 2 0
192 2 0
192 2 575
192 2 804
192 2 637
192 2 0
192 2 0
192 2 0
192 2 219
192 2 231
192 2 0
192 2 0
193 1 0
193 1 1
193 1 487
193 1 775
193 1 0
193 1 0
193 1 0
193 1 152
193 1 0
194 1 0
194 1 262
194 1 213
194 1 594
194 1 584
194 1 0
194 1 0
194 1 0
194 1 0
195 1 0
195 1 729
195 1 968
195 1 583
195 1 935
195 1 0
195 1 0
195 1 0
195 1 0
196 2 0
196 2 822
196 2 315
196 2 0
196 2 0
196 2 0
196 2 0
197 1 0
197 1 589
197 1 147
197 1 889
197 1 0
197 1 0
197 1 0
197 1 0
198 2 0
198 2 702
198 2 572
198 2 888
198 2 395
198 2 0
198 2 0
199 1 0
199 1 886
199 1 500
199 1 987
199 1 762
199 1 0
199 1 0
199 1 0
199 1 0
200 1 0
200 1 444
200 1 132
200 1 39
200 1 0
200 1 0
200 1 0
200 1 551
200 1 0
200 1 0
201 2 0
201 2 521
201 2 0
201 2 0
202 2 0
202 2 688
202 2 658
202 2 540
202 2 421
202 2 192
202 2 469
202 2 527
202 2 0
202 2 0
202 2 0
202 2 0
203 2 0
203 2 143
203 2 26
203 2 359
203 2 235
203 2 957
203 2 869
203 2 0
203 2 0
204 2 0
204 2 67
204 2 424
204 2 731
204 2 371
204 2 0
204 2 0
204 2 0
204 2 0
205 2 0
205 2 185
205 2 958
205 2 985
205 2 51
205 2 708
205 2 274
205 2 0
205 2 0
205 2 0
205 2 0
206 1 0
206 1 780
206 1 179
206 1 50
206 1 0
206 1 270
206 1 0
206 1 0
206 1 0
206 1 0
207 1 0
207 1 956
207 1 474
207 1 0
207 1 0
207 1 0
207 1 77
207 1 0
207 1 0
208 1 0
208 1 19
208 1 0
208 1 0
209 1 0
209 1 108
209 1 96
209 1 12
209 1 0
209 1 0
210 1 0
210 1 13
210 1 0
210 1 0
