total cost: 347741
1 2 0
1 2 553
1 2 288
1 2 767
1 2 0
1 2 0
1 2 616
1 2 180
1 2 257
1 2 932
1 2 0
2 1 0
2 1 220
2 1 802
2 1 0
2 1 0
2 1 463
2 1 539
2 1 693
2 1 0
3 1 0
3 1 254
3 1 577
3 1 408
3 1 801
3 1 459
3 1 0
3 1 0
3 1 790
3 1 0
3 1 0
3 1 141
3 1 0
4 1 0
4 1 645
4 1 865
4 1 189
4 1 428
4 1 0
4 1 0
4 1 307
4 1 793
4 1 0
5 2 0
5 2 605
5 2 593
5 2 754
5 2 947
5 2 974
5 2 716
5 2 525
5 2 8
5 2 476
5 2 205
5 2 0
6 2 0
6 2 57
6 2 843
6 2 281
6 2 717
6 2 532
6 2 423
6 2 544
6 2 304
6 2 114
6 2 0
7 1 0
7 1 856
7 1 763
7 1 831
7 1 939
7 1 0
7 1 0
7 1 954
7 1 161
7 1 654
7 1 652
7 1 504
7 1 0
8 1 0
8 1 354
8 1 442
8 1 749
8 1 319
8 1 0
8 1 0
8 1 535
8 1 0
9 1 0
9 1 170
9 1 400
9 1 798
9 1 468
9 1 641
9 1 742
9 1 0
10 1 0
10 1 0
11 2 0
11 2 154
11 2 0
11 2 0
11 2 37
11 2 855
11 2 269
11 2 397
11 2 212
11 2 0
12 1 0
12 1 462
12 1 813
12 1 478
12 1 975
12 1 0
12 1 0
12 1 454
12 1 283
12 1 919
12 1 475
12 1 0
13 2 0
13 2 4
13 2 911
13 2 899
13 2 250
13 2 826
13 2 759
13 2 0
13 2 0
13 2 401
13 2 229
13 2 0
14 2 0
14 2 391
14 2 710
14 2 440
14 2 216
14 2 732
14 2 600
14 2 0
14 2 0
14 2 0
15 1 0
15 1 689
15 1 380
15 1 783
15 1 217
15 1 897
15 1 815
15 1 0
16 1 0
16 1 164
16 1 92
16 1 650
16 1 885
16 1 323
16 1 178
16 1 0
17 1 0
17 1 501
17 1 682
17 1 922
17 1 101
17 1 700
17 1 470
17 1 477
17 1 360
17 1 223
17 1 0
17 1 0
18 1 0
18 1 602
18 1 338
18 1 570
18 1 0
18 1 0
18 1 799
18 1 356
18 1 0
18 1 0
18 1 0
19 1 0
19 1 714
19 1 293
19 1 0
20 2 0
20 2 124
20 2 510
20 2 810
20 2 276
20 2 0
21 1 0
21 1 612
21 1 591
21 1 520
21 1 0
22 1 0
22 1 565
22 1 850
22 1 237
22 1 58
22 1 0
22 1 0
22 1 590
22 1 949
22 1 692
22 1 0
23 2 0
23 2 841
23 2 7
23 2 543
23 2 992
23 2 437
23 2 40
23 2 246
23 2 990
23 2 844
23 2 0
23 2 0
23 2 0
24 1 0
24 1 489
24 1 741
24 1 107
24 1 967
24 1 0
24 1 0
24 1 0
25 1 0
25 1 291
25 1 542
25 1 266
25 1 399
25 1 680
25 1 873
25 1 438
25 1 0
25 1 0
25 1 0
26 2 0
26 2 846
26 2 473
26 2 248
26 2 148
26 2 230
26 2 0
27 1 0
27 1 128
27 1 925
27 1 9
27 1 324
27 1 0
27 1 0
27 1 264
27 1 0
28 1 0
28 1 866
28 1 54
28 1 418
28 1 84
28 1 709
28 1 776
28 1 668
28 1 0
28 1 0
28 1 0
29 2 0
29 2 816
29 2 863
29 2 868
29 2 910
29 2 36
29 2 204
29 2 563
29 2 964
29 2 940
29 2 314
29 2 0
29 2 0
29 2 0
30 2 0
30 2 820
30 2 188
30 2 781
30 2 177
30 2 686
30 2 0
30 2 0
30 2 0
31 2 0
31 2 158
31 2 871
31 2 63
31 2 524
31 2 279
31 2 99
31 2 807
31 2 0
31 2 0
31 2 0
32 2 0
32 2 609
32 2 738
32 2 796
32 2 349
32 2 0
32 2 0
32 2 171
32 2 0
33 1 0
33 1 113
33 1 456
33 1 102
33 1 351
33 1 0
33 1 0
33 1 721
33 1 923
33 1 436
33 1 970
33 1 0
33 1 0
33 1 0
34 1 0
34 1 389
34 1 538
34 1 446
34 1 580
34 1 232
34 1 808
34 1 495
34 1 852
34 1 0
34 1 0
34 1 0
35 1 0
35 1 907
35 1 666
35 1 207
35 1 168
35 1 71
35 1 44
35 1 383
35 1 545
35 1 0
35 1 0
35 1 0
35 1 0
36 2 0
36 2 541
36 2 284
36 2 531
36 2 106
36 2 345
36 2 880
36 2 259
36 2 0
36 2 0
36 2 0
37 2 0
37 2 529
37 2 603
37 2 644
37 2 608
37 2 447
37 2 0
37 2 0
37 2 678
37 2 508
37 2 0
38 2 0
38 2 606
38 2 955
38 2 562
38 2 410
38 2 752
38 2 664
38 2 0
38 2 0
38 2 561
38 2 785
38 2 0
39 2 0
39 2 153
39 2 394
39 2 329
39 2 934
39 2 676
39 2 969
39 2 803
39 2 0
39 2 0
39 2 0
40 1 0
40 1 715
40 1 511
40 1 902
40 1 425
40 1 0
40 1 0
40 1 472
40 1 906
40 1 0
41 1 0
41 1 441
41 1 14
41 1 335
41 1 513
41 1 0
41 1 0
41 1 0
42 1 0
42 1 17
42 1 133
42 1 806
42 1 93
42 1 945
42 1 0
42 1 0
42 1 837
42 1 0
43 1 0
43 1 64
43 1 791
43 1 677
43 1 136
43 1 918
43 1 0
44 2 0
44 2 707
44 2 275
44 2 581
44 2 936
44 2 630
44 2 509
44 2 434
44 2 0
44 2 0
44 2 0
45 1 0
45 1 921
45 1 150
45 1 944
45 1 669
45 1 857
45 1 0
46 2 0
46 2 45
46 2 809
46 2 930
46 2 771
46 2 492
46 2 977
46 2 396
46 2 685
46 2 0
46 2 0
46 2 784
46 2 0
47 2 0
47 2 336
47 2 369
47 2 854
47 2 426
47 2 0
47 2 0
47 2 255
47 2 86
47 2 74
47 2 0
48 1 0
48 1 817
48 1 751
48 1 0
48 1 0
48 1 435
48 1 160
48 1 835
48 1 490
48 1 471
48 1 0
48 1 0
48 1 0
49 2 0
49 2 512
49 2 661
49 2 604
49 2 0
49 2 0
49 2 0
50 2 0
50 2 909
50 2 971
50 2 965
50 2 734
50 2 0
51 2 0
51 2 518
51 2 497
51 2 610
51 2 894
51 2 25
51 2 726
51 2 758
51 2 0
51 2 0
51 2 0
52 1 0
52 1 611
52 1 647
52 1 724
52 1 455
52 1 0
53 2 0
53 2 679
53 2 753
53 2 838
53 2 342
53 2 0
54 2 0
54 2 576
54 2 0
54 2 0
54 2 0
55 1 0
55 1 550
55 1 191
55 1 125
55 1 0
56 2 0
56 2 980
56 2 289
56 2 675
56 2 309
56 2 0
56 2 0
56 2 0
57 1 0
57 1 199
57 1 157
57 1 485
57 1 887
57 1 0
57 1 0
57 1 352
57 1 200
57 1 0
58 2 0
58 2 648
58 2 290
58 2 0
58 2 0
58 2 95
58 2 208
58 2 0
59 2 0
59 2 699
59 2 996
59 2 870
59 2 272
59 2 0
59 2 0
59 2 292
59 2 38
59 2 494
59 2 287
59 2 0
59 2 0
59 2 0
60 1 0
60 1 340
60 1 794
60 1 0
60 1 0
60 1 41
60 1 417
60 1 779
60 1 0
61 2 0
61 2 646
61 2 334
61 2 938
61 2 755
61 2 997
61 2 0
61 2 0
61 2 876
61 2 929
61 2 0
62 2 0
62 2 392
62 2 366
62 2 81
62 2 628
62 2 937
62 2 761
62 2 595
62 2 0
62 2 0
62 2 0
63 2 0
63 2 989
63 2 233
63 2 134
63 2 175
63 2 0
63 2 0
63 2 398
63 2 80
63 2 311
63 2 0
64 2 0
64 2 814
64 2 430
64 2 97
64 2 800
64 2 881
64 2 298
64 2 0
65 2 0
65 2 151
65 2 973
65 2 118
65 2 656
65 2 265
65 2 0
65 2 0
65 2 0
66 1 0
66 1 181
66 1 948
66 1 211
66 1 0
67 1 0
67 1 568
67 1 694
67 1 166
67 1 0
68 2 0
68 2 943
68 2 941
68 2 891
68 2 730
68 2 0
68 2 0
68 2 163
68 2 516
68 2 0
69 2 0
69 2 673
69 2 18
69 2 341
69 2 226
69 2 496
69 2 119
69 2 301
69 2 0
69 2 0
69 2 0
70 2 0
70 2 321
70 2 655
70 2 0
70 2 0
70 2 748
70 2 481
70 2 27
70 2 0
71 2 0
71 2 756
71 2 420
71 2 665
71 2 554
71 2 376
71 2 79
71 2 0
71 2 0
71 2 11
71 2 0
72 2 0
72 2 328
72 2 413
72 2 683
72 2 0
72 2 0
72 2 130
72 2 0
72 2 0
72 2 0
73 2 0
73 2 310
73 2 126
73 2 819
73 2 0
73 2 0
73 2 183
73 2 960
73 2 536
73 2 0
74 1 0
74 1 411
74 1 574
74 1 582
74 1 875
74 1 122
74 1 983
74 1 0
74 1 0
74 1 0
74 1 0
75 1 0
75 1 193
75 1 840
75 1 0
76 1 0
76 1 564
76 1 695
76 1 0
77 2 0
77 2 273
77 2 797
77 2 805
77 2 466
77 2 587
77 2 588
77 2 201
77 2 0
77 2 0
77 2 0
78 2 0
78 2 186
78 2 735
78 2 172
78 2 706
78 2 558
78 2 506
78 2 0
79 2 0
79 2 30
79 2 660
79 2 419
79 2 621
79 2 951
79 2 659
79 2 0
79 2 0
79 2 0
80 2 0
80 2 404
80 2 0
80 2 0
80 2 861
80 2 393
80 2 457
80 2 818
80 2 127
80 2 0
80 2 0
80 2 0
81 1 0
81 1 701
81 1 34
81 1 432
81 1 515
81 1 624
81 1 847
81 1 0
81 1 0
81 1 0
81 1 0
82 2 0
82 2 757
82 2 0
83 2 0
83 2 718
83 2 0
83 2 0
83 2 0
84 1 0
84 1 557
84 1 812
84 1 0
85 1 0
85 1 697
85 1 720
85 1 927
85 1 778
85 1 493
85 1 465
85 1 0
85 1 0
85 1 0
85 1 0
86 2 0
86 2 480
86 2 824
86 2 0
86 2 0
86 2 0
87 1 0
87 1 85
87 1 842
87 1 877
87 1 135
87 1 0
88 2 0
88 2 640
88 2 777
88 2 559
88 2 0
88 2 0
88 2 705
88 2 848
88 2 750
88 2 0
88 2 0
88 2 0
89 1 0
89 1 167
89 1 830
89 1 764
89 1 282
89 1 0
89 1 0
89 1 479
89 1 727
89 1 0
89 1 0
89 1 0
90 1 0
90 1 59
90 1 627
90 1 0
91 1 0
91 1 999
91 1 622
91 1 458
91 1 613
91 1 488
91 1 187
91 1 0
91 1 0
91 1 0
91 1 24
91 1 0
92 1 0
92 1 429
92 1 988
92 1 0
92 1 0
92 1 586
92 1 601
92 1 904
92 1 0
93 1 0
93 1 31
93 1 849
93 1 402
93 1 636
93 1 415
93 1 632
93 1 737
93 1 0
93 1 0
93 1 0
93 1 0
94 2 0
94 2 663
94 2 555
94 2 218
94 2 140
94 2 526
94 2 339
94 2 0
94 2 0
94 2 0
94 2 0
95 2 0
95 2 484
95 2 318
95 2 346
95 2 461
95 2 104
95 2 90
95 2 0
96 1 0
96 1 173
96 1 0
97 2 0
97 2 746
97 2 986
97 2 635
97 2 98
97 2 0
97 2 0
97 2 662
97 2 619
97 2 895
97 2 0
98 1 0
98 1 247
98 1 908
98 1 728
98 1 498
98 1 0
98 1 0
98 1 0
98 1 94
98 1 28
98 1 0
99 1 0
99 1 453
99 1 88
99 1 991
99 1 578
99 1 0
100 1 0
100 1 874
100 1 828
100 1 0
100 1 0
100 1 365
100 1 0
101 2 0
101 2 782
101 2 862
101 2 596
101 2 467
101 2 82
101 2 0
101 2 0
101 2 0
102 2 0
102 2 657
102 2 703
102 2 407
102 2 144
102 2 0
102 2 0
102 2 23
102 2 91
102 2 789
102 2 0
103 1 0
103 1 149
103 1 792
103 1 332
103 1 142
103 1 523
103 1 1051
103 1 0
103 1 1051
103 1 638
103 1 772
103 1 0
103 1 0
103 1 0
104 2 0
104 2 642
104 2 190
104 2 615
104 2 327
104 2 617
104 2 503
104 2 0
105 1 0
105 1 294
105 1 950
105 1 214
105 1 0
105 1 0
105 1 607
105 1 182
105 1 0
106 1 0
106 1 546
106 1 66
106 1 0
107 1 0
107 1 78
107 1 245
107 1 823
107 1 505
107 1 0
107 1 0
107 1 0
107 1 0
108 1 0
108 1 445
108 1 387
108 1 348
108 1 0
108 1 0
108 1 47
108 1 0
109 2 0
109 2 10
109 2 672
109 2 942
109 2 883
109 2 0
110 1 0
110 1 251
110 1 773
110 1 464
110 1 0
110 1 0
110 1 0
110 1 898
110 1 0
111 1 0
111 1 571
111 1 406
111 1 0
111 1 0
111 1 0
112 1 0
112 1 712
112 1 653
112 1 448
112 1 598
112 1 326
112 1 0
112 1 0
112 1 0
112 1 0
113 1 0
113 1 313
113 1 903
113 1 981
113 1 0
113 1 0
113 1 0
113 1 530
113 1 920
113 1 317
113 1 0
113 1 0
113 1 0
113 1 0
114 1 0
114 1 719
114 1 839
114 1 966
114 1 859
114 1 6
114 1 912
114 1 46
114 1 0
114 1 0
115 1 0
115 1 109
115 1 853
115 1 825
115 1 0
115 1 0
115 1 414
115 1 53
115 1 0
115 1 0
115 1 0
116 1 0
116 1 998
116 1 522
116 1 872
116 1 331
116 1 373
116 1 116
116 1 0
116 1 0
116 1 0
116 1 0
117 1 0
117 1 296
117 1 0
117 1 0
117 1 367
117 1 222
117 1 0
117 1 0
117 1 0
118 1 0
118 1 534
118 1 460
118 1 0
118 1 0
118 1 330
118 1 928
118 1 0
118 1 0
118 1 0
119 2 0
119 2 502
119 2 409
119 2 860
119 2 723
119 2 236
119 2 382
119 2 0
119 2 0
120 2 0
120 2 271
120 2 827
120 2 156
120 2 73
120 2 834
120 2 381
120 2 0
120 2 0
120 2 0
120 2 0
121 1 0
121 1 145
121 1 60
121 1 917
121 1 32
121 1 994
121 1 0
121 1 0
121 1 0
121 1 0
122 2 0
122 2 364
122 2 743
122 2 238
122 2 210
122 2 433
122 2 491
122 2 0
122 2 0
122 2 0
122 2 0
123 2 0
123 2 385
123 2 832
123 2 976
123 2 0
123 2 0
123 2 221
123 2 112
123 2 83
123 2 0
124 1 0
124 1 634
124 1 972
124 1 316
124 1 978
124 1 0
124 1 0
124 1 0
124 1 165
124 1 68
124 1 0
125 1 0
125 1 670
125 1 698
125 1 35
125 1 253
125 1 760
125 1 651
125 1 297
125 1 0
125 1 0
125 1 0
125 1 0
126 1 0
126 1 42
126 1 914
126 1 123
126 1 548
126 1 263
126 1 905
126 1 0
126 1 0
126 1 0
126 1 0
127 2 0
127 2 744
127 2 625
127 2 384
127 2 303
127 2 450
127 2 0
127 2 0
127 2 811
127 2 305
127 2 0
128 1 0
128 1 240
128 1 196
128 1 0
128 1 0
128 1 0
128 1 69
128 1 1000
128 1 0
128 1 0
128 1 0
129 1 0
129 1 514
129 1 916
129 1 56
129 1 162
129 1 962
129 1 0
129 1 0
129 1 0
129 1 0
130 1 0
130 1 573
130 1 320
130 1 0
130 1 0
130 1 995
130 1 0
131 2 0
131 2 722
131 2 61
131 2 733
131 2 361
131 2 946
131 2 0
131 2 0
131 2 0
131 2 412
131 2 0
132 2 0
132 2 982
132 2 953
132 2 984
132 2 579
132 2 890
132 2 858
132 2 0
132 2 0
133 1 0
133 1 374
133 1 788
133 1 131
133 1 249
133 1 0
133 1 0
133 1 0
133 1 765
133 1 0
134 1 0
134 1 22
134 1 867
134 1 0
134 1 0
134 1 0
134 1 740
134 1 845
134 1 0
134 1 0
134 1 0
134 1 0
135 2 0
135 2 690
135 2 277
135 2 357
135 2 633
135 2 829
135 2 795
135 2 65
135 2 0
135 2 0
135 2 0
135 2 0
136 2 0
136 2 681
136 2 377
136 2 325
136 2 5
136 2 0
136 2 0
136 2 0
137 1 0
137 1 566
137 1 0
137 1 0
137 1 786
137 1 0
137 1 0
137 1 0
138 1 0
138 1 15
138 1 979
138 1 556
138 1 0
138 1 0
138 1 0
138 1 0
139 2 0
139 2 449
139 2 893
139 2 747
139 2 597
139 2 517
139 2 286
139 2 486
139 2 915
139 2 252
139 2 241
139 2 0
139 2 0
139 2 0
139 2 0
140 1 0
140 1 626
140 1 0
140 1 0
140 1 0
141 1 0
141 1 725
141 1 0
141 1 0
141 1 913
141 1 0
141 1 0
141 1 0
142 2 0
142 2 243
142 2 120
142 2 0
142 2 0
142 2 745
142 2 0
142 2 0
142 2 43
142 2 87
142 2 0
143 1 0
143 1 224
143 1 507
143 1 129
143 1 227
143 1 649
143 1 0
143 1 0
143 1 0
143 1 0
144 1 0
144 1 184
144 1 194
144 1 623
144 1 117
144 1 0
144 1 0
144 1 0
144 1 372
144 1 882
144 1 0
144 1 0
145 1 0
145 1 643
145 1 0
145 1 0
145 1 176
145 1 618
145 1 0
145 1 0
145 1 0
145 1 0
146 2 0
146 2 884
146 2 674
146 2 924
146 2 900
146 2 667
146 2 952
146 2 0
146 2 0
146 2 0
146 2 0
147 2 0
147 2 370
147 2 244
147 2 567
147 2 528
147 2 963
147 2 353
147 2 443
147 2 639
147 2 0
147 2 0
147 2 0
147 2 0
148 2 0
148 2 137
148 2 268
148 2 197
148 2 139
148 2 892
148 2 0
148 2 0
148 2 0
148 2 0
149 2 0
149 2 198
149 2 416
149 2 100
149 2 878
149 2 206
149 2 519
149 2 121
149 2 0
149 2 0
149 2 0
149 2 0
150 1 0
150 1 569
150 1 499
150 1 0
150 1 0
151 2 0
151 2 993
151 2 704
151 2 386
151 2 0
151 2 0
152 1 0
152 1 155
152 1 267
152 1 333
152 1 552
152 1 0
152 1 0
152 1 0
152 1 0
153 1 0
153 1 684
153 1 422
153 1 302
153 1 21
153 1 0
153 1 0
153 1 0
153 1 451
153 1 55
153 1 0
153 1 0
154 1 0
154 1 368
154 1 691
154 1 174
154 1 769
154 1 0
154 1 0
154 1 0
154 1 33
154 1 146
154 1 0
154 1 0
155 2 0
155 2 482
155 2 379
155 2 159
155 2 768
155 2 350
155 2 0
155 2 0
155 2 0
155 2 0
156 1 0
156 1 72
156 1 901
156 1 959
156 1 308
156 1 629
156 1 961
156 1 0
156 1 0
156 1 0
156 1 0
157 1 0
157 1 362
157 1 49
157 1 75
157 1 0
157 1 0
157 1 0
157 1 0
158 2 0
158 2 322
158 2 138
158 2 375
158 2 0
158 2 0
159 1 0
159 1 103
159 1 631
159 1 533
159 1 637
159 1 0
159 1 0
159 1 0
159 1 242
159 1 76
159 1 0
159 1 0
160 1 0
160 1 770
160 1 0
160 1 0
160 1 0
160 1 299
160 1 585
160 1 836
160 1 0
160 1 0
161 1 0
161 1 256
161 1 215
161 1 355
161 1 306
161 1 589
161 1 0
161 1 0
161 1 0
161 1 0
162 2 0
162 2 671
162 2 105
162 2 427
162 2 739
162 2 787
162 2 889
162 2 0
162 2 0
162 2 0
162 2 0
163 2 0
163 2 549
163 2 931
163 2 363
163 2 599
163 2 879
163 2 3
163 2 547
163 2 0
163 2 0
164 2 0
164 2 711
164 2 560
164 2 713
164 2 295
164 2 0
164 2 0
165 1 0
165 1 209
165 1 96
165 1 0
165 1 0
166 1 0
166 1 483
166 1 343
166 1 575
166 1 0
166 1 0
166 1 0
166 1 202
166 1 0
167 1 0
167 1 115
167 1 347
167 1 851
167 1 358
167 1 696
167 1 896
167 1 0
167 1 0
167 1 0
167 1 0
168 1 0
168 1 52
168 1 1
168 1 933
168 1 0
168 1 0
168 1 0
168 1 378
168 1 0
168 1 0
169 2 0
169 2 228
169 2 344
169 2 0
169 2 0
169 2 0
169 2 0
170 2 0
170 2 20
170 2 261
170 2 388
170 2 766
170 2 0
170 2 0
170 2 0
170 2 0
171 1 0
171 1 203
171 1 234
171 1 405
171 1 390
171 1 239
171 1 0
171 1 0
171 1 0
171 1 0
172 2 0
172 2 403
172 2 312
172 2 687
172 2 833
172 2 537
172 2 337
172 2 0
172 2 0
172 2 0
172 2 0
173 1 0
173 1 452
173 1 821
173 1 258
173 1 62
173 1 0
173 1 0
173 1 0
173 1 0
174 1 0
174 1 225
174 1 968
174 1 583
174 1 935
174 1 0
174 1 0
174 1 0
174 1 0
175 2 0
175 2 285
175 2 594
175 2 0
175 2 0
175 2 0
175 2 0
176 2 0
176 2 111
176 2 804
176 2 0
176 2 0
176 2 0
176 2 864
176 2 110
176 2 620
176 2 0
176 2 0
177 2 0
177 2 16
177 2 736
177 2 780
177 2 50
177 2 572
177 2 527
177 2 235
177 2 0
177 2 0
177 2 0
177 2 0
178 2 0
178 2 926
178 2 775
178 2 0
178 2 0
178 2 0
178 2 195
178 2 822
178 2 0
178 2 0
178 2 0
178 2 0
179 2 0
179 2 70
179 2 658
179 2 540
179 2 421
179 2 762
179 2 192
179 2 0
179 2 0
179 2 0
179 2 0
180 2 0
180 2 592
180 2 729
180 2 213
180 2 888
180 2 702
180 2 315
180 2 395
180 2 0
180 2 0
180 2 0
180 2 0
181 2 0
181 2 439
181 2 774
181 2 77
181 2 0
181 2 0
182 2 0
182 2 262
182 2 500
182 2 469
182 2 19
182 2 957
182 2 0
182 2 0
182 2 0
182 2 0
183 1 0
183 1 278
183 1 0
183 1 0
183 1 0
183 1 0
184 2 0
184 2 487
184 2 886
184 2 958
184 2 51
184 2 359
184 2 869
184 2 0
184 2 0
184 2 0
184 2 0
185 1 0
185 1 521
185 1 584
185 1 551
185 1 0
185 1 0
186 2 0
186 2 280
186 2 260
186 2 0
186 2 0
187 1 0
187 1 431
187 1 274
187 1 708
187 1 0
187 1 0
188 1 0
188 1 444
188 1 132
188 1 39
188 1 0
188 1 270
188 1 0
188 1 0
188 1 0
188 1 0
189 1 0
189 1 147
189 1 474
189 1 179
189 1 0
189 1 231
189 1 371
189 1 0
189 1 0
189 1 0
189 1 0
190 1 0
190 1 688
190 1 67
190 1 987
190 1 0
190 1 219
190 1 0
190 1 0
190 1 0
190 1 0
191 2 0
191 2 143
191 2 985
191 2 424
191 2 0
191 2 0
191 2 0
191 2 169
191 2 0
192 2 0
192 2 185
192 2 26
192 2 0
192 2 0
192 2 0
192 2 731
192 2 12
192 2 0
192 2 0
193 1 0
193 1 956
193 1 300
193 1 48
193 1 0
193 1 0
193 1 0
193 1 0
194 1 0
194 1 614
194 1 0
194 1 152
194 1 0
195 1 0
195 1 108
195 1 0
196 1 0
196 1 89
196 1 0
197 2 0
197 2 29
197 2 0
198 1 0
198 1 13
198 1 0
198 1 0
199 2 0
199 2 2
199 2 0
