total cost: 338705
1 2 0
1 2 553
1 2 288
1 2 767
1 2 0
1 2 0
1 2 307
1 2 793
1 2 0
1 2 0
1 2 141
1 2 0
2 1 0
2 1 220
2 1 802
2 1 577
2 1 254
2 1 0
2 1 0
2 1 616
2 1 180
2 1 257
2 1 932
2 1 0
2 1 0
2 1 0
3 1 0
3 1 801
3 1 754
3 1 593
3 1 475
3 1 510
3 1 356
3 1 0
4 2 0
4 2 463
4 2 539
4 2 154
4 2 693
4 2 0
4 2 0
4 2 790
4 2 612
4 2 654
4 2 0
5 1 0
5 1 645
5 1 954
5 1 161
5 1 0
5 1 0
5 1 652
5 1 504
5 1 0
6 2 0
6 2 605
6 2 974
6 2 716
6 2 525
6 2 476
6 2 0
7 1 0
7 1 408
7 1 947
7 1 401
7 1 229
7 1 535
7 1 0
7 1 0
7 1 0
8 2 0
8 2 57
8 2 865
8 2 189
8 2 428
8 2 710
8 2 717
8 2 532
8 2 304
8 2 205
8 2 114
8 2 0
8 2 0
8 2 0
9 1 0
9 1 281
9 1 843
9 1 170
9 1 749
9 1 423
9 1 544
9 1 352
9 1 0
10 1 0
10 1 856
10 1 763
10 1 831
10 1 602
10 1 911
10 1 468
10 1 0
10 1 0
10 1 124
10 1 919
10 1 799
10 1 0
11 1 0
11 1 354
11 1 442
11 1 440
11 1 391
11 1 94
11 1 732
11 1 0
11 1 0
11 1 0
12 2 0
12 2 459
12 2 454
12 2 37
12 2 283
12 2 590
12 2 269
12 2 0
13 1 0
13 1 319
13 1 689
13 1 798
13 1 380
13 1 0
14 2 0
14 2 462
14 2 813
14 2 473
14 2 609
14 2 293
14 2 0
15 2 0
15 2 164
15 2 92
15 2 216
15 2 650
15 2 600
15 2 0
16 1 0
16 1 4
16 1 250
16 1 899
16 1 826
16 1 922
16 1 217
16 1 470
16 1 783
16 1 477
16 1 0
16 1 0
16 1 0
17 2 0
17 2 8
17 2 561
17 2 520
17 2 0
18 2 0
18 2 501
18 2 400
18 2 682
18 2 101
18 2 700
18 2 106
18 2 815
18 2 360
18 2 0
19 2 0
19 2 478
19 2 975
19 2 759
19 2 0
19 2 0
19 2 714
19 2 148
19 2 0
20 1 0
20 1 841
20 1 7
20 1 543
20 1 437
20 1 992
20 1 923
20 1 436
20 1 0
20 1 0
20 1 0
21 2 0
21 2 284
21 2 237
21 2 276
21 2 0
21 2 0
21 2 0
22 1 0
22 1 565
22 1 871
22 1 850
22 1 58
22 1 36
22 1 264
22 1 99
22 1 63
22 1 807
22 1 0
22 1 0
22 1 0
23 1 0
23 1 489
23 1 591
23 1 230
23 1 0
24 2 0
24 2 291
24 2 866
24 2 128
24 2 741
24 2 0
24 2 0
24 2 570
24 2 810
24 2 0
25 1 0
25 1 846
25 1 335
25 1 0
25 1 0
25 1 641
25 1 742
25 1 0
26 1 0
26 1 820
26 1 925
26 1 9
26 1 107
26 1 721
26 1 967
26 1 678
26 1 508
26 1 0
26 1 0
26 1 0
27 2 0
27 2 816
27 2 863
27 2 868
27 2 910
27 2 524
27 2 279
27 2 0
27 2 0
27 2 248
27 2 0
28 2 0
28 2 158
28 2 541
28 2 939
28 2 338
28 2 945
28 2 791
28 2 964
28 2 314
28 2 125
28 2 0
29 1 0
29 1 389
29 1 580
29 1 538
29 1 446
29 1 495
29 1 397
29 1 512
29 1 0
29 1 0
29 1 0
30 1 0
30 1 113
30 1 529
30 1 738
30 1 907
30 1 349
30 1 0
30 1 0
30 1 855
30 1 0
31 2 0
31 2 54
31 2 715
31 2 418
31 2 902
31 2 84
31 2 885
31 2 323
31 2 178
31 2 0
32 2 0
32 2 17
32 2 511
32 2 425
32 2 776
32 2 668
32 2 0
32 2 0
32 2 0
33 2 0
33 2 441
33 2 666
33 2 232
33 2 14
33 2 808
33 2 803
33 2 66
33 2 516
33 2 44
33 2 0
33 2 0
33 2 0
34 1 0
34 1 606
34 1 955
34 1 542
34 1 266
34 1 707
34 1 246
34 1 40
34 1 990
34 1 873
34 1 0
34 1 0
34 1 0
35 1 0
35 1 153
35 1 394
35 1 676
35 1 168
35 1 71
35 1 0
35 1 0
35 1 0
36 2 0
36 2 531
36 2 45
36 2 806
36 2 814
36 2 93
36 2 880
36 2 345
36 2 897
36 2 0
37 1 0
37 1 64
37 1 664
37 1 752
37 1 0
37 1 0
37 1 472
37 1 0
38 1 0
38 1 603
38 1 796
38 1 644
38 1 0
39 1 0
39 1 133
39 1 399
39 1 680
39 1 844
39 1 438
39 1 481
39 1 0
39 1 0
39 1 0
40 2 0
40 2 785
40 2 455
40 2 576
40 2 0
40 2 0
40 2 0
41 2 0
41 2 677
41 2 940
41 2 0
42 1 0
42 1 837
42 1 909
42 1 0
43 2 0
43 2 171
43 2 200
43 2 136
43 2 0
44 2 0
44 2 949
44 2 852
44 2 692
44 2 0
45 1 0
45 1 784
45 1 86
45 1 0
46 1 0
46 1 204
46 1 392
46 1 563
46 1 259
46 1 181
46 1 191
46 1 0
46 1 0
46 1 0
47 1 0
47 1 550
47 1 0
48 2 0
48 2 456
48 2 102
48 2 610
48 2 574
48 2 419
48 2 621
48 2 944
48 2 669
48 2 0
48 2 0
48 2 0
49 1 0
49 1 255
49 1 647
49 1 611
49 1 724
49 1 74
49 1 0
49 1 0
49 1 0
50 1 0
50 1 921
50 1 351
50 1 0
50 1 0
50 1 212
50 1 0
51 2 0
51 2 336
51 2 369
51 2 854
51 2 426
51 2 0
51 2 0
51 2 679
51 2 513
51 2 545
51 2 0
52 1 0
52 1 817
52 1 157
52 1 199
52 1 324
52 1 0
52 1 0
52 1 0
53 2 0
53 2 608
53 2 447
53 2 929
53 2 0
53 2 0
53 2 0
54 2 0
54 2 435
54 2 686
54 2 160
54 2 0
54 2 0
54 2 0
55 1 0
55 1 518
55 1 497
55 1 404
55 1 0
55 1 0
55 1 163
55 1 906
55 1 0
56 2 0
56 2 562
56 2 943
56 2 410
56 2 290
56 2 485
56 2 151
56 2 0
56 2 0
56 2 95
56 2 0
57 2 0
57 2 980
57 2 289
57 2 135
57 2 675
57 2 0
58 2 0
58 2 41
58 2 417
58 2 918
58 2 309
58 2 0
58 2 0
58 2 0
59 1 0
59 1 809
59 1 430
59 1 334
59 1 938
59 1 755
59 1 800
59 1 0
59 1 0
59 1 47
59 1 0
60 1 0
60 1 648
60 1 971
60 1 965
60 1 734
60 1 480
60 1 28
60 1 0
61 2 0
61 2 292
61 2 208
61 2 38
61 2 0
62 1 0
62 1 699
62 1 996
62 1 697
62 1 81
62 1 0
62 1 0
62 1 969
62 1 383
62 1 604
62 1 0
63 1 0
63 1 340
63 1 781
63 1 188
63 1 709
63 1 757
63 1 0
63 1 0
63 1 0
64 1 0
64 1 646
64 1 167
64 1 997
64 1 493
64 1 778
64 1 0
64 1 0
64 1 876
64 1 753
64 1 838
64 1 0
65 2 0
65 2 989
65 2 751
65 2 673
65 2 226
65 2 887
65 2 0
65 2 0
65 2 970
65 2 27
65 2 434
65 2 0
66 1 0
66 1 398
66 1 80
66 1 311
66 1 490
66 1 0
67 2 0
67 2 275
67 2 310
67 2 973
67 2 118
67 2 0
67 2 0
67 2 166
67 2 0
68 1 0
68 1 568
68 1 779
68 1 0
68 1 0
68 1 0
69 2 0
69 2 223
69 2 581
69 2 509
69 2 0
70 1 0
70 1 321
70 1 233
70 1 701
70 1 177
70 1 494
70 1 0
71 2 0
71 2 694
71 2 0
72 2 0
72 2 835
72 2 471
72 2 0
73 2 0
73 2 207
73 2 453
73 2 88
73 2 78
73 2 661
73 2 0
73 2 0
73 2 0
74 1 0
74 1 130
74 1 0
75 2 0
75 2 748
75 2 936
75 2 630
75 2 0
76 2 0
76 2 186
76 2 628
76 2 937
76 2 211
76 2 761
76 2 595
76 2 0
77 2 0
77 2 756
77 2 134
77 2 420
77 2 175
77 2 376
77 2 601
77 2 140
77 2 515
77 2 0
77 2 0
77 2 0
78 1 0
78 1 150
78 1 193
78 1 840
78 1 0
79 2 0
79 2 794
79 2 874
79 2 828
79 2 0
79 2 0
79 2 43
79 2 11
79 2 0
80 2 0
80 2 328
80 2 771
80 2 492
80 2 413
80 2 0
80 2 0
80 2 718
80 2 0
80 2 0
80 2 0
81 1 0
81 1 411
81 1 247
81 1 190
81 1 0
81 1 0
81 1 183
81 1 960
81 1 24
81 1 0
82 2 0
82 2 930
82 2 282
82 2 126
82 2 683
82 2 0
82 2 0
82 2 33
82 2 0
83 2 0
83 2 564
83 2 695
83 2 657
83 2 703
83 2 0
83 2 0
83 2 29
83 2 0
84 1 0
84 1 941
84 1 891
84 1 341
84 1 685
84 1 0
84 1 0
84 1 2
84 1 479
84 1 0
85 2 0
85 2 329
85 2 991
85 2 578
85 2 365
85 2 0
85 2 0
85 2 330
85 2 0
86 1 0
86 1 273
86 1 746
86 1 894
86 1 25
86 1 726
86 1 758
86 1 0
86 1 0
86 1 0
86 1 0
87 1 0
87 1 18
87 1 332
87 1 458
87 1 393
87 1 861
87 1 457
87 1 119
87 1 0
87 1 0
87 1 0
87 1 0
88 2 0
88 2 934
88 2 627
88 2 848
88 2 342
88 2 750
88 2 607
88 2 0
89 1 0
89 1 366
89 1 0
89 1 0
89 1 977
89 1 97
89 1 465
89 1 881
89 1 0
89 1 0
89 1 0
90 1 0
90 1 640
90 1 777
90 1 665
90 1 554
90 1 0
90 1 0
90 1 705
90 1 91
90 1 23
90 1 0
91 2 0
91 2 59
91 2 407
91 2 951
91 2 659
91 2 414
91 2 245
91 2 505
91 2 0
91 2 0
92 2 0
92 2 870
92 2 272
92 2 85
92 2 842
92 2 0
92 2 0
92 2 0
93 1 0
93 1 999
93 1 719
93 1 622
93 1 573
93 1 942
93 1 883
93 1 265
93 1 0
93 1 0
93 1 0
93 1 0
94 1 0
94 1 429
94 1 797
94 1 805
94 1 466
94 1 587
94 1 0
95 2 0
95 2 30
95 2 660
95 2 582
95 2 875
95 2 122
95 2 983
95 2 558
95 2 706
95 2 0
95 2 0
96 2 0
96 2 79
96 2 663
96 2 586
96 2 904
96 2 624
96 2 847
96 2 0
96 2 0
96 2 0
97 1 0
97 1 31
97 1 849
97 1 832
97 1 976
97 1 619
97 1 53
97 1 0
97 1 0
97 1 0
97 1 0
98 2 0
98 2 735
98 2 484
98 2 172
98 2 948
98 2 0
99 1 0
99 1 764
99 1 819
99 1 0
99 1 0
99 1 396
99 1 214
99 1 0
99 1 0
99 1 0
100 2 0
100 2 655
100 2 712
100 2 653
100 2 0
100 2 0
100 2 656
100 2 727
100 2 0
100 2 0
100 2 0
101 2 0
101 2 218
101 2 432
101 2 34
101 2 339
101 2 928
101 2 0
102 2 0
102 2 782
102 2 830
102 2 730
102 2 0
102 2 0
102 2 173
102 2 898
102 2 789
102 2 0
103 2 0
103 2 149
103 2 792
103 2 613
103 2 320
103 2 0
103 2 0
103 2 496
103 2 301
103 2 626
103 2 0
103 2 0
103 2 0
104 1 0
104 1 294
104 1 950
104 1 927
104 1 318
104 1 0
104 1 0
104 1 877
104 1 298
104 1 0
105 2 0
105 2 642
105 2 908
105 2 728
105 2 498
105 2 548
105 2 503
105 2 381
105 2 617
105 2 0
105 2 0
106 1 0
106 1 662
106 1 857
106 1 0
107 1 0
107 1 10
107 1 672
107 1 824
107 1 0
107 1 0
107 1 0
108 2 0
108 2 445
108 2 348
108 2 165
108 2 920
108 2 638
108 2 772
108 2 0
108 2 0
108 2 0
109 2 0
109 2 557
109 2 812
109 2 287
109 2 0
109 2 0
109 2 0
110 2 0
110 2 251
110 2 988
110 2 588
110 2 201
110 2 415
110 2 83
110 2 0
111 1 0
111 1 546
111 1 182
111 1 0
112 1 0
112 1 720
112 1 502
112 1 346
112 1 461
112 1 46
112 1 104
112 1 0
112 1 0
113 2 0
113 2 313
113 2 903
113 2 98
113 2 0
113 2 0
113 2 571
113 2 406
113 2 202
113 2 0
114 1 0
114 1 109
114 1 853
114 1 825
114 1 0
114 1 0
114 1 536
114 1 0
115 1 0
115 1 596
115 1 467
115 1 82
115 1 0
115 1 0
115 1 0
116 2 0
116 2 998
116 2 559
116 2 555
116 2 526
116 2 116
116 2 0
117 2 0
117 2 142
117 2 634
117 2 387
117 2 566
117 2 176
117 2 0
117 2 0
117 2 530
117 2 0
118 2 0
118 2 144
118 2 827
118 2 357
118 2 156
118 2 823
118 2 0
118 2 0
118 2 0
119 2 0
119 2 534
119 2 488
119 2 187
119 2 725
119 2 0
119 2 0
119 2 818
119 2 222
119 2 0
119 2 0
119 2 0
120 1 0
120 1 862
120 1 744
120 1 145
120 1 839
120 1 60
120 1 6
120 1 89
120 1 433
120 1 0
120 1 0
120 1 0
120 1 0
121 2 0
121 2 296
121 2 0
121 2 0
121 2 994
121 2 127
121 2 786
121 2 0
121 2 0
121 2 0
122 2 0
122 2 364
122 2 743
122 2 860
122 2 236
122 2 723
122 2 146
122 2 491
122 2 0
122 2 0
123 1 0
123 1 385
123 1 253
123 1 615
123 1 895
123 1 0
123 1 0
123 1 0
123 1 0
124 2 0
124 2 42
124 2 327
124 2 123
124 2 834
124 2 651
124 2 760
124 2 297
124 2 890
124 2 905
124 2 0
124 2 0
125 2 0
125 2 271
125 2 73
125 2 740
125 2 0
126 2 0
126 2 240
126 2 249
126 2 0
126 2 0
126 2 811
126 2 317
126 2 0
127 1 0
127 1 670
127 1 698
127 1 35
127 1 263
127 1 845
127 1 579
127 1 829
127 1 295
127 1 0
127 1 0
128 1 0
128 1 409
128 1 384
128 1 382
128 1 90
128 1 0
128 1 0
129 1 0
129 1 32
129 1 917
129 1 912
129 1 0
130 1 0
130 1 523
130 1 0
131 2 0
131 2 15
131 2 522
131 2 499
131 2 979
131 2 0
131 2 0
132 2 0
132 2 514
132 2 914
132 2 0
133 2 0
133 2 402
133 2 733
133 2 636
133 2 0
133 2 0
133 2 995
133 2 451
133 2 0
133 2 0
133 2 0
134 1 0
134 1 69
134 1 1000
134 1 913
134 1 0
134 1 0
134 1 0
134 1 0
135 2 0
135 2 448
135 2 196
135 2 131
135 2 872
135 2 681
135 2 331
135 2 326
135 2 373
135 2 0
135 2 0
135 2 0
135 2 0
136 1 0
136 1 722
136 1 986
136 1 635
136 1 0
136 1 0
136 1 0
136 1 765
136 1 68
136 1 0
137 1 0
137 1 982
137 1 368
137 1 984
137 1 713
137 1 0
137 1 0
137 1 0
137 1 0
138 2 0
138 2 374
138 2 788
138 2 137
138 2 598
138 2 377
138 2 556
138 2 0
138 2 0
138 2 0
138 2 0
139 1 0
139 1 22
139 1 316
139 1 972
139 1 978
139 1 0
139 1 0
139 1 0
139 1 412
139 1 0
140 1 0
140 1 773
140 1 464
140 1 370
140 1 632
140 1 0
140 1 0
140 1 0
140 1 0
141 2 0
141 2 277
141 2 916
141 2 962
141 2 162
141 2 633
141 2 795
141 2 0
141 2 0
142 1 0
142 1 690
142 1 256
142 1 56
142 1 560
142 1 858
142 1 0
142 1 0
143 2 0
143 2 367
143 2 0
143 2 0
143 2 0
144 1 0
144 1 449
144 1 460
144 1 893
144 1 597
144 1 549
144 1 286
144 1 486
144 1 915
144 1 0
144 1 0
144 1 0
144 1 0
145 2 0
145 2 372
145 2 882
145 2 0
146 2 0
146 2 450
146 2 303
146 2 959
146 2 308
146 2 49
146 2 704
146 2 386
146 2 0
146 2 0
147 2 0
147 2 5
147 2 867
147 2 267
147 2 0
147 2 0
147 2 506
147 2 0
148 2 0
148 2 243
148 2 120
148 2 0
148 2 0
148 2 305
148 2 0
149 2 0
149 2 625
149 2 224
149 2 981
149 2 507
149 2 649
149 2 299
149 2 169
149 2 0
149 2 0
150 1 0
150 1 325
150 1 0
150 1 0
150 1 0
151 2 0
151 2 184
151 2 194
151 2 747
151 2 674
151 2 517
151 2 552
151 2 252
151 2 0
151 2 0
151 2 0
151 2 0
152 2 0
152 2 745
152 2 0
152 2 0
152 2 221
152 2 0
153 2 0
153 2 643
153 2 884
153 2 0
153 2 0
153 2 569
153 2 87
153 2 55
153 2 0
153 2 0
154 2 0
154 2 198
154 2 238
154 2 966
154 2 859
154 2 0
155 2 0
155 2 155
155 2 618
155 2 0
155 2 0
155 2 112
155 2 0
156 1 0
156 1 924
156 1 623
156 1 117
156 1 378
156 1 280
156 1 0
156 1 0
156 1 0
156 1 0
157 1 0
157 1 684
157 1 422
157 1 21
157 1 197
157 1 687
157 1 0
157 1 0
157 1 0
157 1 0
158 1 0
158 1 416
158 1 129
158 1 901
158 1 159
158 1 671
158 1 105
158 1 961
158 1 0
158 1 0
158 1 0
158 1 0
159 2 0
159 2 268
159 2 333
159 2 241
159 2 599
159 2 0
159 2 0
159 2 0
159 2 0
160 2 0
160 2 482
160 2 379
160 2 768
160 2 350
160 2 0
160 2 0
160 2 0
160 2 0
161 1 0
161 1 210
161 1 900
161 1 667
161 1 242
161 1 0
161 1 0
161 1 0
161 1 0
162 1 0
162 1 72
162 1 639
162 1 737
162 1 0
162 1 0
163 2 0
163 2 993
163 2 0
164 2 0
164 2 61
164 2 631
164 2 946
164 2 353
164 2 361
164 2 711
164 2 0
164 2 0
164 2 0
164 2 0
165 1 0
165 1 362
165 1 96
165 1 629
165 1 0
165 1 0
166 2 0
166 2 103
166 2 244
166 2 567
166 2 528
166 2 533
166 2 963
166 2 427
166 2 344
166 2 739
166 2 0
166 2 0
166 2 0
166 2 0
167 1 0
167 1 100
167 1 347
167 1 878
167 1 206
167 1 585
167 1 879
167 1 0
167 1 0
167 1 0
167 1 0
168 1 0
168 1 770
168 1 403
168 1 0
168 1 0
168 1 0
168 1 322
168 1 0
168 1 0
169 1 0
169 1 953
169 1 691
169 1 174
169 1 306
169 1 0
169 1 0
169 1 0
169 1 76
169 1 0
169 1 0
170 1 0
170 1 443
170 1 228
170 1 439
170 1 0
170 1 0
171 2 0
171 2 227
171 2 203
171 2 115
171 2 452
171 2 926
171 2 696
171 2 0
171 2 0
171 2 0
171 2 0
172 2 0
172 2 483
172 2 343
172 2 575
172 2 0
172 2 0
172 2 0
172 2 195
172 2 0
173 1 0
173 1 215
173 1 769
173 1 16
173 1 388
173 1 0
173 1 0
173 1 0
173 1 75
173 1 0
173 1 0
174 1 0
174 1 20
174 1 132
174 1 444
174 1 147
174 1 0
174 1 0
174 1 0
174 1 0
175 2 0
175 2 52
175 2 258
175 2 592
175 2 285
175 2 121
175 2 519
175 2 836
175 2 0
175 2 0
175 2 0
175 2 0
176 1 0
176 1 261
176 1 736
176 1 766
176 1 637
176 1 0
176 1 0
176 1 0
176 1 0
177 1 0
177 1 821
177 1 225
177 1 358
177 1 0
177 1 0
177 1 0
177 1 864
177 1 375
177 1 0
177 1 0
178 2 0
178 2 111
178 2 487
178 2 933
178 2 0
178 2 0
178 2 0
178 2 952
178 2 594
178 2 0
178 2 0
178 2 0
178 2 0
179 1 0
179 1 312
179 1 302
179 1 892
179 1 139
179 1 0
179 1 0
179 1 0
179 1 0
180 1 0
180 1 355
180 1 589
180 1 26
180 1 889
180 1 0
180 1 0
180 1 0
180 1 0
181 2 0
181 2 931
181 2 234
181 2 405
181 2 239
181 2 337
181 2 537
181 2 300
181 2 0
181 2 0
181 2 0
181 2 0
182 1 0
182 1 851
182 1 363
182 1 614
182 1 833
182 1 48
182 1 0
182 1 0
182 1 0
182 1 0
183 1 0
183 1 70
183 1 67
183 1 658
183 1 583
183 1 0
183 1 0
183 1 0
183 1 3
183 1 0
183 1 0
184 1 0
184 1 896
184 1 547
184 1 231
184 1 620
184 1 0
184 1 0
184 1 0
184 1 0
185 1 0
185 1 262
185 1 0
185 1 0
185 1 0
185 1 260
185 1 138
185 1 110
185 1 0
185 1 0
186 1 0
186 1 1
186 1 886
186 1 500
186 1 469
186 1 19
186 1 0
186 1 0
187 2 0
187 2 804
187 2 213
187 2 0
187 2 0
187 2 0
187 2 278
187 2 787
187 2 77
187 2 0
187 2 0
187 2 0
187 2 0
188 2 0
188 2 822
188 2 0
188 2 0
188 2 0
188 2 0
189 1 0
189 1 62
189 1 390
189 1 968
189 1 731
189 1 0
189 1 0
189 1 0
189 1 0
190 1 0
190 1 729
190 1 775
190 1 0
190 1 0
190 1 0
190 1 219
190 1 0
190 1 0
191 1 0
191 1 65
191 1 774
191 1 702
191 1 315
191 1 0
191 1 0
192 1 0
192 1 521
192 1 888
192 1 551
192 1 395
192 1 0
192 1 0
192 1 0
192 1 0
193 2 0
193 2 431
193 2 572
193 2 235
193 2 0
193 2 0
194 1 0
194 1 688
194 1 540
194 1 424
194 1 935
194 1 0
194 1 0
194 1 0
194 1 0
195 2 0
195 2 143
195 2 985
195 2 958
195 2 51
195 2 957
195 2 869
195 2 274
195 2 0
195 2 0
195 2 0
195 2 0
196 1 0
196 1 584
196 1 371
196 1 0
196 1 0
196 1 0
196 1 0
197 2 0
197 2 192
197 2 762
197 2 527
197 2 359
197 2 708
197 2 0
197 2 0
197 2 0
197 2 0
198 2 0
198 2 185
198 2 179
198 2 987
198 2 421
198 2 0
198 2 0
198 2 0
198 2 0
199 2 0
199 2 780
199 2 39
199 2 50
199 2 270
199 2 0
199 2 0
200 1 0
200 1 956
200 1 474
200 1 0
200 1 209
200 1 0
200 1 0
201 1 0
201 1 152
201 1 0
201 1 0
202 1 0
202 1 108
202 1 12
202 1 0
202 1 0
203 2 0
203 2 13
203 2 0
203 2 0
