total cost: 345736
1 2 0
1 2 553
1 2 288
1 2 767
1 2 0
1 2 0
1 2 307
1 2 793
1 2 0
1 2 0
1 2 141
1 2 0
2 2 0
2 2 220
2 2 802
2 2 577
2 2 254
2 2 170
2 2 749
2 2 0
2 2 0
2 2 654
2 2 520
2 2 0
3 1 0
3 1 801
3 1 754
3 1 593
3 1 475
3 1 510
3 1 356
3 1 0
4 2 0
4 2 463
4 2 539
4 2 154
4 2 693
4 2 0
4 2 0
4 2 180
4 2 257
4 2 0
5 1 0
5 1 616
5 1 161
5 1 652
5 1 0
5 1 0
5 1 0
6 2 0
6 2 408
6 2 974
6 2 716
6 2 525
6 2 476
6 2 0
7 2 0
7 2 645
7 2 865
7 2 189
7 2 442
7 2 92
7 2 717
7 2 532
7 2 0
7 2 0
7 2 0
8 1 0
8 1 281
8 1 57
8 1 710
8 1 423
8 1 544
8 1 380
8 1 0
9 1 0
9 1 605
9 1 947
9 1 501
9 1 831
9 1 602
9 1 401
9 1 229
9 1 0
9 1 0
9 1 0
10 2 0
10 2 354
10 2 954
10 2 459
10 2 454
10 2 0
10 2 0
10 2 790
10 2 0
11 1 0
11 1 856
11 1 763
11 1 250
11 1 911
11 1 400
11 1 798
11 1 468
11 1 0
11 1 0
11 1 230
11 1 535
11 1 0
12 2 0
12 2 843
12 2 689
12 2 319
12 2 164
12 2 391
12 2 932
12 2 0
13 2 0
13 2 37
13 2 389
13 2 855
13 2 808
13 2 512
13 2 397
13 2 212
13 2 0
14 1 0
14 1 462
14 1 813
14 1 714
14 1 248
14 1 0
14 1 0
14 1 799
14 1 0
15 1 0
15 1 124
15 1 283
15 1 919
15 1 0
16 1 0
16 1 4
16 1 841
16 1 543
16 1 101
16 1 783
16 1 700
16 1 106
16 1 217
16 1 897
16 1 345
16 1 0
16 1 0
16 1 0
17 1 0
17 1 8
17 1 304
17 1 205
17 1 114
17 1 0
18 2 0
18 2 478
18 2 846
18 2 473
18 2 293
18 2 0
19 2 0
19 2 612
19 2 591
19 2 504
19 2 0
20 1 0
20 1 570
20 1 759
20 1 0
20 1 0
20 1 590
20 1 269
20 1 0
21 2 0
21 2 284
21 2 939
21 2 975
21 2 810
21 2 276
21 2 0
22 2 0
22 2 565
22 2 850
22 2 58
22 2 237
22 2 338
22 2 0
22 2 0
22 2 440
22 2 0
23 1 0
23 1 428
23 1 820
23 1 54
23 1 741
23 1 0
23 1 0
23 1 561
23 1 148
23 1 0
24 1 0
24 1 899
24 1 826
24 1 922
24 1 45
24 1 806
24 1 873
24 1 0
24 1 0
24 1 0
25 2 0
25 2 682
25 2 531
25 2 470
25 2 815
25 2 360
25 2 990
25 2 223
25 2 0
26 2 0
26 2 291
26 2 7
26 2 437
26 2 992
26 2 923
26 2 436
26 2 0
26 2 0
26 2 0
27 1 0
27 1 489
27 1 216
27 1 418
27 1 292
27 1 208
27 1 0
28 1 0
28 1 64
28 1 641
28 1 477
28 1 742
28 1 0
29 1 0
29 1 128
29 1 925
29 1 9
29 1 107
29 1 721
29 1 600
29 1 0
29 1 0
29 1 0
30 1 0
30 1 866
30 1 732
30 1 967
30 1 678
30 1 508
30 1 0
31 1 0
31 1 264
31 1 910
31 1 524
31 1 63
31 1 807
31 1 0
32 1 0
32 1 816
32 1 863
32 1 868
32 1 609
32 1 0
32 1 0
32 1 99
32 1 550
32 1 784
32 1 964
32 1 125
32 1 0
33 2 0
33 2 158
33 2 871
33 2 36
33 2 204
33 2 563
33 2 940
33 2 314
33 2 0
33 2 0
33 2 0
34 2 0
34 2 113
34 2 529
34 2 738
34 2 907
34 2 349
34 2 0
34 2 0
34 2 171
34 2 0
35 2 0
35 2 17
35 2 715
35 2 902
35 2 425
35 2 776
35 2 668
35 2 0
35 2 0
35 2 0
36 1 0
36 1 541
36 1 611
36 1 647
36 1 255
36 1 0
36 1 0
36 1 0
37 1 0
37 1 441
37 1 580
37 1 538
37 1 446
37 1 495
37 1 949
37 1 852
37 1 692
37 1 0
38 2 0
38 2 606
38 2 955
38 2 542
38 2 266
38 2 707
38 2 246
38 2 40
38 2 166
38 2 11
38 2 27
38 2 0
38 2 0
38 2 0
39 1 0
39 1 14
39 1 666
39 1 207
39 1 168
39 1 803
39 1 516
39 1 0
39 1 0
39 1 0
40 1 0
40 1 153
40 1 394
40 1 603
40 1 0
41 2 0
41 2 335
41 2 608
41 2 513
41 2 906
41 2 545
41 2 0
41 2 0
41 2 0
42 1 0
42 1 232
42 1 676
42 1 969
42 1 44
42 1 383
42 1 0
43 2 0
43 2 133
43 2 399
43 2 680
43 2 844
43 2 438
43 2 481
43 2 0
43 2 0
43 2 0
44 1 0
44 1 279
44 1 921
44 1 679
44 1 472
44 1 785
44 1 0
44 1 0
44 1 0
45 1 0
45 1 791
45 1 945
45 1 880
45 1 259
45 1 0
46 1 0
46 1 677
46 1 41
46 1 136
46 1 200
46 1 0
47 2 0
47 2 837
47 2 909
47 2 0
48 2 0
48 2 650
48 2 323
48 2 178
48 2 0
49 1 0
49 1 352
49 1 191
49 1 0
50 2 0
50 2 456
50 2 102
50 2 610
50 2 574
50 2 419
50 2 621
50 2 944
50 2 669
50 2 0
50 2 0
50 2 0
51 2 0
51 2 336
51 2 369
51 2 854
51 2 426
51 2 0
51 2 0
51 2 163
51 2 47
51 2 0
52 1 0
52 1 817
52 1 157
52 1 199
52 1 324
52 1 0
52 1 0
52 1 130
52 1 74
52 1 0
53 1 0
53 1 796
53 1 564
53 1 840
53 1 0
53 1 0
53 1 435
53 1 835
53 1 0
54 2 0
54 2 518
54 2 497
54 2 404
54 2 247
54 2 0
54 2 0
54 2 95
54 2 885
54 2 0
55 2 0
55 2 562
55 2 943
55 2 410
55 2 290
55 2 0
55 2 0
55 2 664
55 2 970
55 2 0
56 2 0
56 2 351
56 2 150
56 2 876
56 2 753
56 2 929
56 2 0
56 2 0
56 2 0
57 1 0
57 1 455
57 1 724
57 1 0
58 1 0
58 1 752
58 1 310
58 1 0
58 1 0
58 1 576
58 1 0
59 1 0
59 1 93
59 1 417
59 1 181
59 1 135
59 1 289
59 1 0
60 2 0
60 2 980
60 2 86
60 2 0
61 1 0
61 1 809
61 1 430
61 1 334
61 1 938
61 1 755
61 1 800
61 1 0
61 1 0
61 1 43
61 1 0
62 2 0
62 2 699
62 2 996
62 2 697
62 2 81
62 2 628
62 2 937
62 2 211
62 2 761
62 2 595
62 2 0
63 1 0
63 1 340
63 1 781
63 1 188
63 1 84
63 1 709
63 1 757
63 1 0
63 1 0
63 1 0
64 1 0
64 1 646
64 1 392
64 1 366
64 1 85
64 1 0
64 1 0
64 1 398
64 1 80
64 1 311
64 1 0
65 1 0
65 1 989
65 1 751
65 1 673
65 1 485
65 1 0
65 1 0
65 1 160
65 1 490
65 1 471
65 1 0
66 1 0
66 1 644
66 1 329
66 1 453
66 1 88
66 1 71
66 1 661
66 1 0
66 1 0
66 1 0
67 1 0
67 1 814
67 1 977
67 1 396
67 1 685
67 1 936
67 1 581
67 1 509
67 1 0
67 1 0
67 1 0
68 2 0
68 2 275
68 2 771
68 2 479
68 2 630
68 2 0
68 2 0
68 2 0
69 2 0
69 2 648
69 2 151
69 2 973
69 2 118
69 2 656
69 2 265
69 2 0
69 2 0
69 2 0
70 2 0
70 2 511
70 2 777
70 2 79
70 2 663
70 2 601
70 2 0
70 2 0
70 2 0
71 2 0
71 2 686
71 2 233
71 2 701
71 2 177
71 2 494
71 2 0
72 1 0
72 1 321
72 1 134
72 1 218
72 1 376
72 1 515
72 1 0
72 1 0
72 1 0
73 2 0
73 2 447
73 2 705
73 2 91
73 2 848
73 2 838
73 2 0
73 2 0
73 2 0
74 1 0
74 1 694
74 1 0
75 1 0
75 1 748
75 1 434
75 1 0
76 1 0
76 1 186
76 1 484
76 1 172
76 1 948
76 1 0
77 2 0
77 2 756
77 2 794
77 2 175
77 2 140
77 2 904
77 2 812
77 2 287
77 2 0
77 2 0
77 2 0
78 1 0
78 1 971
78 1 965
78 1 734
78 1 480
78 1 28
78 1 0
79 2 0
79 2 193
79 2 365
79 2 23
79 2 898
79 2 750
79 2 342
79 2 0
79 2 0
79 2 0
80 1 0
80 1 328
80 1 492
80 1 413
80 1 214
80 1 0
80 1 0
80 1 568
80 1 918
80 1 309
80 1 0
80 1 0
80 1 0
81 1 0
81 1 183
81 1 393
81 1 861
81 1 457
81 1 119
81 1 0
82 2 0
82 2 226
82 2 887
82 2 496
82 2 367
82 2 994
82 2 942
82 2 883
82 2 0
83 1 0
83 1 411
83 1 642
83 1 908
83 1 245
83 1 414
83 1 857
83 1 0
83 1 0
83 1 0
83 1 0
84 2 0
84 2 960
84 2 536
84 2 0
85 1 0
85 1 930
85 1 941
85 1 891
85 1 730
85 1 0
85 1 0
85 1 38
85 1 0
86 1 0
86 1 934
86 1 991
86 1 578
86 1 604
86 1 182
86 1 0
86 1 0
87 1 0
87 1 18
87 1 458
87 1 332
87 1 613
87 1 0
87 1 0
87 1 0
88 2 0
88 2 273
88 2 894
88 2 25
88 2 582
88 2 726
88 2 758
88 2 587
88 2 0
89 1 0
89 1 0
90 1 0
90 1 0
91 1 0
91 1 0
92 2 0
92 2 718
92 2 0
92 2 0
92 2 0
93 1 0
93 1 30
93 1 805
93 1 466
93 1 735
93 1 0
94 2 0
94 2 557
94 2 0
95 1 0
95 1 330
95 1 0
96 2 0
96 2 675
96 2 881
96 2 298
96 2 0
97 2 0
97 2 640
97 2 554
97 2 420
97 2 555
97 2 15
97 2 432
97 2 34
97 2 339
97 2 0
97 2 0
97 2 0
97 2 0
98 1 0
98 1 695
98 1 0
99 1 0
99 1 167
99 1 782
99 1 997
99 1 493
99 1 778
99 1 0
99 1 0
99 1 94
99 1 0
100 2 0
100 2 59
100 2 703
100 2 659
100 2 951
100 2 607
100 2 0
100 2 0
100 2 0
101 1 0
101 1 870
101 1 272
101 1 0
101 1 0
101 1 586
101 1 624
101 1 847
101 1 0
102 2 0
102 2 999
102 2 719
102 2 622
102 2 573
102 2 839
102 2 6
102 2 89
102 2 0
102 2 0
103 1 0
103 1 429
103 1 988
103 1 927
103 1 318
103 1 0
103 1 0
103 1 877
103 1 779
103 1 0
104 1 0
104 1 797
104 1 746
104 1 660
104 1 558
104 1 983
104 1 706
104 1 0
104 1 0
105 1 0
105 1 31
105 1 849
105 1 832
105 1 190
105 1 0
106 1 0
106 1 341
106 1 819
106 1 126
106 1 683
106 1 0
106 1 0
106 1 66
106 1 0
107 1 0
107 1 764
107 1 294
107 1 97
107 1 465
107 1 0
107 1 0
107 1 33
107 1 0
108 1 0
108 1 282
108 1 571
108 1 0
108 1 0
108 1 662
108 1 112
108 1 0
109 2 0
109 2 874
109 2 828
109 2 0
109 2 0
109 2 173
109 2 789
109 2 0
110 1 0
110 1 0
111 1 0
111 1 0
112 1 0
112 1 0
113 1 0
113 1 0
114 2 0
114 2 657
114 2 0
114 2 0
114 2 655
114 2 920
114 2 638
114 2 0
114 2 0
114 2 0
115 2 0
115 2 830
115 2 596
115 2 364
115 2 467
115 2 842
115 2 0
115 2 0
115 2 24
115 2 0
116 1 0
116 1 149
116 1 792
116 1 320
116 1 460
116 1 0
116 1 0
116 1 0
116 1 10
116 1 727
116 1 0
116 1 0
116 1 0
117 1 0
117 1 445
117 1 387
117 1 348
117 1 0
117 1 0
117 1 0
118 1 0
118 1 665
118 1 559
118 1 526
118 1 116
118 1 928
118 1 0
118 1 0
119 2 0
119 2 78
119 2 627
119 2 546
119 2 0
120 1 0
120 1 251
120 1 720
120 1 346
120 1 461
120 1 46
120 1 104
120 1 0
120 1 0
121 2 0
121 2 950
121 2 502
121 2 0
122 1 0
122 1 712
122 1 653
122 1 448
122 1 681
122 1 0
122 1 0
122 1 0
122 1 0
123 2 0
123 2 313
123 2 903
123 2 0
123 2 0
123 2 976
123 2 875
123 2 506
123 2 0
123 2 0
123 2 0
124 2 0
124 2 109
124 2 853
124 2 825
124 2 972
124 2 978
124 2 0
124 2 0
124 2 672
124 2 824
124 2 0
125 1 0
125 1 998
125 1 522
125 1 499
125 1 979
125 1 0
125 1 0
125 1 0
125 1 0
126 2 0
126 2 271
126 2 144
126 2 53
126 2 619
126 2 895
126 2 0
127 2 0
127 2 296
127 2 145
127 2 32
127 2 0
127 2 0
127 2 82
127 2 0
128 2 0
128 2 142
128 2 634
128 2 566
128 2 176
128 2 325
128 2 5
128 2 155
128 2 0
128 2 0
128 2 0
128 2 0
129 2 0
129 2 534
129 2 488
129 2 187
129 2 626
129 2 0
129 2 0
129 2 0
130 2 0
130 2 818
130 2 786
130 2 0
130 2 0
130 2 0
131 2 0
131 2 862
131 2 744
131 2 60
131 2 859
131 2 924
131 2 0
131 2 0
131 2 530
131 2 772
131 2 0
132 2 0
132 2 385
132 2 253
132 2 615
132 2 617
132 2 381
132 2 503
132 2 0
132 2 0
133 1 0
133 1 301
133 1 222
133 1 0
133 1 0
133 1 0
134 2 0
134 2 407
134 2 827
134 2 156
134 2 823
134 2 548
134 2 0
135 2 0
135 2 505
135 2 0
136 1 0
136 1 523
136 1 1000
136 1 0
136 1 0
136 1 0
137 1 0
137 1 42
137 1 327
137 1 728
137 1 498
137 1 0
137 1 0
137 1 0
137 1 165
137 1 0
138 2 0
138 2 240
138 2 196
138 2 872
138 2 331
138 2 326
138 2 0
138 2 0
138 2 0
138 2 0
139 2 0
139 2 406
139 2 912
139 2 0
140 2 0
140 2 811
140 2 373
140 2 317
140 2 0
140 2 0
140 2 0
141 2 0
141 2 670
141 2 698
141 2 35
141 2 122
141 2 263
141 2 760
141 2 297
141 2 905
141 2 845
141 2 295
141 2 0
141 2 0
142 1 0
142 1 409
142 1 743
142 1 860
142 1 236
142 1 723
142 1 146
142 1 433
142 1 0
142 1 0
142 1 0
142 1 0
143 1 0
143 1 69
143 1 569
143 1 305
143 1 68
143 1 0
143 1 0
144 1 0
144 1 740
144 1 0
145 1 0
145 1 384
145 1 382
145 1 90
145 1 0
145 1 0
146 2 0
146 2 127
146 2 451
146 2 0
146 2 0
146 2 0
147 1 0
147 1 514
147 1 914
147 1 123
147 1 834
147 1 651
147 1 0
147 1 0
148 2 0
148 2 402
148 2 733
148 2 636
148 2 83
148 2 0
148 2 0
148 2 412
148 2 0
149 1 0
149 1 917
149 1 202
149 1 372
149 1 0
149 1 0
149 1 0
149 1 0
150 1 0
150 1 722
150 1 98
150 1 986
150 1 0
150 1 0
150 1 0
150 1 995
150 1 0
151 2 0
151 2 982
151 2 368
151 2 357
151 2 73
151 2 579
151 2 984
151 2 829
151 2 0
151 2 0
151 2 0
151 2 0
152 2 0
152 2 374
152 2 788
152 2 131
152 2 249
152 2 377
152 2 556
152 2 0
152 2 0
152 2 0
152 2 0
153 1 0
153 1 22
153 1 884
153 1 0
153 1 0
153 1 0
153 1 765
153 1 0
153 1 0
153 1 0
154 2 0
154 2 773
154 2 464
154 2 635
154 2 632
154 2 415
154 2 201
154 2 0
154 2 0
155 1 0
155 1 277
155 1 916
155 1 56
155 1 162
155 1 633
155 1 795
155 1 0
155 1 0
155 1 0
155 1 0
156 2 0
156 2 690
156 2 256
156 2 962
156 2 858
156 2 560
156 2 0
156 2 0
157 1 0
157 1 588
157 1 993
157 1 0
158 2 0
158 2 913
158 2 0
159 2 0
159 2 449
159 2 893
159 2 747
159 2 674
159 2 517
159 2 486
159 2 286
159 2 915
159 2 252
159 2 241
159 2 55
159 2 0
159 2 0
159 2 0
159 2 0
160 1 0
160 1 450
160 1 303
160 1 959
160 1 308
160 1 49
160 1 704
160 1 386
160 1 0
160 1 0
161 2 0
161 2 725
161 2 0
161 2 0
161 2 221
161 2 0
162 1 0
162 1 625
162 1 224
162 1 981
162 1 507
162 1 649
162 1 0
162 1 0
162 1 0
162 1 0
163 1 0
163 1 243
163 1 120
163 1 0
163 1 0
163 1 0
163 1 0
164 1 0
164 1 370
164 1 244
164 1 567
164 1 528
164 1 361
164 1 0
164 1 0
164 1 0
164 1 0
165 2 0
165 2 598
165 2 316
165 2 867
165 2 0
165 2 0
165 2 195
165 2 890
165 2 0
166 2 0
166 2 184
166 2 194
166 2 597
166 2 623
166 2 117
166 2 0
166 2 0
166 2 0
166 2 87
166 2 0
166 2 0
166 2 0
167 1 0
167 1 643
167 1 0
167 1 0
167 1 0
168 1 0
168 1 966
168 1 238
168 1 900
168 1 210
168 1 491
168 1 0
168 1 0
168 1 0
168 1 0
169 2 0
169 2 137
169 2 268
169 2 0
169 2 0
169 2 362
169 2 242
169 2 76
169 2 0
170 1 0
170 1 198
170 1 129
170 1 227
170 1 878
170 1 0
170 1 0
170 1 0
170 1 0
171 1 0
171 1 618
171 1 549
171 1 0
171 1 0
171 1 0
171 1 0
172 1 0
172 1 684
172 1 422
172 1 21
172 1 197
172 1 687
172 1 0
172 1 0
172 1 0
172 1 0
173 2 0
173 2 416
173 2 901
173 2 159
173 2 671
173 2 105
173 2 961
173 2 629
173 2 0
173 2 0
174 2 0
174 2 482
174 2 379
174 2 768
174 2 350
174 2 0
174 2 0
174 2 0
174 2 0
175 2 0
175 2 267
175 2 0
175 2 0
175 2 152
175 2 0
175 2 0
175 2 0
176 2 0
176 2 72
176 2 667
176 2 952
176 2 75
176 2 0
176 2 0
177 1 0
177 1 0
178 2 0
178 2 745
178 2 0
178 2 0
178 2 882
178 2 0
179 2 0
179 2 333
179 2 552
179 2 599
179 2 3
179 2 0
179 2 0
180 1 0
180 1 61
180 1 631
180 1 946
180 1 353
180 1 443
180 1 427
180 1 0
180 1 0
180 1 0
180 1 0
181 1 0
181 1 103
181 1 261
181 1 769
181 1 533
181 1 963
181 1 0
181 1 0
181 1 0
181 1 0
182 2 0
182 2 100
182 2 378
182 2 585
182 2 879
182 2 836
182 2 0
182 2 0
183 2 0
183 2 770
183 2 403
183 2 851
183 2 931
183 2 363
183 2 0
183 2 0
183 2 0
183 2 0
184 2 0
184 2 737
184 2 639
184 2 0
185 1 0
185 1 322
185 1 138
185 1 0
185 1 0
186 2 0
186 2 299
186 2 169
186 2 0
187 1 0
187 1 953
187 1 691
187 1 174
187 1 306
187 1 0
187 1 0
187 1 0
187 1 96
187 1 0
187 1 0
188 2 0
188 2 483
188 2 343
188 2 575
188 2 0
188 2 0
188 2 0
188 2 108
188 2 0
189 1 0
189 1 115
189 1 347
189 1 358
189 1 225
189 1 0
189 1 0
189 1 0
189 1 0
190 2 0
190 2 215
190 2 355
190 2 278
190 2 787
190 2 65
190 2 739
190 2 431
190 2 0
190 2 0
191 2 0
191 2 52
191 2 452
191 2 258
191 2 926
191 2 696
191 2 519
191 2 0
191 2 0
191 2 0
191 2 0
192 2 0
192 2 711
192 2 344
192 2 0
192 2 0
192 2 0
193 1 0
193 1 228
193 1 439
193 1 0
193 1 0
194 1 0
194 1 20
194 1 132
194 1 444
194 1 147
194 1 0
194 1 0
194 1 0
194 1 29
194 1 0
195 2 0
195 2 203
195 2 121
195 2 896
195 2 547
195 2 231
195 2 620
195 2 0
195 2 0
196 1 0
196 1 206
196 1 285
196 1 0
196 1 0
196 1 0
196 1 0
197 1 0
197 1 821
197 1 405
197 1 239
197 1 390
197 1 0
197 1 0
197 1 0
197 1 0
198 2 0
198 2 111
198 2 933
198 2 0
198 2 0
198 2 0
198 2 864
198 2 375
198 2 892
198 2 0
198 2 0
199 2 0
199 2 312
199 2 302
199 2 614
199 2 833
199 2 300
199 2 537
199 2 0
199 2 0
200 2 0
200 2 16
200 2 388
200 2 736
200 2 766
200 2 888
200 2 572
200 2 395
200 2 0
200 2 0
200 2 0
200 2 0
201 2 0
201 2 70
201 2 67
201 2 658
201 2 583
201 2 935
201 2 337
201 2 731
201 2 0
201 2 0
201 2 0
201 2 0
202 2 0
202 2 592
202 2 1
202 2 637
202 2 0
202 2 0
202 2 0
202 2 0
203 2 0
203 2 139
203 2 110
203 2 260
203 2 0
203 2 0
204 1 0
204 1 262
204 1 0
204 1 0
204 1 0
204 1 713
204 1 774
204 1 889
204 1 0
204 1 0
204 1 0
204 1 0
205 1 0
205 1 804
205 1 886
205 1 500
205 1 0
205 1 0
205 1 0
205 1 280
205 1 594
205 1 0
205 1 0
206 2 0
206 2 487
206 2 775
206 2 987
206 2 0
206 2 0
206 2 0
206 2 822
206 2 0
206 2 0
206 2 0
206 2 0
207 1 0
207 1 234
207 1 688
207 1 62
207 1 584
207 1 0
207 1 0
207 1 0
207 1 0
208 1 0
208 1 729
208 1 968
208 1 421
208 1 762
208 1 0
208 1 0
208 1 0
208 1 0
209 2 0
209 2 213
209 2 424
209 2 192
209 2 469
209 2 527
209 2 235
209 2 0
209 2 0
209 2 0
209 2 0
210 2 0
210 2 589
210 2 39
210 2 359
210 2 77
210 2 957
210 2 869
210 2 0
210 2 0
211 2 0
211 2 702
211 2 315
211 2 551
211 2 371
211 2 0
211 2 0
212 1 0
212 1 521
212 1 0
212 1 0
213 1 0
213 1 143
213 1 958
213 1 985
213 1 51
213 1 0
213 1 270
213 1 0
213 1 0
214 1 0
214 1 185
214 1 179
214 1 50
214 1 0
214 1 219
214 1 0
214 1 0
215 1 0
215 1 780
215 1 540
215 1 48
215 1 0
215 1 209
215 1 274
215 1 12
215 1 0
215 1 0
216 1 0
216 1 956
216 1 474
216 1 0
216 1 19
216 1 708
216 1 0
216 1 0
217 1 0
217 1 26
217 1 0
217 1 0
217 1 0
217 1 13
217 1 0
217 1 0
218 1 0
218 1 2
218 1 0
