total cost: 347878
1 2 0
1 2 553
1 2 288
1 2 767
1 2 0
1 2 0
1 2 616
1 2 180
1 2 257
1 2 932
1 2 0
2 2 0
2 2 220
2 2 802
2 2 577
2 2 408
2 2 801
2 2 0
2 2 0
2 2 307
2 2 790
2 2 0
2 2 0
2 2 141
2 2 0
3 1 0
3 1 539
3 1 462
3 1 813
3 1 693
3 1 754
3 1 974
3 1 0
3 1 0
3 1 793
3 1 654
3 1 0
4 2 0
4 2 645
4 2 865
4 2 189
4 2 428
4 2 0
4 2 0
4 2 652
4 2 591
4 2 520
4 2 0
5 2 0
5 2 605
5 2 856
5 2 947
5 2 593
5 2 602
5 2 716
5 2 525
5 2 8
5 2 476
5 2 205
5 2 0
6 2 0
6 2 463
6 2 354
6 2 442
6 2 710
6 2 717
6 2 94
6 2 732
6 2 600
6 2 0
6 2 0
6 2 0
7 2 0
7 2 254
7 2 57
7 2 843
7 2 423
7 2 798
7 2 468
7 2 380
7 2 304
7 2 114
7 2 0
8 2 0
8 2 281
8 2 532
8 2 489
8 2 440
8 2 391
8 2 0
9 2 0
9 2 954
9 2 154
9 2 37
9 2 283
9 2 919
9 2 475
9 2 0
9 2 0
9 2 0
10 2 0
10 2 170
10 2 400
10 2 689
10 2 749
10 2 229
10 2 510
10 2 356
10 2 0
11 2 0
11 2 459
11 2 454
11 2 124
11 2 401
11 2 535
11 2 799
11 2 0
12 2 0
12 2 4
12 2 911
12 2 899
12 2 831
12 2 939
12 2 759
12 2 0
12 2 0
12 2 161
12 2 504
12 2 0
13 2 0
13 2 763
13 2 250
13 2 237
13 2 850
13 2 58
13 2 0
13 2 0
13 2 544
13 2 0
14 2 0
14 2 501
14 2 682
14 2 101
14 2 922
14 2 217
14 2 470
14 2 783
14 2 815
14 2 897
14 2 0
15 2 0
15 2 478
15 2 473
15 2 863
15 2 609
15 2 0
15 2 0
15 2 319
15 2 641
15 2 477
15 2 0
16 2 0
16 2 164
16 2 92
16 2 216
16 2 650
16 2 885
16 2 323
16 2 178
16 2 0
17 2 0
17 2 841
17 2 7
17 2 543
17 2 992
17 2 437
17 2 40
17 2 246
17 2 990
17 2 844
17 2 0
17 2 0
17 2 0
18 1 0
18 1 570
18 1 264
18 1 99
18 1 63
18 1 807
18 1 0
18 1 0
18 1 0
19 2 0
19 2 284
19 2 826
19 2 700
19 2 106
19 2 345
19 2 880
19 2 259
19 2 0
19 2 0
19 2 0
20 2 0
20 2 975
20 2 810
20 2 276
20 2 784
20 2 86
20 2 0
21 2 0
21 2 565
21 2 910
21 2 816
21 2 868
21 2 349
21 2 0
21 2 0
21 2 714
21 2 293
21 2 0
22 2 0
22 2 291
22 2 542
22 2 266
22 2 399
22 2 680
22 2 873
22 2 360
22 2 694
22 2 223
22 2 0
23 2 0
23 2 846
23 2 335
23 2 608
23 2 447
23 2 705
23 2 0
23 2 0
23 2 0
24 2 0
24 2 64
24 2 171
24 2 945
24 2 191
24 2 964
24 2 0
25 2 0
25 2 820
25 2 925
25 2 9
25 2 324
25 2 648
25 2 0
25 2 0
25 2 742
25 2 0
26 1 0
26 1 866
26 1 128
26 1 741
26 1 0
26 1 0
26 1 107
26 1 837
26 1 0
26 1 0
26 1 0
27 2 0
27 2 158
27 2 871
27 2 338
27 2 204
27 2 563
27 2 940
27 2 677
27 2 314
27 2 0
27 2 0
27 2 0
28 2 0
28 2 54
28 2 715
28 2 902
28 2 418
28 2 84
28 2 709
28 2 776
28 2 668
28 2 0
28 2 0
28 2 0
29 2 0
29 2 389
29 2 580
29 2 538
29 2 446
29 2 232
29 2 855
29 2 808
29 2 512
29 2 397
29 2 692
29 2 0
29 2 0
29 2 0
30 2 0
30 2 113
30 2 456
30 2 102
30 2 351
30 2 921
30 2 0
30 2 0
30 2 612
30 2 590
30 2 269
30 2 0
31 2 0
31 2 738
31 2 796
31 2 644
31 2 929
31 2 545
31 2 383
31 2 44
31 2 0
32 1 0
32 1 907
32 1 666
32 1 14
32 1 676
32 1 168
32 1 803
32 1 516
32 1 0
32 1 0
32 1 0
32 1 0
33 2 0
33 2 17
33 2 188
33 2 781
33 2 177
33 2 686
33 2 160
33 2 0
33 2 0
33 2 967
33 2 0
34 2 0
34 2 36
34 2 541
34 2 647
34 2 611
34 2 255
34 2 0
34 2 0
34 2 230
34 2 0
35 2 0
35 2 529
35 2 603
35 2 207
35 2 71
35 2 661
35 2 604
35 2 0
35 2 0
35 2 0
36 2 0
36 2 524
36 2 279
36 2 785
36 2 472
36 2 513
36 2 906
36 2 0
36 2 0
36 2 0
37 2 0
37 2 606
37 2 955
37 2 562
37 2 752
37 2 410
37 2 664
37 2 0
37 2 0
37 2 678
37 2 436
37 2 0
38 2 0
38 2 153
38 2 394
38 2 453
38 2 88
38 2 578
38 2 0
38 2 0
38 2 949
38 2 852
38 2 212
38 2 0
39 1 0
39 1 531
39 1 809
39 1 430
39 1 977
39 1 396
39 1 685
39 1 0
39 1 0
39 1 148
39 1 0
40 2 0
40 2 441
40 2 991
40 2 78
40 2 365
40 2 0
40 2 0
40 2 561
40 2 508
40 2 0
41 2 0
41 2 133
41 2 806
41 2 93
41 2 791
41 2 181
41 2 135
41 2 289
41 2 0
42 2 0
42 2 721
42 2 290
42 2 485
42 2 971
42 2 0
42 2 0
42 2 0
43 2 0
43 2 707
43 2 275
43 2 970
43 2 923
43 2 166
43 2 27
43 2 0
44 2 0
44 2 45
44 2 930
44 2 771
44 2 492
44 2 413
44 2 214
44 2 0
44 2 0
44 2 352
44 2 200
44 2 0
45 2 0
45 2 336
45 2 369
45 2 854
45 2 426
45 2 0
45 2 0
45 2 495
45 2 182
45 2 0
46 1 0
46 1 817
46 1 751
46 1 0
46 1 0
46 1 435
46 1 183
46 1 835
46 1 490
46 1 471
46 1 0
46 1 0
46 1 0
47 2 0
47 2 518
47 2 497
47 2 610
47 2 574
47 2 419
47 2 150
47 2 621
47 2 0
47 2 0
47 2 0
48 2 0
48 2 455
48 2 724
48 2 0
48 2 0
48 2 0
49 2 0
49 2 909
49 2 734
49 2 965
49 2 480
49 2 0
50 2 0
50 2 679
50 2 753
50 2 838
50 2 342
50 2 0
51 2 0
51 2 980
51 2 576
51 2 0
51 2 0
51 2 0
52 2 0
52 2 199
52 2 157
52 2 887
52 2 310
52 2 973
52 2 0
52 2 0
52 2 0
53 2 0
53 2 41
53 2 417
53 2 918
53 2 309
53 2 0
53 2 0
53 2 0
54 2 0
54 2 969
54 2 23
54 2 848
54 2 607
54 2 0
55 2 0
55 2 292
55 2 208
55 2 38
55 2 398
55 2 0
56 1 0
56 1 699
56 1 996
56 1 870
56 1 0
56 1 0
56 1 550
56 1 125
56 1 675
56 1 0
56 1 0
56 1 0
57 1 0
57 1 646
57 1 334
57 1 938
57 1 755
57 1 0
57 1 0
57 1 876
57 1 944
57 1 669
57 1 857
57 1 0
58 2 0
58 2 340
58 2 134
58 2 794
58 2 233
58 2 393
58 2 861
58 2 0
58 2 0
58 2 0
59 2 0
59 2 392
59 2 273
59 2 735
59 2 628
59 2 172
59 2 937
59 2 761
59 2 595
59 2 0
60 1 0
60 1 989
60 1 458
60 1 622
60 1 0
60 1 0
60 1 248
60 1 136
60 1 0
61 2 0
61 2 814
61 2 85
61 2 800
61 2 778
61 2 881
61 2 0
61 2 0
61 2 0
62 2 0
62 2 151
62 2 118
62 2 936
62 2 656
62 2 581
62 2 630
62 2 0
63 2 0
63 2 568
63 2 779
63 2 0
64 2 0
64 2 673
64 2 943
64 2 941
64 2 438
64 2 748
64 2 509
64 2 434
64 2 0
65 2 0
65 2 511
65 2 777
65 2 663
65 2 425
65 2 79
65 2 0
65 2 0
65 2 74
65 2 0
65 2 0
65 2 0
66 2 0
66 2 321
66 2 175
66 2 376
66 2 601
66 2 515
66 2 0
66 2 0
66 2 0
67 1 0
67 1 186
67 1 894
67 1 706
67 1 983
67 1 506
67 1 0
67 1 0
67 1 0
67 1 0
68 2 0
68 2 756
68 2 420
68 2 665
68 2 554
68 2 586
68 2 140
68 2 494
68 2 80
68 2 847
68 2 0
68 2 0
68 2 0
68 2 0
69 1 0
69 1 193
69 1 0
70 2 0
70 2 328
70 2 282
70 2 571
70 2 883
70 2 942
70 2 265
70 2 0
70 2 0
70 2 0
71 1 0
71 1 0
72 2 0
72 2 718
72 2 0
72 2 0
72 2 0
73 2 0
73 2 226
73 2 496
73 2 119
73 2 301
73 2 0
74 2 0
74 2 411
74 2 404
74 2 0
74 2 0
74 2 757
74 2 812
74 2 624
74 2 0
75 2 0
75 2 960
75 2 536
75 2 0
76 2 0
76 2 934
76 2 627
76 2 0
76 2 0
76 2 163
76 2 66
76 2 0
77 2 0
77 2 329
77 2 695
77 2 0
77 2 0
77 2 130
77 2 662
77 2 0
78 2 0
78 2 564
78 2 657
78 2 703
78 2 407
78 2 951
78 2 0
78 2 0
78 2 330
78 2 311
78 2 0
78 2 0
78 2 0
79 2 0
79 2 18
79 2 332
79 2 792
79 2 613
79 2 187
79 2 0
79 2 0
79 2 95
79 2 287
79 2 0
79 2 0
79 2 0
80 2 0
80 2 30
80 2 805
80 2 466
80 2 484
80 2 211
80 2 948
80 2 587
80 2 0
81 2 0
81 2 840
81 2 659
81 2 0
81 2 0
81 2 557
81 2 0
82 2 0
82 2 697
82 2 272
82 2 0
82 2 0
82 2 701
82 2 34
82 2 339
82 2 928
82 2 0
83 1 0
83 1 640
83 1 374
83 1 0
83 1 0
83 1 481
83 1 479
83 1 11
83 1 28
83 1 0
83 1 0
83 1 0
84 2 0
84 2 167
84 2 782
84 2 997
84 2 493
84 2 97
84 2 465
84 2 842
84 2 0
84 2 0
84 2 24
84 2 0
85 2 0
85 2 999
85 2 891
85 2 730
85 2 819
85 2 0
85 2 0
85 2 457
85 2 994
85 2 824
85 2 0
85 2 0
85 2 0
86 2 0
86 2 429
86 2 25
86 2 660
86 2 582
86 2 726
86 2 758
86 2 588
86 2 0
86 2 0
86 2 0
86 2 0
87 2 0
87 2 797
87 2 988
87 2 927
87 2 318
87 2 346
87 2 461
87 2 104
87 2 90
87 2 0
87 2 0
88 2 0
88 2 31
88 2 849
88 2 832
88 2 190
88 2 619
88 2 53
88 2 503
88 2 0
88 2 0
89 2 0
89 2 341
89 2 719
89 2 839
89 2 573
89 2 0
89 2 0
89 2 877
89 2 298
89 2 0
90 1 0
90 1 764
90 1 596
90 1 126
90 1 0
90 1 0
90 1 173
90 1 750
90 1 91
90 1 789
90 1 0
90 1 0
91 2 0
91 2 746
91 2 720
91 2 366
91 2 467
91 2 683
91 2 0
91 2 0
91 2 47
91 2 0
92 1 0
92 1 247
92 1 908
92 1 728
92 1 498
92 1 0
92 1 0
92 1 0
92 1 43
92 1 0
93 1 0
93 1 830
93 1 862
93 1 364
93 1 0
93 1 0
93 1 218
93 1 904
93 1 0
94 2 0
94 2 149
94 2 534
94 2 634
94 2 825
94 2 387
94 2 0
94 2 0
94 2 546
94 2 0
95 2 0
95 2 294
95 2 950
95 2 81
95 2 402
95 2 875
95 2 122
95 2 905
95 2 890
95 2 579
95 2 0
95 2 0
96 2 0
96 2 874
96 2 828
96 2 0
96 2 0
96 2 10
96 2 727
96 2 0
96 2 0
96 2 0
97 2 0
97 2 655
97 2 712
97 2 653
97 2 0
97 2 0
97 2 898
97 2 0
98 1 0
98 1 251
98 1 986
98 1 635
98 1 0
98 1 0
98 1 0
98 1 530
98 1 638
98 1 772
98 1 0
98 1 0
98 1 0
99 2 0
99 2 642
99 2 327
99 2 615
99 2 253
99 2 760
99 2 713
99 2 829
99 2 295
99 2 0
99 2 0
99 2 0
99 2 0
100 1 0
100 1 59
100 1 144
100 1 823
100 1 548
100 1 617
100 1 381
100 1 0
100 1 0
100 1 0
100 1 0
101 1 0
101 1 313
101 1 903
101 1 98
101 1 0
101 1 0
101 1 0
101 1 245
101 1 740
101 1 0
101 1 0
101 1 0
102 2 0
102 2 109
102 2 853
102 2 972
102 2 316
102 2 978
102 2 0
102 2 0
102 2 672
102 2 412
102 2 0
103 2 0
103 2 998
103 2 559
103 2 522
103 2 526
103 2 116
103 2 0
103 2 0
104 2 0
104 2 271
104 2 827
104 2 156
104 2 834
104 2 651
104 2 895
104 2 0
104 2 0
105 2 0
105 2 296
105 2 145
105 2 917
105 2 0
105 2 0
105 2 82
105 2 46
105 2 0
106 2 0
106 2 142
106 2 320
106 2 460
106 2 725
106 2 0
106 2 0
106 2 818
106 2 0
106 2 0
106 2 0
107 2 0
107 2 502
107 2 773
107 2 464
107 2 0
107 2 0
107 2 920
107 2 317
107 2 0
108 1 0
108 1 976
108 1 414
108 1 505
108 1 0
108 1 0
108 1 0
108 1 0
109 2 0
109 2 385
109 2 35
109 2 263
109 2 845
109 2 858
109 2 0
109 2 0
110 2 0
110 2 445
110 2 448
110 2 331
110 2 326
110 2 373
110 2 556
110 2 0
110 2 0
110 2 0
110 2 0
111 2 0
111 2 523
111 2 0
111 2 0
111 2 367
111 2 786
111 2 0
111 2 0
111 2 0
112 2 0
112 2 555
112 2 196
112 2 598
112 2 569
112 2 765
112 2 1000
112 2 0
112 2 0
112 2 0
112 2 0
113 1 0
113 1 488
113 1 0
114 2 0
114 2 432
114 2 811
114 2 305
114 2 68
114 2 0
115 2 0
115 2 42
115 2 698
115 2 636
115 2 632
115 2 711
115 2 737
115 2 415
115 2 0
115 2 0
115 2 0
115 2 0
116 2 0
116 2 240
116 2 249
116 2 872
116 2 0
116 2 0
116 2 558
116 2 201
116 2 83
116 2 0
117 1 0
117 1 32
117 1 60
117 1 6
117 1 406
117 1 912
117 1 0
117 1 0
118 2 0
118 2 670
118 2 914
118 2 123
118 2 73
118 2 297
118 2 993
118 2 0
118 2 0
118 2 0
118 2 0
119 2 0
119 2 409
119 2 743
119 2 860
119 2 723
119 2 236
119 2 382
119 2 0
120 2 0
120 2 744
120 2 625
120 2 981
120 2 507
120 2 649
120 2 491
120 2 433
120 2 242
120 2 0
120 2 0
120 2 0
120 2 0
121 2 0
121 2 384
121 2 238
121 2 966
121 2 859
121 2 882
121 2 299
121 2 378
121 2 0
121 2 0
121 2 0
121 2 0
122 2 0
122 2 15
122 2 681
122 2 5
122 2 325
122 2 69
122 2 1050
122 2 0
123 2 0
123 2 514
123 2 916
123 2 162
123 2 691
123 2 962
123 2 633
123 2 984
123 2 795
123 2 0
123 2 0
124 1 0
124 1 348
124 1 0
124 1 0
124 1 995
124 1 0
125 2 0
125 2 982
125 2 953
125 2 357
125 2 306
125 2 0
125 2 0
125 2 0
125 2 0
126 2 0
126 2 722
126 2 61
126 2 733
126 2 450
126 2 303
126 2 308
126 2 105
126 2 0
126 2 0
126 2 0
126 2 0
127 2 0
127 2 22
127 2 884
127 2 867
127 2 566
127 2 0
127 2 0
127 2 222
127 2 0
127 2 0
127 2 0
128 2 0
128 2 277
128 2 690
128 2 56
128 2 739
128 2 787
128 2 65
128 2 431
128 2 0
128 2 0
129 1 0
129 1 127
129 1 0
130 2 0
130 2 626
130 2 0
130 2 0
130 2 0
131 2 0
131 2 377
131 2 176
131 2 618
131 2 0
131 2 0
131 2 0
132 2 0
132 2 913
132 2 165
132 2 0
132 2 0
132 2 0
133 2 0
133 2 449
133 2 893
133 2 747
133 2 597
133 2 517
133 2 286
133 2 486
133 2 915
133 2 252
133 2 241
133 2 55
133 2 0
133 2 0
133 2 0
133 2 0
134 1 0
134 1 243
134 1 684
134 1 0
134 1 0
134 1 0
134 1 372
134 1 0
134 1 0
134 1 0
135 2 0
135 2 370
135 2 244
135 2 946
135 2 528
135 2 361
135 2 963
135 2 560
135 2 0
135 2 0
136 2 0
136 2 184
136 2 194
136 2 623
136 2 0
136 2 0
136 2 745
136 2 0
136 2 0
136 2 87
136 2 0
137 1 0
137 1 224
137 1 198
137 1 129
137 1 0
137 1 0
137 1 0
137 1 362
137 1 667
137 1 146
137 1 0
137 1 0
138 2 0
138 2 643
138 2 403
138 2 21
138 2 0
138 2 0
138 2 0
138 2 221
138 2 0
139 2 0
139 2 137
139 2 131
139 2 268
139 2 674
139 2 0
139 2 0
139 2 0
139 2 0
140 2 0
140 2 155
140 2 267
140 2 333
140 2 552
140 2 375
140 2 0
140 2 0
140 2 0
140 2 0
141 2 0
141 2 788
141 2 770
141 2 197
141 2 687
141 2 614
141 2 0
141 2 0
141 2 0
141 2 0
142 2 0
142 2 924
142 2 227
142 2 117
142 2 878
142 2 0
142 2 0
142 2 0
142 2 0
143 1 0
143 1 416
143 1 100
143 1 900
143 1 280
143 1 879
143 1 0
143 1 0
143 1 0
143 1 0
144 2 0
144 2 368
144 2 174
144 2 132
144 2 769
144 2 533
144 2 0
144 2 0
144 2 0
144 2 0
145 1 0
145 1 210
145 1 159
145 1 671
145 1 49
145 1 961
145 1 629
145 1 0
145 1 0
145 1 0
145 1 0
146 2 0
146 2 120
146 2 931
146 2 347
146 2 358
146 2 225
146 2 0
146 2 0
146 2 0
146 2 0
147 2 0
147 2 482
147 2 379
147 2 768
147 2 350
147 2 0
147 2 0
147 2 0
147 2 0
148 2 0
148 2 451
148 2 864
148 2 836
148 2 0
148 2 0
149 1 0
149 1 704
149 1 639
149 1 386
149 1 0
149 1 0
150 1 0
150 1 72
150 1 901
150 1 206
150 1 519
150 1 585
150 1 3
150 1 0
150 1 0
150 1 0
150 1 0
151 2 0
151 2 959
151 2 443
151 2 353
151 2 344
151 2 439
151 2 0
151 2 0
151 2 0
151 2 0
152 2 0
152 2 322
152 2 979
152 2 499
152 2 0
152 2 0
153 1 0
153 1 202
153 1 169
153 1 0
153 1 0
154 1 0
154 1 103
154 1 631
154 1 0
154 1 0
154 1 0
154 1 209
154 1 96
154 1 76
154 1 0
154 1 0
155 2 0
155 2 256
155 2 215
155 2 444
155 2 147
155 2 589
155 2 278
155 2 0
155 2 0
155 2 0
155 2 0
156 2 0
156 2 567
156 2 637
156 2 766
156 2 0
156 2 0
156 2 0
156 2 112
156 2 0
157 2 0
157 2 483
157 2 343
157 2 575
157 2 0
157 2 0
157 2 0
157 2 195
157 2 0
158 2 0
158 2 115
158 2 851
158 2 363
158 2 696
158 2 121
158 2 896
158 2 547
158 2 231
158 2 0
158 2 0
158 2 0
158 2 0
159 2 0
159 2 52
159 2 821
159 2 452
159 2 405
159 2 337
159 2 935
159 2 0
159 2 0
159 2 0
159 2 0
160 2 0
160 2 549
160 2 599
160 2 138
160 2 892
160 2 110
160 2 0
160 2 0
161 2 0
161 2 427
161 2 228
161 2 952
161 2 0
161 2 0
161 2 0
161 2 0
162 2 0
162 2 203
162 2 234
162 2 390
162 2 239
162 2 62
162 2 620
162 2 0
162 2 0
162 2 0
162 2 0
163 1 0
163 1 261
163 1 886
163 1 500
163 1 762
163 1 421
163 1 0
163 1 108
163 1 75
163 1 0
163 1 0
163 1 0
163 1 0
164 2 0
164 2 111
164 2 933
164 2 0
164 2 0
164 2 0
164 2 152
164 2 0
165 2 0
165 2 20
165 2 143
165 2 388
165 2 736
165 2 702
165 2 774
165 2 0
165 2 0
165 2 0
165 2 0
166 1 0
166 1 422
166 1 302
166 1 658
166 1 833
166 1 0
166 1 89
166 1 0
167 1 0
167 1 312
167 1 70
167 1 537
167 1 583
167 1 0
167 1 0
167 1 0
167 1 0
168 1 0
168 1 258
168 1 1
168 1 0
168 1 0
168 1 0
168 1 139
168 1 260
168 1 0
168 1 0
169 1 0
169 1 16
169 1 0
169 1 0
169 1 0
169 1 285
169 1 0
169 1 0
169 1 0
169 1 0
170 2 0
170 2 804
170 2 487
170 2 0
170 2 0
170 2 0
170 2 594
170 2 584
170 2 371
170 2 395
170 2 0
170 2 0
170 2 0
170 2 0
171 2 0
171 2 926
171 2 968
171 2 300
171 2 48
171 2 731
171 2 0
171 2 0
171 2 0
171 2 0
172 2 0
172 2 592
172 2 775
172 2 213
172 2 192
172 2 469
172 2 572
172 2 0
172 2 0
172 2 0
172 2 0
173 2 0
173 2 729
173 2 987
173 2 0
173 2 0
173 2 0
173 2 315
173 2 888
173 2 0
173 2 0
173 2 0
173 2 0
174 1 0
174 1 355
174 1 985
174 1 51
174 1 235
174 1 0
174 1 0
175 2 0
175 2 262
175 2 780
175 2 50
175 2 527
175 2 889
175 2 0
175 2 0
175 2 0
175 2 0
176 2 0
176 2 688
176 2 179
176 2 958
176 2 359
176 2 0
176 2 0
176 2 0
176 2 0
177 1 0
177 1 67
177 1 540
177 1 424
177 1 0
177 1 0
177 1 0
177 1 0
178 1 0
178 1 185
178 1 39
178 1 0
178 1 0
178 1 0
178 1 0
179 2 0
179 2 26
179 2 77
179 2 19
179 2 957
179 2 0
179 2 0
179 2 0
179 2 0
180 2 0
180 2 956
180 2 474
180 2 869
180 2 822
180 2 0
180 2 0
180 2 0
180 2 0
181 2 0
181 2 551
181 2 708
181 2 274
181 2 0
181 2 0
182 1 0
182 1 521
182 1 0
182 1 0
183 1 0
183 1 270
183 1 219
183 1 0
183 1 0
183 1 0
183 1 0
184 1 0
184 1 33
184 1 12
184 1 0
184 1 0
185 1 0
185 1 29
185 1 0
186 1 0
186 1 13
186 1 0
186 1 0
187 1 0
187 1 2
187 1 0
