total cost: 340898
1 2 0
1 2 553
1 2 288
1 2 767
1 2 0
1 2 0
1 2 307
1 2 793
1 2 0
1 2 0
1 2 141
1 2 0
2 1 0
2 1 220
2 1 802
2 1 577
2 1 254
2 1 0
2 1 0
2 1 180
2 1 257
2 1 932
2 1 0
3 2 0
3 2 616
3 2 161
3 2 652
3 2 0
3 2 0
3 2 0
4 1 0
4 1 954
4 1 654
4 1 520
4 1 0
5 2 0
5 2 463
5 2 539
5 2 459
5 2 693
5 2 454
5 2 0
5 2 0
5 2 790
5 2 0
5 2 0
5 2 0
6 2 0
6 2 408
6 2 801
6 2 754
6 2 593
6 2 475
6 2 510
6 2 356
6 2 0
7 1 0
7 1 645
7 1 865
7 1 189
7 1 442
7 1 92
7 1 0
7 1 0
7 1 612
7 1 0
8 1 0
8 1 605
8 1 974
8 1 401
8 1 229
8 1 0
9 1 0
9 1 57
9 1 281
9 1 843
9 1 170
9 1 749
9 1 689
9 1 525
9 1 476
9 1 0
9 1 0
9 1 0
10 2 0
10 2 856
10 2 4
10 2 501
10 2 250
10 2 911
10 2 468
10 2 700
10 2 783
10 2 477
10 2 0
11 1 0
11 1 354
11 1 0
12 2 0
12 2 319
12 2 716
12 2 0
13 1 0
13 1 124
13 1 919
13 1 799
13 1 148
13 1 0
14 1 0
14 1 164
14 1 717
14 1 532
14 1 423
14 1 0
15 1 0
15 1 37
15 1 0
16 1 0
16 1 0
17 1 0
17 1 0
18 1 0
18 1 0
19 1 0
19 1 0
20 2 0
20 2 154
20 2 0
20 2 0
20 2 591
20 2 504
20 2 0
21 1 0
21 1 462
21 1 813
21 1 478
21 1 0
21 1 0
21 1 8
21 1 561
21 1 535
21 1 0
22 2 0
22 2 763
22 2 831
22 2 602
22 2 284
22 2 759
22 2 0
22 2 0
22 2 230
22 2 0
23 2 0
23 2 947
23 2 899
23 2 826
23 2 380
23 2 798
23 2 641
23 2 171
23 2 742
23 2 0
24 1 0
24 1 710
24 1 440
24 1 216
24 1 650
24 1 95
24 1 323
24 1 178
24 1 0
25 1 0
25 1 544
25 1 64
25 1 304
25 1 205
25 1 114
25 1 0
26 1 0
26 1 391
26 1 94
26 1 732
26 1 600
26 1 0
26 1 0
26 1 0
27 1 0
27 1 714
27 1 248
27 1 0
28 1 0
28 1 841
28 1 7
28 1 101
28 1 922
28 1 217
28 1 470
28 1 897
28 1 345
28 1 0
28 1 0
28 1 0
29 2 0
29 2 570
29 2 975
29 2 810
29 2 276
29 2 0
29 2 0
29 2 0
30 1 0
30 1 400
30 1 543
30 1 437
30 1 992
30 1 923
30 1 436
30 1 0
30 1 0
30 1 0
31 2 0
31 2 565
31 2 871
31 2 850
31 2 58
31 2 237
31 2 0
31 2 0
31 2 283
31 2 590
31 2 269
31 2 0
32 2 0
32 2 428
32 2 820
32 2 128
32 2 741
32 2 0
32 2 0
32 2 352
32 2 967
32 2 0
33 1 0
33 1 291
33 1 542
33 1 133
33 1 707
33 1 246
33 1 0
33 1 0
33 1 0
34 2 0
34 2 473
34 2 738
34 2 609
34 2 863
34 2 349
34 2 0
34 2 0
34 2 107
34 2 0
35 1 0
35 1 866
35 1 9
35 1 721
35 1 678
35 1 815
35 1 360
35 1 0
36 1 0
36 1 682
36 1 531
36 1 806
36 1 814
36 1 93
36 1 880
36 1 259
36 1 0
36 1 0
36 1 0
37 1 0
37 1 846
37 1 335
37 1 807
37 1 0
38 2 0
38 2 816
38 2 113
38 2 910
38 2 524
38 2 63
38 2 279
38 2 99
38 2 550
38 2 784
38 2 964
38 2 0
39 2 0
39 2 158
39 2 541
39 2 36
39 2 939
39 2 264
39 2 204
39 2 940
39 2 314
39 2 125
39 2 0
39 2 0
39 2 0
40 2 0
40 2 868
40 2 603
40 2 796
40 2 608
40 2 513
40 2 906
40 2 545
40 2 0
40 2 0
40 2 0
41 1 0
41 1 389
41 1 580
41 1 441
41 1 855
41 1 232
41 1 808
41 1 512
41 1 397
41 1 0
41 1 0
41 1 0
42 1 0
42 1 338
42 1 563
42 1 945
42 1 791
42 1 191
42 1 0
43 1 0
43 1 54
43 1 925
43 1 418
43 1 902
43 1 84
43 1 885
43 1 398
43 1 208
43 1 0
44 1 0
44 1 907
44 1 293
44 1 949
44 1 692
44 1 0
45 2 0
45 2 529
45 2 852
45 2 969
45 2 0
46 2 0
46 2 606
46 2 955
46 2 45
46 2 809
46 2 430
46 2 977
46 2 396
46 2 685
46 2 936
46 2 509
46 2 0
46 2 0
46 2 0
47 2 0
47 2 17
47 2 715
47 2 489
47 2 292
47 2 38
47 2 0
47 2 0
47 2 0
48 2 0
48 2 153
48 2 538
48 2 446
48 2 666
48 2 207
48 2 168
48 2 0
48 2 0
48 2 472
48 2 785
48 2 0
49 1 0
49 1 14
49 1 934
49 1 676
49 1 803
49 1 516
49 1 0
49 1 0
49 1 0
50 1 0
50 1 495
50 1 44
50 1 661
50 1 66
50 1 0
51 2 0
51 2 106
51 2 40
51 2 508
51 2 0
52 1 0
52 1 837
52 1 909
52 1 0
53 2 0
53 2 677
53 2 181
53 2 0
54 2 0
54 2 212
54 2 0
55 1 0
55 1 456
55 1 102
55 1 351
55 1 0
55 1 0
55 1 255
55 1 980
55 1 74
55 1 724
55 1 0
56 2 0
56 2 921
56 2 679
56 2 576
56 2 0
57 1 0
57 1 336
57 1 369
57 1 854
57 1 0
57 1 0
57 1 163
57 1 47
57 1 0
58 2 0
58 2 817
58 2 157
58 2 199
58 2 324
58 2 648
58 2 290
58 2 0
58 2 0
58 2 0
59 2 0
59 2 394
59 2 453
59 2 88
59 2 78
59 2 578
59 2 365
59 2 929
59 2 0
59 2 0
59 2 0
60 2 0
60 2 518
60 2 497
60 2 404
60 2 642
60 2 0
60 2 0
60 2 435
60 2 835
60 2 0
61 1 0
61 1 266
61 1 562
61 1 664
61 1 410
61 1 151
61 1 752
61 1 970
61 1 27
61 1 434
61 1 0
61 1 0
62 1 0
62 1 611
62 1 647
62 1 130
62 1 0
63 2 0
63 2 455
63 2 0
63 2 0
63 2 86
63 2 0
64 1 0
64 1 41
64 1 417
64 1 918
64 1 309
64 1 0
64 1 0
64 1 0
65 1 0
65 1 399
65 1 680
65 1 990
65 1 873
65 1 694
65 1 844
65 1 0
66 2 0
66 2 699
66 2 646
66 2 392
66 2 30
66 2 628
66 2 937
66 2 289
66 2 135
66 2 0
66 2 0
66 2 0
67 2 0
67 2 340
67 2 781
67 2 188
67 2 425
67 2 776
67 2 668
67 2 0
68 1 0
68 1 876
68 1 753
68 1 0
69 1 0
69 1 989
69 1 751
69 1 673
69 1 485
69 1 0
69 1 0
69 1 200
69 1 136
69 1 0
70 2 0
70 2 996
70 2 870
70 2 797
70 2 81
70 2 272
70 2 0
70 2 0
70 2 166
70 2 223
70 2 0
71 2 0
71 2 644
71 2 329
71 2 991
71 2 71
71 2 447
71 2 0
71 2 0
71 2 0
72 2 0
72 2 275
72 2 310
72 2 973
72 2 118
72 2 0
72 2 0
72 2 0
73 1 0
73 1 160
73 1 233
73 1 686
73 1 183
73 1 490
73 1 471
73 1 0
74 1 0
74 1 568
74 1 675
74 1 779
74 1 0
75 1 0
75 1 511
75 1 777
75 1 79
75 1 663
75 1 0
75 1 0
75 1 43
75 1 0
76 1 0
76 1 943
76 1 18
76 1 887
76 1 496
76 1 119
76 1 0
76 1 0
76 1 0
77 1 0
77 1 321
77 1 134
77 1 177
77 1 701
77 1 80
77 1 494
77 1 0
77 1 0
78 1 0
78 1 748
78 1 581
78 1 0
79 1 0
79 1 186
79 1 735
79 1 172
79 1 761
79 1 595
79 1 758
79 1 0
79 1 0
79 1 0
79 1 0
80 2 0
80 2 756
80 2 794
80 2 175
80 2 376
80 2 601
80 2 140
80 2 515
80 2 0
80 2 0
80 2 11
80 2 0
81 2 0
81 2 150
81 2 944
81 2 669
81 2 857
81 2 0
82 1 0
82 1 193
82 1 426
82 1 0
82 1 0
82 1 971
82 1 965
82 1 734
82 1 0
83 1 0
83 1 328
83 1 771
83 1 492
83 1 413
83 1 0
83 1 0
83 1 0
84 2 0
84 2 226
84 2 480
84 2 28
84 2 0
85 2 0
85 2 411
85 2 574
85 2 419
85 2 976
85 2 0
86 2 0
86 2 757
86 2 0
87 1 0
87 1 960
87 1 24
87 1 0
88 2 0
88 2 610
88 2 894
88 2 25
88 2 582
88 2 726
88 2 83
88 2 415
88 2 201
88 2 0
88 2 0
88 2 0
88 2 0
89 2 0
89 2 709
89 2 557
89 2 0
90 1 0
90 1 930
90 1 282
90 1 126
90 1 214
90 1 0
90 1 0
90 1 0
91 1 0
91 1 564
91 1 840
91 1 0
92 2 0
92 2 438
92 2 630
92 2 481
92 2 0
93 2 0
93 2 941
93 2 999
93 2 891
93 2 341
93 2 571
93 2 672
93 2 0
93 2 0
93 2 0
94 1 0
94 1 273
94 1 746
94 1 660
94 1 558
94 1 983
94 1 706
94 1 0
94 1 0
95 1 0
95 1 0
96 2 0
96 2 718
96 2 0
96 2 0
96 2 0
97 2 0
97 2 604
97 2 383
97 2 0
98 1 0
98 1 861
98 1 393
98 1 457
98 1 367
98 1 301
98 1 0
98 1 0
99 2 0
99 2 330
99 2 0
100 2 0
100 2 366
100 2 800
100 2 493
100 2 778
100 2 881
100 2 842
100 2 298
100 2 0
100 2 0
100 2 0
101 2 0
101 2 697
101 2 85
101 2 97
101 2 0
102 2 0
102 2 640
102 2 420
102 2 665
102 2 554
102 2 624
102 2 904
102 2 812
102 2 287
102 2 0
102 2 0
102 2 0
102 2 0
103 2 0
103 2 695
103 2 657
103 2 173
103 2 848
103 2 0
103 2 0
103 2 0
104 1 0
104 1 334
104 1 938
104 1 755
104 1 997
104 1 0
104 1 0
104 1 705
104 1 91
104 1 23
104 1 0
105 2 0
105 2 167
105 2 782
105 2 764
105 2 819
105 2 0
105 2 0
105 2 479
105 2 265
105 2 727
105 2 0
105 2 0
105 2 0
106 1 0
106 1 59
106 1 659
106 1 838
106 1 342
106 1 750
106 1 607
106 1 0
106 1 0
107 1 0
107 1 586
107 1 218
107 1 432
107 1 0
107 1 0
107 1 0
108 1 0
108 1 948
108 1 211
108 1 0
109 2 0
109 2 429
109 2 988
109 2 805
109 2 466
109 2 587
109 2 588
109 2 506
109 2 0
109 2 0
110 2 0
110 2 877
110 2 0
111 2 0
111 2 31
111 2 849
111 2 832
111 2 190
111 2 621
111 2 951
111 2 0
112 2 0
112 2 484
112 2 0
113 1 0
113 1 662
113 1 112
113 1 0
114 1 0
114 1 656
114 1 824
114 1 942
114 1 883
114 1 0
115 2 0
115 2 247
115 2 908
115 2 144
115 2 245
115 2 414
115 2 53
115 2 619
115 2 0
115 2 0
115 2 0
115 2 0
116 1 0
116 1 874
116 1 828
116 1 0
116 1 0
116 1 311
116 1 847
116 1 0
116 1 0
116 1 0
117 1 0
117 1 458
117 1 534
117 1 792
117 1 613
117 1 488
117 1 187
117 1 0
117 1 0
117 1 0
117 1 0
118 2 0
118 2 655
118 2 712
118 2 653
118 2 0
118 2 0
118 2 546
118 2 182
118 2 0
119 2 0
119 2 830
119 2 730
119 2 0
119 2 0
119 2 33
119 2 0
120 1 0
120 1 149
120 1 332
120 1 622
120 1 320
120 1 0
120 1 0
120 1 0
120 1 10
120 1 0
121 1 0
121 1 294
121 1 950
121 1 927
121 1 318
121 1 0
121 1 0
121 1 898
121 1 789
121 1 0
122 1 0
122 1 445
122 1 920
122 1 638
122 1 772
122 1 0
122 1 0
122 1 0
122 1 0
123 2 0
123 2 703
123 2 627
123 2 221
123 2 505
123 2 0
124 2 0
124 2 251
124 2 720
124 2 346
124 2 461
124 2 90
124 2 0
125 1 0
125 1 465
125 1 0
126 2 0
126 2 683
126 2 82
126 2 202
126 2 0
127 2 0
127 2 313
127 2 903
127 2 0
127 2 0
127 2 536
127 2 0
128 1 0
128 1 719
128 1 573
128 1 839
128 1 60
128 1 6
128 1 89
128 1 0
128 1 0
129 1 0
129 1 109
129 1 387
129 1 825
129 1 0
129 1 0
129 1 530
129 1 165
129 1 305
129 1 0
130 2 0
130 2 596
130 2 467
130 2 382
130 2 46
130 2 104
130 2 0
131 2 0
131 2 998
131 2 559
131 2 555
131 2 34
131 2 339
131 2 526
131 2 928
131 2 0
131 2 0
132 2 0
132 2 142
132 2 634
132 2 566
132 2 972
132 2 978
132 2 0
132 2 0
132 2 0
133 1 0
133 1 296
133 1 0
133 1 0
133 1 818
133 1 222
133 1 0
133 1 0
133 1 0
134 2 0
134 2 862
134 2 744
134 2 145
134 2 917
134 2 32
134 2 236
134 2 108
134 2 0
134 2 0
135 2 0
135 2 502
135 2 986
135 2 98
135 2 0
135 2 0
135 2 994
135 2 626
135 2 0
135 2 0
135 2 0
136 1 0
136 1 364
136 1 743
136 1 860
136 1 723
136 1 912
136 1 0
136 1 0
137 2 0
137 2 407
137 2 827
137 2 156
137 2 823
137 2 548
137 2 503
137 2 381
137 2 617
137 2 0
137 2 0
137 2 0
137 2 0
138 1 0
138 1 385
138 1 122
138 1 905
138 1 890
138 1 845
138 1 295
138 1 0
138 1 0
139 2 0
139 2 271
139 2 728
139 2 498
139 2 73
139 2 740
139 2 0
139 2 0
139 2 0
140 1 0
140 1 42
140 1 615
140 1 327
140 1 895
140 1 0
140 1 0
141 1 0
141 1 875
141 1 195
141 1 993
141 1 0
141 1 0
141 1 0
141 1 0
142 2 0
142 2 240
142 2 249
142 2 522
142 2 0
142 2 0
142 2 811
142 2 317
142 2 0
143 2 0
143 2 523
143 2 348
143 2 1000
143 2 69
143 2 68
143 2 0
144 1 0
144 1 670
144 1 698
144 1 35
144 1 253
144 1 760
144 1 651
144 1 0
144 1 0
145 2 0
145 2 853
145 2 22
145 2 316
145 2 325
145 2 176
145 2 5
145 2 155
145 2 0
145 2 0
145 2 0
145 2 0
146 2 0
146 2 409
146 2 384
146 2 303
146 2 450
146 2 0
146 2 0
146 2 406
146 2 412
146 2 0
147 2 0
147 2 514
147 2 914
147 2 123
147 2 834
147 2 0
148 2 0
148 2 402
148 2 636
148 2 733
148 2 635
148 2 632
148 2 737
148 2 704
148 2 0
148 2 0
148 2 0
148 2 0
149 1 0
149 1 15
149 1 116
149 1 0
149 1 0
150 1 0
150 1 448
150 1 196
150 1 131
150 1 872
150 1 377
150 1 326
150 1 0
150 1 0
150 1 0
150 1 0
151 1 0
151 1 681
151 1 598
151 1 331
151 1 373
151 1 0
151 1 0
151 1 0
151 1 0
152 1 0
152 1 722
152 1 625
152 1 981
152 1 72
152 1 308
152 1 105
152 1 961
152 1 0
152 1 0
153 1 0
153 1 995
153 1 0
154 1 0
154 1 982
154 1 368
154 1 357
154 1 0
154 1 0
154 1 0
154 1 127
154 1 372
154 1 0
154 1 0
154 1 0
155 2 0
155 2 374
155 2 788
155 2 0
155 2 0
155 2 765
155 2 913
155 2 0
156 2 0
156 2 773
156 2 464
156 2 370
156 2 0
156 2 0
156 2 786
156 2 0
156 2 0
156 2 0
157 1 0
157 1 449
157 1 460
157 1 0
157 1 0
157 1 29
157 1 0
158 2 0
158 2 243
158 2 884
158 2 0
158 2 0
158 2 745
158 2 0
158 2 0
158 2 0
159 2 0
159 2 690
159 2 916
159 2 56
159 2 162
159 2 633
159 2 984
159 2 579
159 2 829
159 2 0
159 2 0
160 1 0
160 1 184
160 1 893
160 1 747
160 1 674
160 1 0
160 1 0
160 1 0
160 1 556
160 1 0
161 2 0
161 2 224
161 2 238
161 2 198
161 2 966
161 2 859
161 2 882
161 2 299
161 2 0
161 2 0
161 2 0
161 2 0
162 2 0
162 2 643
162 2 0
162 2 0
162 2 725
162 2 55
162 2 252
162 2 915
162 2 0
162 2 0
162 2 0
163 1 0
163 1 277
163 1 256
163 1 263
163 1 560
163 1 858
163 1 0
163 1 0
164 2 0
164 2 137
164 2 979
164 2 499
164 2 0
165 1 0
165 1 569
165 1 0
166 1 0
166 1 924
166 1 597
166 1 517
166 1 549
166 1 286
166 1 552
166 1 241
166 1 0
166 1 0
167 1 0
167 1 267
167 1 867
167 1 0
167 1 0
167 1 0
167 1 87
167 1 0
168 2 0
168 2 618
168 2 0
168 2 0
168 2 451
168 2 0
169 2 0
169 2 684
169 2 120
169 2 268
169 2 197
169 2 0
169 2 0
170 1 0
170 1 482
170 1 959
170 1 671
170 1 209
170 1 49
170 1 386
170 1 0
170 1 0
171 1 0
171 1 416
171 1 507
171 1 900
171 1 649
171 1 491
171 1 433
171 1 242
171 1 0
171 1 0
171 1 0
171 1 0
172 1 0
172 1 194
172 1 623
172 1 347
172 1 878
172 1 378
172 1 280
172 1 0
172 1 0
172 1 0
172 1 0
173 1 0
173 1 210
173 1 667
173 1 96
173 1 76
173 1 146
173 1 0
173 1 0
174 2 0
174 2 333
174 2 486
174 2 599
174 2 3
174 2 879
174 2 836
174 2 0
174 2 0
175 2 0
175 2 362
175 2 639
175 2 0
176 1 0
176 1 61
176 1 631
176 1 946
176 1 353
176 1 443
176 1 427
176 1 0
176 1 0
176 1 0
176 1 0
177 2 0
177 2 103
177 2 244
177 2 567
177 2 528
177 2 361
177 2 963
177 2 344
177 2 711
177 2 0
177 2 0
178 2 0
178 2 100
178 2 227
178 2 117
178 2 206
178 2 0
178 2 0
178 2 0
178 2 0
179 1 0
179 1 770
179 1 422
179 1 0
179 1 0
179 1 0
179 1 322
179 1 0
179 1 0
180 2 0
180 2 129
180 2 483
180 2 52
180 2 768
180 2 159
180 2 629
180 2 952
180 2 75
180 2 0
180 2 0
181 2 0
181 2 953
181 2 20
181 2 691
181 2 306
181 2 962
181 2 739
181 2 0
181 2 0
182 2 0
182 2 379
182 2 343
182 2 452
182 2 285
182 2 0
182 2 0
182 2 0
182 2 0
183 1 0
183 1 901
183 1 585
183 1 0
183 1 0
184 1 0
184 1 115
184 1 821
184 1 258
184 1 0
184 1 0
184 1 0
184 1 297
184 1 0
184 1 0
185 1 0
185 1 215
185 1 174
185 1 355
185 1 769
185 1 0
185 1 0
185 1 0
185 1 0
186 1 0
186 1 228
186 1 350
186 1 0
186 1 0
186 1 0
186 1 0
187 1 0
187 1 403
187 1 21
187 1 851
187 1 931
187 1 363
187 1 0
187 1 0
187 1 0
187 1 0
188 1 0
188 1 203
188 1 926
188 1 696
188 1 0
188 1 0
188 1 0
188 1 0
189 2 0
189 2 261
189 2 533
189 2 637
189 2 0
189 2 0
189 2 0
189 2 795
189 2 65
189 2 0
189 2 0
190 2 0
190 2 225
190 2 358
190 2 519
190 2 121
190 2 896
190 2 547
190 2 0
190 2 0
190 2 0
190 2 0
191 1 0
191 1 864
191 1 375
191 1 892
191 1 0
191 1 0
192 2 0
192 2 111
192 2 487
192 2 933
192 2 0
192 2 0
192 2 0
192 2 713
192 2 431
192 2 0
192 2 0
193 2 0
193 2 312
193 2 70
193 2 302
193 2 687
193 2 614
193 2 833
193 2 300
193 2 620
193 2 0
193 2 0
194 1 0
194 1 16
194 1 388
194 1 736
194 1 766
194 1 888
194 1 0
194 1 0
194 1 0
194 1 0
195 1 0
195 1 592
195 1 575
195 1 0
195 1 0
195 1 0
195 1 139
195 1 138
195 1 0
195 1 0
196 1 0
196 1 439
196 1 0
196 1 0
196 1 0
196 1 0
197 1 0
197 1 260
197 1 110
197 1 0
197 1 0
198 2 0
198 2 262
198 2 0
198 2 0
198 2 0
198 2 219
198 2 0
198 2 0
199 1 0
199 1 1
199 1 0
199 1 0
199 1 0
199 1 169
199 1 594
199 1 0
199 1 0
199 1 0
199 1 0
200 1 0
200 1 804
200 1 886
200 1 500
200 1 0
200 1 0
200 1 0
200 1 152
200 1 0
201 1 0
201 1 234
201 1 405
201 1 239
201 1 337
201 1 0
201 1 0
201 1 0
201 1 0
202 1 0
202 1 213
202 1 775
202 1 421
202 1 0
202 1 0
202 1 0
202 1 0
203 1 0
203 1 62
203 1 390
203 1 968
203 1 537
203 1 731
203 1 0
203 1 0
204 2 0
204 2 729
204 2 192
204 2 762
204 2 469
204 2 19
204 2 0
204 2 0
205 1 0
205 1 278
205 1 787
205 1 0
205 1 0
206 1 0
206 1 0
207 2 0
207 2 822
207 2 0
207 2 0
207 2 0
207 2 0
208 2 0
208 2 589
208 2 147
208 2 774
208 2 702
208 2 572
208 2 395
208 2 0
208 2 0
209 2 0
209 2 315
209 2 527
209 2 235
209 2 869
209 2 0
209 2 0
210 1 0
210 1 444
210 1 132
210 1 39
210 1 0
210 1 0
210 1 0
210 1 551
210 1 0
210 1 0
211 2 0
211 2 521
211 2 0
211 2 0
212 2 0
212 2 688
212 2 658
212 2 583
212 2 935
212 2 584
212 2 371
212 2 0
212 2 0
213 2 0
213 2 143
213 2 26
213 2 889
213 2 0
213 2 0
213 2 0
213 2 0
214 2 0
214 2 67
214 2 540
214 2 424
214 2 0
214 2 0
214 2 0
214 2 231
214 2 0
214 2 0
215 1 0
215 1 185
215 1 958
215 1 987
215 1 0
215 1 0
215 1 0
215 1 2
215 1 0
216 2 0
216 2 956
216 2 179
216 2 985
216 2 51
216 2 957
216 2 274
216 2 0
216 2 0
216 2 0
216 2 0
217 2 0
217 2 780
217 2 50
217 2 359
217 2 77
217 2 708
217 2 0
217 2 0
217 2 0
217 2 0
218 1 0
218 1 474
218 1 0
218 1 0
218 1 0
218 1 48
218 1 270
218 1 0
218 1 0
218 1 0
218 1 0
219 1 0
219 1 13
219 1 12
219 1 0
219 1 0
