total cost: 349650
1 2 0
1 2 553
1 2 288
1 2 767
1 2 0
1 2 0
1 2 616
1 2 180
1 2 257
1 2 932
1 2 0
2 1 0
2 1 220
2 1 802
2 1 0
2 1 0
2 1 463
2 1 539
2 1 693
2 1 0
3 1 0
3 1 254
3 1 577
3 1 408
3 1 801
3 1 459
3 1 0
3 1 0
3 1 790
3 1 0
3 1 0
3 1 141
3 1 0
4 1 0
4 1 645
4 1 865
4 1 189
4 1 428
4 1 0
4 1 0
4 1 307
4 1 793
4 1 0
5 1 0
5 1 605
5 1 593
5 1 754
5 1 947
5 1 974
5 1 716
5 1 525
5 1 8
5 1 476
5 1 205
5 1 0
6 1 0
6 1 57
6 1 843
6 1 281
6 1 717
6 1 532
6 1 423
6 1 544
6 1 304
6 1 0
6 1 0
6 1 0
7 1 0
7 1 856
7 1 763
7 1 831
7 1 939
7 1 0
7 1 0
7 1 954
7 1 161
7 1 654
7 1 652
7 1 504
7 1 0
8 1 0
8 1 354
8 1 442
8 1 749
8 1 319
8 1 0
8 1 0
8 1 535
8 1 0
9 2 0
9 2 170
9 2 400
9 2 798
9 2 468
9 2 641
9 2 742
9 2 0
10 1 0
10 1 0
11 1 0
11 1 0
12 1 0
12 1 0
13 1 0
13 1 0
14 2 0
14 2 154
14 2 0
14 2 0
14 2 37
14 2 855
14 2 269
14 2 397
14 2 212
14 2 0
15 1 0
15 1 462
15 1 813
15 1 478
15 1 975
15 1 0
15 1 0
15 1 454
15 1 283
15 1 919
15 1 475
15 1 0
16 2 0
16 2 4
16 2 911
16 2 899
16 2 250
16 2 826
16 2 759
16 2 0
16 2 0
16 2 401
16 2 229
16 2 0
17 1 0
17 1 391
17 1 710
17 1 440
17 1 216
17 1 732
17 1 0
17 1 0
17 1 0
18 1 0
18 1 689
18 1 380
18 1 700
18 1 783
18 1 477
18 1 897
18 1 0
19 1 0
19 1 164
19 1 92
19 1 650
19 1 600
19 1 0
20 1 0
20 1 501
20 1 682
20 1 922
20 1 101
20 1 217
20 1 470
20 1 815
20 1 360
20 1 223
20 1 0
20 1 0
21 1 0
21 1 602
21 1 338
21 1 570
21 1 0
21 1 0
21 1 799
21 1 356
21 1 0
21 1 0
21 1 0
22 2 0
22 2 714
22 2 293
22 2 0
23 1 0
23 1 124
23 1 510
23 1 810
23 1 276
23 1 0
23 1 0
23 1 0
24 1 0
24 1 612
24 1 591
24 1 520
24 1 0
25 1 0
25 1 565
25 1 850
25 1 237
25 1 58
25 1 0
25 1 0
25 1 590
25 1 949
25 1 692
25 1 0
26 2 0
26 2 841
26 2 7
26 2 543
26 2 992
26 2 437
26 2 40
26 2 246
26 2 990
26 2 844
26 2 0
26 2 0
26 2 0
27 1 0
27 1 489
27 1 741
27 1 107
27 1 967
27 1 0
27 1 0
27 1 0
28 1 0
28 1 291
28 1 542
28 1 266
28 1 399
28 1 680
28 1 873
28 1 438
28 1 0
28 1 0
28 1 0
29 1 0
29 1 846
29 1 473
29 1 248
29 1 0
29 1 0
29 1 0
30 1 0
30 1 866
30 1 9
30 1 324
30 1 648
30 1 752
30 1 664
30 1 0
30 1 0
30 1 230
30 1 0
31 1 0
31 1 128
31 1 925
31 1 715
31 1 902
31 1 418
31 1 84
31 1 709
31 1 323
31 1 208
31 1 0
31 1 0
31 1 0
31 1 0
32 1 0
32 1 820
32 1 511
32 1 425
32 1 0
32 1 0
32 1 264
32 1 550
32 1 784
32 1 86
32 1 0
32 1 0
32 1 0
33 1 0
33 1 816
33 1 863
33 1 868
33 1 910
33 1 36
33 1 524
33 1 0
33 1 0
33 1 561
33 1 148
33 1 807
33 1 0
34 1 0
34 1 158
34 1 871
34 1 204
34 1 392
34 1 0
34 1 0
34 1 171
34 1 114
34 1 0
35 1 0
35 1 609
35 1 738
35 1 907
35 1 349
35 1 0
36 1 0
36 1 389
36 1 538
36 1 446
36 1 580
36 1 232
36 1 808
36 1 495
36 1 852
36 1 0
36 1 0
36 1 0
37 2 0
37 2 113
37 2 456
37 2 102
37 2 351
37 2 921
37 2 0
37 2 0
37 2 63
37 2 785
37 2 472
37 2 0
37 2 0
37 2 0
38 1 0
38 1 54
38 1 17
38 1 721
38 1 923
38 1 0
38 1 0
38 1 0
39 1 0
39 1 529
39 1 796
39 1 644
39 1 0
40 1 0
40 1 541
40 1 284
40 1 531
40 1 106
40 1 345
40 1 880
40 1 259
40 1 0
40 1 0
40 1 0
41 1 0
41 1 606
41 1 955
41 1 562
41 1 707
41 1 275
41 1 970
41 1 0
41 1 0
41 1 0
42 2 0
42 2 441
42 2 666
42 2 207
42 2 168
42 2 71
42 2 44
42 2 383
42 2 545
42 2 0
42 2 0
42 2 0
43 2 0
43 2 153
43 2 394
43 2 603
43 2 0
43 2 0
43 2 279
43 2 255
43 2 940
43 2 964
43 2 314
43 2 0
44 1 0
44 1 14
44 1 329
44 1 676
44 1 0
45 2 0
45 2 335
45 2 608
45 2 447
45 2 0
45 2 0
45 2 678
45 2 436
45 2 0
46 1 0
46 1 133
46 1 806
46 1 93
46 1 945
46 1 791
46 1 191
46 1 125
46 1 0
47 1 0
47 1 99
47 1 611
47 1 647
47 1 724
47 1 0
48 1 0
48 1 64
48 1 677
48 1 181
48 1 135
48 1 289
48 1 0
49 2 0
49 2 45
49 2 809
49 2 930
49 2 771
49 2 492
49 2 977
49 2 396
49 2 685
49 2 0
49 2 0
49 2 837
49 2 0
50 2 0
50 2 336
50 2 369
50 2 854
50 2 426
50 2 0
50 2 0
50 2 563
50 2 136
50 2 918
50 2 309
50 2 0
50 2 0
50 2 0
51 2 0
51 2 817
51 2 751
51 2 157
51 2 199
51 2 485
51 2 0
51 2 0
51 2 679
51 2 906
51 2 0
52 1 0
52 1 435
52 1 686
52 1 160
52 1 0
52 1 0
52 1 512
52 1 0
53 2 0
53 2 513
53 2 969
53 2 604
53 2 0
54 1 0
54 1 518
54 1 497
54 1 610
54 1 574
54 1 419
54 1 150
54 1 621
54 1 0
54 1 0
54 1 0
54 1 0
55 1 0
55 1 455
55 1 876
55 1 929
55 1 0
56 2 0
56 2 909
56 2 971
56 2 965
56 2 734
56 2 0
57 1 0
57 1 576
57 1 753
57 1 838
57 1 0
58 1 0
58 1 508
58 1 694
58 1 509
58 1 0
59 1 0
59 1 178
59 1 38
59 1 885
59 1 776
59 1 0
59 1 0
59 1 0
60 1 0
60 1 980
60 1 74
60 1 0
61 2 0
61 2 352
61 2 200
61 2 0
62 1 0
62 1 292
62 1 0
62 1 0
62 1 41
62 1 0
63 1 0
63 1 699
63 1 996
63 1 870
63 1 0
63 1 0
63 1 398
63 1 80
63 1 494
63 1 287
63 1 0
63 1 0
63 1 0
64 1 0
64 1 646
64 1 334
64 1 938
64 1 755
64 1 0
64 1 0
64 1 163
64 1 47
64 1 516
64 1 0
65 1 0
65 1 989
65 1 233
65 1 134
65 1 175
65 1 0
65 1 0
65 1 290
65 1 0
65 1 0
65 1 0
66 1 0
66 1 340
66 1 781
66 1 188
66 1 0
66 1 0
66 1 151
66 1 480
66 1 0
66 1 0
66 1 0
67 2 0
67 2 814
67 2 430
67 2 97
67 2 800
67 2 881
67 2 0
67 2 0
67 2 0
68 2 0
68 2 673
68 2 887
68 2 341
68 2 973
68 2 118
68 2 0
68 2 0
68 2 166
68 2 434
68 2 630
68 2 0
69 2 0
69 2 410
69 2 999
69 2 891
69 2 571
69 2 883
69 2 942
69 2 265
69 2 0
69 2 0
69 2 0
70 1 0
70 1 943
70 1 941
70 1 310
70 1 226
70 1 656
70 1 0
70 1 0
70 1 835
70 1 0
71 2 0
71 2 321
71 2 177
71 2 701
71 2 376
71 2 515
71 2 0
71 2 0
71 2 0
72 2 0
72 2 748
72 2 936
72 2 27
72 2 28
72 2 0
73 1 0
73 1 186
73 1 735
73 1 628
73 1 937
73 1 761
73 1 758
73 1 0
73 1 0
73 1 0
73 1 0
74 1 0
74 1 756
74 1 794
74 1 874
74 1 655
74 1 0
74 1 0
74 1 568
74 1 779
74 1 0
74 1 0
74 1 0
75 1 0
75 1 328
75 1 413
75 1 214
75 1 0
75 1 0
75 1 130
75 1 0
76 1 0
76 1 193
76 1 0
77 1 0
77 1 411
77 1 404
77 1 0
77 1 0
77 1 183
77 1 861
77 1 119
77 1 994
77 1 824
77 1 0
77 1 0
77 1 0
77 1 0
78 2 0
78 2 960
78 2 536
78 2 0
79 2 0
79 2 417
79 2 877
79 2 298
79 2 0
80 1 0
80 1 934
80 1 453
80 1 88
80 1 578
80 1 0
80 1 0
80 1 0
81 1 0
81 1 18
81 1 458
81 1 622
81 1 573
81 1 187
81 1 0
81 1 0
81 1 0
81 1 0
82 1 0
82 1 564
82 1 695
82 1 0
83 1 0
83 1 273
83 1 894
83 1 25
83 1 582
83 1 726
83 1 0
83 1 0
83 1 0
83 1 0
84 1 0
84 1 757
84 1 668
84 1 0
85 1 0
85 1 581
85 1 496
85 1 301
85 1 626
85 1 0
85 1 0
85 1 0
85 1 0
86 2 0
86 2 490
86 2 471
86 2 847
86 2 0
87 1 0
87 1 30
87 1 805
87 1 466
87 1 484
87 1 172
87 1 595
87 1 211
87 1 587
87 1 0
87 1 0
88 1 0
88 1 803
88 1 0
88 1 0
88 1 0
89 1 0
89 1 840
89 1 0
90 1 0
90 1 0
91 1 0
91 1 0
92 2 0
92 2 718
92 2 0
92 2 0
92 2 0
93 1 0
93 1 557
93 1 0
94 1 0
94 1 330
94 1 0
94 1 0
94 1 0
95 1 0
95 1 366
95 1 0
95 1 0
95 1 311
95 1 812
95 1 624
95 1 0
95 1 0
95 1 0
96 2 0
96 2 697
96 2 272
96 2 0
96 2 0
96 2 85
96 2 778
96 2 842
96 2 675
96 2 0
97 2 0
97 2 640
97 2 777
97 2 554
97 2 998
97 2 663
97 2 0
97 2 0
97 2 481
97 2 479
97 2 0
97 2 0
97 2 0
98 1 0
98 1 81
98 1 429
98 1 948
98 1 706
98 1 983
98 1 0
98 1 0
99 1 0
99 1 167
99 1 782
99 1 997
99 1 493
99 1 467
99 1 465
99 1 0
99 1 0
99 1 0
99 1 24
99 1 0
100 2 0
100 2 59
100 2 659
100 2 173
100 2 848
100 2 750
100 2 0
100 2 0
100 2 0
101 1 0
101 1 586
101 1 79
101 1 601
101 1 140
101 1 0
102 1 0
102 1 705
102 1 0
103 1 0
103 1 944
103 1 669
103 1 857
103 1 0
104 1 0
104 1 797
104 1 927
104 1 318
104 1 0
104 1 0
104 1 457
104 1 0
105 2 0
105 2 31
105 2 849
105 2 660
105 2 402
105 2 875
105 2 122
105 2 905
105 2 890
105 2 579
105 2 0
105 2 0
106 1 0
106 1 282
106 1 730
106 1 0
106 1 0
106 1 661
106 1 0
106 1 0
106 1 0
107 2 0
107 2 764
107 2 819
107 2 126
107 2 0
107 2 0
107 2 393
107 2 818
107 2 127
107 2 0
107 2 0
107 2 0
108 1 0
108 1 746
108 1 988
108 1 0
108 1 0
108 1 662
108 1 619
108 1 895
108 1 0
108 1 0
109 2 0
109 2 247
109 2 908
109 2 728
109 2 498
109 2 0
109 2 0
109 2 23
109 2 91
109 2 342
109 2 0
110 1 0
110 1 991
110 1 627
110 1 0
111 2 0
111 2 365
111 2 0
111 2 0
111 2 95
111 2 11
111 2 0
112 2 0
112 2 657
112 2 703
112 2 144
112 2 0
112 2 0
112 2 546
112 2 789
112 2 607
112 2 0
113 2 0
113 2 830
113 2 862
113 2 596
113 2 0
113 2 0
113 2 951
113 2 245
113 2 53
113 2 503
113 2 617
113 2 0
114 1 0
114 1 149
114 1 792
114 1 332
114 1 613
114 1 488
114 1 995
114 1 0
114 1 0
114 1 0
114 1 0
115 2 0
115 2 420
115 2 559
115 2 712
115 2 653
115 2 0
115 2 0
115 2 367
115 2 222
115 2 0
115 2 0
115 2 0
116 1 0
116 1 294
116 1 950
116 1 82
116 1 0
116 1 0
116 1 0
117 2 0
117 2 642
117 2 327
117 2 615
117 2 253
117 2 760
117 2 713
117 2 829
117 2 295
117 2 0
117 2 0
117 2 0
117 2 0
118 2 0
118 2 78
118 2 414
118 2 740
118 2 505
118 2 0
118 2 0
118 2 0
118 2 0
119 2 0
119 2 218
119 2 34
119 2 432
119 2 526
119 2 339
119 2 928
119 2 0
119 2 0
119 2 0
119 2 0
120 2 0
120 2 445
120 2 387
120 2 348
120 2 523
120 2 0
120 2 0
120 2 0
121 1 0
121 1 665
121 1 522
121 1 872
121 1 331
121 1 326
121 1 373
121 1 0
121 1 0
121 1 0
121 1 0
122 2 0
122 2 10
122 2 727
122 2 0
122 2 0
122 2 0
123 1 0
123 1 898
123 1 182
123 1 0
124 2 0
124 2 251
124 2 773
124 2 98
124 2 635
124 2 632
124 2 711
124 2 0
124 2 0
124 2 0
124 2 0
125 2 0
125 2 672
125 2 406
125 2 0
126 2 0
126 2 828
126 2 448
126 2 598
126 2 681
126 2 772
126 2 0
126 2 0
126 2 0
127 2 0
127 2 683
127 2 202
127 2 104
127 2 461
127 2 346
127 2 0
128 2 0
128 2 720
128 2 986
128 2 464
128 2 0
128 2 0
128 2 904
128 2 322
128 2 499
128 2 0
129 1 0
129 1 313
129 1 903
129 1 502
129 1 303
129 1 450
129 1 959
129 1 0
129 1 0
129 1 0
129 1 0
130 2 0
130 2 719
130 2 839
130 2 966
130 2 859
130 2 6
130 2 912
130 2 46
130 2 90
130 2 0
130 2 0
131 2 0
131 2 190
131 2 698
131 2 832
131 2 976
131 2 558
131 2 0
131 2 0
131 2 0
132 1 0
132 1 109
132 1 853
132 1 825
132 1 0
132 1 0
132 1 530
132 1 1000
132 1 68
132 1 0
132 1 0
133 1 0
133 1 142
133 1 460
133 1 893
133 1 517
133 1 486
133 1 286
133 1 915
133 1 252
133 1 241
133 1 0
133 1 0
133 1 0
133 1 0
134 2 0
134 2 534
134 2 449
134 2 320
134 2 0
134 2 0
134 2 221
134 2 112
134 2 83
134 2 0
135 2 0
135 2 296
135 2 0
135 2 0
135 2 638
135 2 317
135 2 0
135 2 0
135 2 0
136 2 0
136 2 271
136 2 827
136 2 156
136 2 823
136 2 548
136 2 0
136 2 0
136 2 0
137 2 0
137 2 364
137 2 743
137 2 860
137 2 723
137 2 236
137 2 382
137 2 0
137 2 0
137 2 0
138 2 0
138 2 385
138 2 35
138 2 263
138 2 651
138 2 834
138 2 381
138 2 0
138 2 0
139 1 0
139 1 407
139 1 357
139 1 73
139 1 0
139 1 0
140 2 0
140 2 555
140 2 196
140 2 377
140 2 116
140 2 979
140 2 0
140 2 0
140 2 0
140 2 0
141 2 0
141 2 634
141 2 643
141 2 0
141 2 0
141 2 920
141 2 556
141 2 305
141 2 0
142 1 0
142 1 42
142 1 914
142 1 123
142 1 0
142 1 0
143 2 0
143 2 240
143 2 249
143 2 0
143 2 0
143 2 811
143 2 165
143 2 0
144 2 0
144 2 670
144 2 636
144 2 733
144 2 415
144 2 201
144 2 49
144 2 0
144 2 0
144 2 0
144 2 0
145 2 0
145 2 409
145 2 981
145 2 507
145 2 649
145 2 491
145 2 433
145 2 242
145 2 0
145 2 0
145 2 0
145 2 0
146 2 0
146 2 744
146 2 625
146 2 384
146 2 145
146 2 60
146 2 412
146 2 0
146 2 0
146 2 0
146 2 0
147 1 0
147 1 514
147 1 916
147 1 162
147 1 691
147 1 962
147 1 0
147 1 0
147 1 0
147 1 0
148 2 0
148 2 917
148 2 924
148 2 882
148 2 0
148 2 0
148 2 0
149 2 0
149 2 32
149 2 210
149 2 299
149 2 378
149 2 585
149 2 0
149 2 0
150 2 0
150 2 722
150 2 224
150 2 238
150 2 416
150 2 117
150 2 0
150 2 0
150 2 0
150 2 66
150 2 0
151 2 0
151 2 982
151 2 953
151 2 633
151 2 278
151 2 787
151 2 739
151 2 0
151 2 0
151 2 0
151 2 0
152 2 0
152 2 374
152 2 788
152 2 137
152 2 316
152 2 972
152 2 0
152 2 0
152 2 0
152 2 0
153 2 0
153 2 22
153 2 978
153 2 867
153 2 325
153 2 267
153 2 0
153 2 0
153 2 0
153 2 0
154 2 0
154 2 15
154 2 566
154 2 176
154 2 5
154 2 569
154 2 0
154 2 0
154 2 0
154 2 0
155 2 0
155 2 277
155 2 690
155 2 56
155 2 984
155 2 560
155 2 858
155 2 0
155 2 0
156 2 0
156 2 786
156 2 0
156 2 0
156 2 0
157 2 0
157 2 69
157 2 913
157 2 87
157 2 0
157 2 0
157 2 0
158 2 0
158 2 765
158 2 0
158 2 0
158 2 0
159 2 0
159 2 725
159 2 0
159 2 0
159 2 588
159 2 993
159 2 845
159 2 0
160 2 0
160 2 243
160 2 684
160 2 884
160 2 674
160 2 0
160 2 0
160 2 0
160 2 506
160 2 386
160 2 0
161 2 0
161 2 370
161 2 244
161 2 946
161 2 528
161 2 361
161 2 353
161 2 0
161 2 0
161 2 0
161 2 0
162 2 0
162 2 184
162 2 194
162 2 747
162 2 597
162 2 623
162 2 0
162 2 0
162 2 0
162 2 0
163 1 0
163 1 0
164 1 0
164 1 0
165 2 0
165 2 745
165 2 0
165 2 0
165 2 372
165 2 55
165 2 0
166 1 0
166 1 198
166 1 129
166 1 227
166 1 452
166 1 0
166 1 0
166 1 0
166 1 43
166 1 0
167 2 0
167 2 155
167 2 618
167 2 0
167 2 0
167 2 0
168 2 0
168 2 131
168 2 197
168 2 21
168 2 687
168 2 614
168 2 0
168 2 0
168 2 0
168 2 0
169 2 0
169 2 268
169 2 549
169 2 363
169 2 892
169 2 139
169 2 138
169 2 375
169 2 0
169 2 0
169 2 0
169 2 0
170 1 0
170 1 368
170 1 174
170 1 132
170 1 0
170 1 0
170 1 0
170 1 451
170 1 0
171 2 0
171 2 120
171 2 931
171 2 347
171 2 878
171 2 225
171 2 696
171 2 879
171 2 0
171 2 0
171 2 0
171 2 0
172 2 0
172 2 482
172 2 379
172 2 768
172 2 159
172 2 671
172 2 308
172 2 961
172 2 629
172 2 0
172 2 0
173 1 0
173 1 704
173 1 737
173 1 0
173 1 0
174 2 0
174 2 362
174 2 667
174 2 146
174 2 0
175 2 0
175 2 72
175 2 901
175 2 206
175 2 519
175 2 836
175 2 3
175 2 547
175 2 0
175 2 0
176 1 0
176 1 333
176 1 552
176 1 599
176 1 864
176 1 0
176 1 0
177 2 0
177 2 61
177 2 631
177 2 533
177 2 769
177 2 963
177 2 443
177 2 427
177 2 639
177 2 0
177 2 0
177 2 0
177 2 0
178 2 0
178 2 297
178 2 795
178 2 65
178 2 0
178 2 0
179 2 0
179 2 103
179 2 261
179 2 388
179 2 766
179 2 0
179 2 0
179 2 0
179 2 94
179 2 0
180 2 0
180 2 100
180 2 900
180 2 280
180 2 169
180 2 76
180 2 0
180 2 0
181 2 0
181 2 770
181 2 302
181 2 851
181 2 358
181 2 0
181 2 0
181 2 0
181 2 0
182 2 0
182 2 256
182 2 215
182 2 444
182 2 147
182 2 589
182 2 889
182 2 0
182 2 0
182 2 0
182 2 0
183 1 0
183 1 567
183 1 16
183 1 736
183 1 702
183 1 774
183 1 0
183 1 0
183 1 0
183 1 0
184 2 0
184 2 209
184 2 96
184 2 75
184 2 0
184 2 0
185 2 0
185 2 483
185 2 343
185 2 575
185 2 0
185 2 0
185 2 0
185 2 195
185 2 0
186 2 0
186 2 115
186 2 821
186 2 258
186 2 62
186 2 121
186 2 285
186 2 0
186 2 0
186 2 0
186 2 0
187 1 0
187 1 52
187 1 1
187 1 933
187 1 0
187 1 0
187 1 0
187 1 108
187 1 0
188 2 0
188 2 403
188 2 422
188 2 658
188 2 833
188 2 537
188 2 337
188 2 731
188 2 620
188 2 0
188 2 0
188 2 0
188 2 0
189 2 0
189 2 20
189 2 143
189 2 26
189 2 39
189 2 527
189 2 572
189 2 235
189 2 0
189 2 0
190 2 0
190 2 203
190 2 405
190 2 390
190 2 239
190 2 935
190 2 0
190 2 0
190 2 0
190 2 0
191 2 0
191 2 111
191 2 487
191 2 0
191 2 0
191 2 0
191 2 105
191 2 344
191 2 315
191 2 888
191 2 0
191 2 0
191 2 0
191 2 0
192 2 0
192 2 312
192 2 70
192 2 300
192 2 583
192 2 584
192 2 371
192 2 0
192 2 0
192 2 0
192 2 0
193 2 0
193 2 592
193 2 804
193 2 637
193 2 0
193 2 0
193 2 0
193 2 29
193 2 0
194 1 0
194 1 926
194 1 968
194 1 0
194 1 0
194 1 0
194 1 952
194 1 594
194 1 395
194 1 0
194 1 0
194 1 0
194 1 0
195 1 0
195 1 355
195 1 306
195 1 50
195 1 0
195 1 0
195 1 0
195 1 439
195 1 0
195 1 0
196 2 0
196 2 262
196 2 500
196 2 762
196 2 421
196 2 192
196 2 469
196 2 19
196 2 869
196 2 0
196 2 0
197 2 0
197 2 213
197 2 775
197 2 551
197 2 0
197 2 0
197 2 0
197 2 0
198 1 0
198 1 234
198 1 688
198 1 729
198 1 0
198 1 0
198 1 0
198 1 0
199 2 0
199 2 350
199 2 228
199 2 0
199 2 0
199 2 0
199 2 822
199 2 0
199 2 0
199 2 0
199 2 0
200 2 0
200 2 896
200 2 110
200 2 231
200 2 0
200 2 0
201 2 0
201 2 886
201 2 958
201 2 179
201 2 51
201 2 359
201 2 0
201 2 0
201 2 0
201 2 0
202 2 0
202 2 521
202 2 77
202 2 274
202 2 0
202 2 0
203 2 0
203 2 67
203 2 987
203 2 780
203 2 0
203 2 0
203 2 0
203 2 431
203 2 12
203 2 0
203 2 0
204 2 0
204 2 185
204 2 474
204 2 985
204 2 48
204 2 0
204 2 260
204 2 0
204 2 0
205 2 0
205 2 956
205 2 540
205 2 424
205 2 957
205 2 708
205 2 0
205 2 0
205 2 0
205 2 0
206 2 0
206 2 270
206 2 219
206 2 0
206 2 0
207 2 0
207 2 152
207 2 0
208 2 0
208 2 89
208 2 0
209 1 0
209 1 33
209 1 0
210 2 0
210 2 13
210 2 0
210 2 0
211 2 0
211 2 2
211 2 0
