total cost: 335474
1 2 0
1 2 553
1 2 288
1 2 767
1 2 0
1 2 0
1 2 307
1 2 793
1 2 0
1 2 0
1 2 141
1 2 0
2 1 0
2 1 220
2 1 802
2 1 577
2 1 254
2 1 0
2 1 0
2 1 616
2 1 180
2 1 257
2 1 932
2 1 0
2 1 0
2 1 0
3 1 0
3 1 801
3 1 754
3 1 593
3 1 475
3 1 510
3 1 356
3 1 0
4 1 0
4 1 463
4 1 539
4 1 0
5 1 0
5 1 954
5 1 161
5 1 652
5 1 0
5 1 0
5 1 0
6 2 0
6 2 790
6 2 0
6 2 0
6 2 654
6 2 0
7 2 0
7 2 645
7 2 865
7 2 189
7 2 442
7 2 92
7 2 717
7 2 532
7 2 0
7 2 0
7 2 0
8 2 0
8 2 408
8 2 974
8 2 716
8 2 525
8 2 476
8 2 0
9 2 0
9 2 605
9 2 947
9 2 501
9 2 831
9 2 602
9 2 401
9 2 229
9 2 919
9 2 799
9 2 0
9 2 0
9 2 0
10 2 0
10 2 57
10 2 281
10 2 843
10 2 170
10 2 749
10 2 423
10 2 544
10 2 304
10 2 205
10 2 114
10 2 0
11 2 0
11 2 354
11 2 459
11 2 693
11 2 454
11 2 283
11 2 0
11 2 0
11 2 0
12 1 0
12 1 856
12 1 763
12 1 899
12 1 911
12 1 400
12 1 468
12 1 700
12 1 0
12 1 0
12 1 520
12 1 504
12 1 0
13 1 0
13 1 319
13 1 689
13 1 798
13 1 380
13 1 0
14 2 0
14 2 124
14 2 535
14 2 8
14 2 0
15 1 0
15 1 37
15 1 14
15 1 855
15 1 808
15 1 512
15 1 397
15 1 212
15 1 0
16 1 0
16 1 0
17 2 0
17 2 154
17 2 0
17 2 0
17 2 164
17 2 391
17 2 0
18 2 0
18 2 462
18 2 813
18 2 473
18 2 609
18 2 293
18 2 0
19 1 0
19 1 4
19 1 250
19 1 682
19 1 826
19 1 922
19 1 217
19 1 470
19 1 783
19 1 477
19 1 0
19 1 0
19 1 0
20 1 0
20 1 478
20 1 975
20 1 759
20 1 0
20 1 0
20 1 612
20 1 590
20 1 0
21 2 0
21 2 710
21 2 440
21 2 216
21 2 650
21 2 600
21 2 732
21 2 0
22 2 0
22 2 591
22 2 0
23 1 0
23 1 714
23 1 248
23 1 0
24 1 0
24 1 841
24 1 7
24 1 101
24 1 543
24 1 437
24 1 992
24 1 923
24 1 0
24 1 0
24 1 230
24 1 0
25 2 0
25 2 284
25 2 237
25 2 276
25 2 0
25 2 0
25 2 0
26 2 0
26 2 565
26 2 871
26 2 850
26 2 58
26 2 36
26 2 264
26 2 570
26 2 810
26 2 0
27 1 0
27 1 428
27 1 820
27 1 128
27 1 0
27 1 0
27 1 561
27 1 742
27 1 0
28 2 0
28 2 489
28 2 741
28 2 107
28 2 0
29 1 0
29 1 291
29 1 866
29 1 9
29 1 721
29 1 967
29 1 678
29 1 508
29 1 0
30 1 0
30 1 846
30 1 335
30 1 807
30 1 0
31 2 0
31 2 64
31 2 106
31 2 815
31 2 360
31 2 990
31 2 223
31 2 0
32 1 0
32 1 641
32 1 791
32 1 964
32 1 314
32 1 0
33 2 0
33 2 63
33 2 910
33 2 524
33 2 279
33 2 785
33 2 472
33 2 679
33 2 0
33 2 0
33 2 0
34 2 0
34 2 816
34 2 863
34 2 868
34 2 907
34 2 349
34 2 0
34 2 0
34 2 171
34 2 0
35 2 0
35 2 158
35 2 541
35 2 939
35 2 338
35 2 204
35 2 563
35 2 940
35 2 125
35 2 191
35 2 0
36 1 0
36 1 54
36 1 925
36 1 418
36 1 902
36 1 84
36 1 885
36 1 323
36 1 178
36 1 0
37 2 0
37 2 389
37 2 580
37 2 538
37 2 446
37 2 495
37 2 949
37 2 692
37 2 852
37 2 0
38 2 0
38 2 113
38 2 456
38 2 102
38 2 351
38 2 921
38 2 0
38 2 0
38 2 352
38 2 0
39 2 0
39 2 738
39 2 603
39 2 796
39 2 608
39 2 447
39 2 545
39 2 0
39 2 0
39 2 269
39 2 0
40 2 0
40 2 17
40 2 715
40 2 292
40 2 208
40 2 0
40 2 0
40 2 148
40 2 0
41 2 0
41 2 529
41 2 99
41 2 255
41 2 647
41 2 980
41 2 86
41 2 784
41 2 0
42 1 0
42 1 606
42 1 955
42 1 542
42 1 266
42 1 707
42 1 246
42 1 40
42 1 873
42 1 694
42 1 0
42 1 0
42 1 0
42 1 0
43 1 0
43 1 153
43 1 394
43 1 666
43 1 441
43 1 207
43 1 168
43 1 0
43 1 0
43 1 0
44 1 0
44 1 531
44 1 45
44 1 806
44 1 814
44 1 93
44 1 880
44 1 345
44 1 0
44 1 0
44 1 0
45 1 0
45 1 232
45 1 676
45 1 969
45 1 803
45 1 516
45 1 44
45 1 0
45 1 0
45 1 0
46 2 0
46 2 133
46 2 399
46 2 680
46 2 844
46 2 438
46 2 481
46 2 0
46 2 0
46 2 0
47 1 0
47 1 837
47 1 909
47 1 0
48 2 0
48 2 677
48 2 945
48 2 259
48 2 0
49 2 0
49 2 550
49 2 0
50 2 0
50 2 336
50 2 369
50 2 854
50 2 426
50 2 0
50 2 0
50 2 897
50 2 136
50 2 200
50 2 0
51 1 0
51 1 817
51 1 157
51 1 199
51 1 324
51 1 0
51 1 0
51 1 163
51 1 906
51 1 0
52 1 0
52 1 435
52 1 686
52 1 160
52 1 0
52 1 0
52 1 0
53 2 0
53 2 513
53 2 47
53 2 604
53 2 383
53 2 0
54 2 0
54 2 518
54 2 497
54 2 404
54 2 247
54 2 0
54 2 0
54 2 130
54 2 576
54 2 0
54 2 0
54 2 0
55 2 0
55 2 611
55 2 724
55 2 74
55 2 0
55 2 0
55 2 0
56 1 0
56 1 562
56 1 664
56 1 410
56 1 290
56 1 0
56 1 0
56 1 436
56 1 970
56 1 0
57 1 0
57 1 752
57 1 310
57 1 748
57 1 581
57 1 0
57 1 0
57 1 0
58 2 0
58 2 455
58 2 0
58 2 0
58 2 0
59 1 0
59 1 41
59 1 417
59 1 918
59 1 309
59 1 0
59 1 0
59 1 0
60 2 0
60 2 809
60 2 930
60 2 771
60 2 492
60 2 413
60 2 0
60 2 0
60 2 95
60 2 398
60 2 776
60 2 668
60 2 0
61 2 0
61 2 699
61 2 646
61 2 392
61 2 30
61 2 628
61 2 937
61 2 289
61 2 675
61 2 0
61 2 0
61 2 0
62 2 0
62 2 340
62 2 781
62 2 188
62 2 425
62 2 0
62 2 0
62 2 876
62 2 753
62 2 0
63 1 0
63 1 989
63 1 751
63 1 673
63 1 485
63 1 0
63 1 0
63 1 94
63 1 0
64 2 0
64 2 996
64 2 870
64 2 272
64 2 0
64 2 0
64 2 648
64 2 151
64 2 965
64 2 971
64 2 734
64 2 0
65 1 0
65 1 644
65 1 329
65 1 453
65 1 88
65 1 71
65 1 661
65 1 0
65 1 0
65 1 0
66 2 0
66 2 275
66 2 434
66 2 936
66 2 630
66 2 0
67 1 0
67 1 181
67 1 568
67 1 135
67 1 0
68 2 0
68 2 511
68 2 777
68 2 79
68 2 663
68 2 601
68 2 0
68 2 0
68 2 166
68 2 27
68 2 0
69 2 0
69 2 943
69 2 941
69 2 973
69 2 0
69 2 0
69 2 835
69 2 490
69 2 471
69 2 0
70 1 0
70 1 233
70 1 134
70 1 175
70 1 420
70 1 376
70 1 140
70 1 218
70 1 701
70 1 0
70 1 0
70 1 0
70 1 0
71 2 0
71 2 321
71 2 177
71 2 183
71 2 80
71 2 709
71 2 0
72 1 0
72 1 186
72 1 735
72 1 172
72 1 761
72 1 595
72 1 758
72 1 0
72 1 0
72 1 0
72 1 0
73 2 0
73 2 756
73 2 794
73 2 874
73 2 655
73 2 0
73 2 0
73 2 43
73 2 11
73 2 0
74 2 0
74 2 430
74 2 334
74 2 938
74 2 755
74 2 997
74 2 493
74 2 778
74 2 0
74 2 0
74 2 0
75 1 0
75 1 328
75 1 282
75 1 977
75 1 685
75 1 396
75 1 0
75 1 0
75 1 0
76 1 0
76 1 193
76 1 840
76 1 929
76 1 705
76 1 0
76 1 0
76 1 0
77 1 0
77 1 226
77 1 887
77 1 118
77 1 656
77 1 672
77 1 0
77 1 0
77 1 0
78 2 0
78 2 411
78 2 574
78 2 419
78 2 976
78 2 669
78 2 0
78 2 0
78 2 0
79 2 0
79 2 150
79 2 621
79 2 951
79 2 659
79 2 0
79 2 0
79 2 0
80 1 0
80 1 960
80 1 480
80 1 28
80 1 0
81 2 0
81 2 610
81 2 894
81 2 25
81 2 582
81 2 726
81 2 83
81 2 415
81 2 201
81 2 0
81 2 0
81 2 0
81 2 0
82 2 0
82 2 38
82 2 494
82 2 311
82 2 0
82 2 0
82 2 0
83 1 0
83 1 934
83 1 991
83 1 578
83 1 0
83 1 0
83 1 757
83 1 0
84 2 0
84 2 564
84 2 695
84 2 657
84 2 703
84 2 848
84 2 0
84 2 0
84 2 0
85 1 0
85 1 273
85 1 797
85 1 429
85 1 484
85 1 211
85 1 948
85 1 0
86 1 0
86 1 18
86 1 891
86 1 341
86 1 571
86 1 883
86 1 942
86 1 994
86 1 824
86 1 0
86 1 0
86 1 0
86 1 0
87 1 0
87 1 861
87 1 393
87 1 457
87 1 119
87 1 0
88 2 0
88 2 718
88 2 0
88 2 0
88 2 0
89 1 0
89 1 557
89 1 0
90 2 0
90 2 366
90 2 81
90 2 85
90 2 800
90 2 97
90 2 465
90 2 0
90 2 0
90 2 0
91 1 0
91 1 697
91 1 805
91 1 466
91 1 587
91 1 588
91 1 0
91 1 0
91 1 0
91 1 0
92 1 0
92 1 640
92 1 998
92 1 554
92 1 624
92 1 515
92 1 847
92 1 0
92 1 0
92 1 0
92 1 0
93 1 0
93 1 167
93 1 782
93 1 764
93 1 819
93 1 0
93 1 0
93 1 479
93 1 509
93 1 265
93 1 0
93 1 0
93 1 0
94 2 0
94 2 59
94 2 173
94 2 838
94 2 750
94 2 342
94 2 607
94 2 0
95 1 0
95 1 586
95 1 904
95 1 812
95 1 287
95 1 0
95 1 0
95 1 0
96 1 0
96 1 779
96 1 881
96 1 298
96 1 0
97 1 0
97 1 999
97 1 622
97 1 719
97 1 187
97 1 488
97 1 301
97 1 127
97 1 0
97 1 0
97 1 0
97 1 0
98 1 0
98 1 944
98 1 857
98 1 0
99 2 0
99 2 877
99 2 0
100 2 0
100 2 31
100 2 849
100 2 660
100 2 875
100 2 122
100 2 983
100 2 558
100 2 706
100 2 506
100 2 0
100 2 0
101 2 0
101 2 330
101 2 0
102 2 0
102 2 662
102 2 112
102 2 0
103 2 0
103 2 746
103 2 988
103 2 927
103 2 318
103 2 0
103 2 0
103 2 23
103 2 91
103 2 0
104 1 0
104 1 365
104 1 898
104 1 0
104 1 0
104 1 0
105 2 0
105 2 496
105 2 406
105 2 0
106 1 0
106 1 458
106 1 534
106 1 792
106 1 332
106 1 613
106 1 0
106 1 0
106 1 0
106 1 66
106 1 0
107 2 0
107 2 830
107 2 730
107 2 0
107 2 0
107 2 546
107 2 789
107 2 0
108 2 0
108 2 149
108 2 634
108 2 825
108 2 387
108 2 348
108 2 0
108 2 0
108 2 33
108 2 0
109 2 0
109 2 294
109 2 950
109 2 467
109 2 10
109 2 727
109 2 0
109 2 0
109 2 0
110 2 0
110 2 126
110 2 596
110 2 145
110 2 0
110 2 0
110 2 530
110 2 920
110 2 638
110 2 772
110 2 0
111 2 0
111 2 642
111 2 908
111 2 144
111 2 245
111 2 823
111 2 503
111 2 381
111 2 617
111 2 0
111 2 0
112 1 0
112 1 78
112 1 627
112 1 414
112 1 53
112 1 619
112 1 895
112 1 0
112 1 0
112 1 0
112 1 0
113 2 0
113 2 842
113 2 0
114 2 0
114 2 445
114 2 34
114 2 432
114 2 0
115 2 0
115 2 665
115 2 559
115 2 555
115 2 339
115 2 526
115 2 928
115 2 0
115 2 0
116 2 0
116 2 367
116 2 412
116 2 0
117 2 0
117 2 214
117 2 683
117 2 82
117 2 202
117 2 0
117 2 0
117 2 0
118 2 0
118 2 251
118 2 720
118 2 346
118 2 461
118 2 46
118 2 104
118 2 0
119 1 0
119 1 536
119 1 1000
119 1 0
120 1 0
120 1 828
120 1 0
120 1 0
120 1 221
120 1 182
120 1 0
121 2 0
121 2 313
121 2 903
121 2 0
121 2 0
121 2 190
121 2 0
122 1 0
122 1 109
122 1 853
122 1 972
122 1 978
122 1 0
122 1 0
122 1 0
122 1 29
122 1 24
122 1 0
123 2 0
123 2 142
123 2 320
123 2 460
123 2 725
123 2 0
123 2 0
123 2 818
123 2 786
123 2 0
123 2 0
123 2 0
124 2 0
124 2 862
124 2 744
124 2 839
124 2 966
124 2 60
124 2 6
124 2 912
124 2 0
124 2 0
125 2 0
125 2 502
125 2 986
125 2 98
125 2 0
125 2 0
125 2 165
125 2 305
125 2 68
125 2 0
126 2 0
126 2 364
126 2 743
126 2 860
126 2 236
126 2 723
126 2 146
126 2 433
126 2 0
126 2 0
126 2 0
126 2 0
127 2 0
127 2 712
127 2 653
127 2 448
127 2 681
127 2 373
127 2 0
127 2 0
127 2 0
128 1 0
128 1 407
128 1 827
128 1 498
128 1 548
128 1 0
128 1 0
129 2 0
129 2 385
129 2 832
129 2 615
129 2 327
129 2 740
129 2 505
129 2 0
130 2 0
130 2 42
130 2 698
130 2 35
130 2 253
130 2 651
130 2 834
130 2 0
130 2 0
131 1 0
131 1 296
131 1 0
131 1 0
131 1 523
131 1 995
131 1 0
131 1 0
131 1 0
132 2 0
132 2 670
132 2 690
132 2 728
132 2 156
132 2 0
133 2 0
133 2 409
133 2 384
133 2 382
133 2 90
133 2 0
134 1 0
134 1 271
134 1 357
134 1 760
134 1 263
134 1 905
134 1 890
134 1 0
134 1 0
134 1 0
134 1 0
135 2 0
135 2 240
135 2 249
135 2 0
135 2 0
135 2 69
135 2 811
135 2 317
135 2 0
135 2 0
135 2 0
136 1 0
136 1 514
136 1 123
136 1 73
136 1 0
136 1 0
137 2 0
137 2 402
137 2 636
137 2 733
137 2 635
137 2 632
137 2 737
137 2 704
137 2 0
137 2 0
137 2 0
137 2 0
138 1 0
138 1 722
138 1 981
138 1 72
138 1 308
138 1 105
138 1 671
138 1 961
138 1 0
138 1 0
138 1 0
138 1 0
139 1 0
139 1 573
139 1 859
139 1 924
139 1 0
139 1 0
139 1 0
139 1 0
140 1 0
140 1 982
140 1 368
140 1 914
140 1 579
140 1 984
140 1 829
140 1 0
140 1 0
140 1 0
140 1 0
141 1 0
141 1 374
141 1 788
141 1 522
141 1 872
141 1 0
141 1 0
141 1 0
141 1 2
141 1 626
141 1 0
141 1 0
141 1 0
142 1 0
142 1 22
142 1 316
142 1 325
142 1 176
142 1 5
142 1 155
142 1 0
142 1 0
142 1 0
142 1 0
143 1 0
143 1 917
143 1 32
143 1 108
143 1 0
143 1 0
144 1 0
144 1 773
144 1 464
144 1 370
144 1 0
144 1 0
144 1 0
144 1 222
144 1 0
144 1 0
144 1 0
145 2 0
145 2 277
145 2 916
145 2 56
145 2 162
145 2 633
145 2 795
145 2 713
145 2 845
145 2 295
145 2 0
145 2 0
145 2 0
145 2 0
146 2 0
146 2 566
146 2 268
146 2 0
146 2 0
146 2 913
146 2 0
147 2 0
147 2 449
147 2 194
147 2 893
147 2 597
147 2 549
147 2 286
147 2 486
147 2 915
147 2 252
147 2 241
147 2 55
147 2 0
147 2 0
147 2 0
147 2 0
148 1 0
148 1 450
148 1 303
148 1 959
148 1 49
148 1 639
148 1 386
148 1 0
148 1 0
148 1 0
148 1 0
149 2 0
149 2 377
149 2 326
149 2 331
149 2 116
149 2 322
149 2 0
149 2 0
149 2 0
149 2 0
150 2 0
150 2 625
150 2 224
150 2 238
150 2 507
150 2 649
150 2 491
150 2 299
150 2 882
150 2 0
150 2 0
150 2 0
150 2 0
151 1 0
151 1 243
151 1 120
151 1 0
151 1 0
151 1 0
151 1 0
152 2 0
152 2 196
152 2 770
152 2 137
152 2 598
152 2 569
152 2 765
152 2 0
152 2 0
152 2 0
152 2 0
153 2 0
153 2 184
153 2 747
153 2 674
153 2 517
153 2 0
153 2 0
153 2 556
153 2 979
153 2 499
153 2 0
153 2 0
153 2 0
154 1 0
154 1 643
154 1 0
154 1 0
154 1 15
154 1 0
155 2 0
155 2 884
155 2 867
155 2 618
155 2 0
155 2 0
155 2 372
155 2 0
155 2 0
155 2 0
156 1 0
156 1 198
156 1 416
156 1 900
156 1 117
156 1 378
156 1 0
156 1 0
156 1 0
156 1 0
157 1 0
157 1 0
158 2 0
158 2 745
158 2 0
158 2 0
158 2 993
158 2 0
159 2 0
159 2 131
159 2 267
159 2 197
159 2 0
159 2 0
160 1 0
160 1 684
160 1 422
160 1 21
160 1 363
160 1 931
160 1 0
160 1 0
160 1 0
160 1 87
160 1 0
161 2 0
161 2 482
161 2 379
161 2 768
161 2 159
161 2 629
161 2 952
161 2 75
161 2 0
161 2 0
162 2 0
162 2 210
162 2 667
162 2 242
162 2 0
162 2 0
162 2 0
163 2 0
163 2 333
163 2 552
163 2 864
163 2 375
163 2 0
163 2 0
164 2 0
164 2 451
164 2 0
165 2 0
165 2 61
165 2 631
165 2 946
165 2 353
165 2 361
165 2 858
165 2 560
165 2 0
165 2 0
166 2 0
166 2 362
166 2 169
166 2 0
167 2 0
167 2 103
167 2 244
167 2 567
167 2 528
167 2 962
167 2 739
167 2 0
167 2 0
168 1 0
168 1 100
168 1 623
168 1 878
168 1 585
168 1 879
168 1 836
168 1 0
168 1 0
168 1 0
168 1 0
169 1 0
169 1 297
169 1 0
169 1 0
170 2 0
170 2 256
170 2 691
170 2 174
170 2 306
170 2 589
170 2 278
170 2 787
170 2 0
170 2 0
170 2 0
170 2 0
171 2 0
171 2 129
171 2 227
171 2 347
171 2 358
171 2 0
171 2 0
171 2 0
171 2 96
171 2 76
171 2 0
172 2 0
172 2 953
172 2 20
172 2 132
172 2 147
172 2 26
172 2 889
172 2 0
172 2 0
172 2 0
172 2 0
173 2 0
173 2 901
173 2 343
173 2 285
173 2 206
173 2 0
173 2 0
173 2 0
173 2 0
174 1 0
174 1 443
174 1 963
174 1 427
174 1 344
174 1 0
174 1 0
175 2 0
175 2 483
175 2 821
175 2 452
175 2 926
175 2 696
175 2 519
175 2 121
175 2 0
175 2 0
175 2 0
175 2 0
176 2 0
176 2 52
176 2 258
176 2 62
176 2 405
176 2 896
176 2 3
176 2 547
176 2 0
176 2 0
176 2 0
176 2 0
177 2 0
177 2 115
177 2 851
177 2 614
177 2 833
177 2 300
177 2 537
177 2 620
177 2 231
177 2 0
177 2 0
177 2 0
177 2 0
178 2 0
178 2 215
178 2 769
178 2 533
178 2 228
178 2 350
178 2 0
178 2 0
178 2 0
178 2 0
179 2 0
179 2 711
179 2 439
179 2 0
179 2 0
179 2 0
179 2 0
180 1 0
180 1 403
180 1 312
180 1 687
180 1 892
180 1 139
180 1 0
180 1 0
180 1 0
180 1 0
181 1 0
181 1 203
181 1 234
181 1 239
181 1 390
181 1 0
181 1 0
181 1 0
181 1 0
182 1 0
182 1 261
182 1 388
182 1 736
182 1 766
182 1 637
182 1 0
182 1 0
182 1 0
182 1 0
183 2 0
183 2 599
183 2 138
183 2 110
183 2 0
183 2 0
184 1 0
184 1 225
184 1 968
184 1 337
184 1 935
184 1 0
184 1 0
184 1 0
184 1 0
185 1 0
185 1 111
185 1 933
185 1 0
185 1 0
185 1 0
185 1 280
185 1 594
185 1 0
185 1 0
186 1 0
186 1 16
186 1 262
186 1 0
186 1 0
186 1 0
186 1 209
186 1 0
186 1 0
186 1 0
186 1 0
187 2 0
187 2 70
187 2 302
187 2 658
187 2 48
187 2 731
187 2 584
187 2 0
187 2 0
187 2 0
187 2 0
188 2 0
188 2 592
188 2 575
188 2 1
188 2 213
188 2 0
188 2 0
188 2 0
188 2 0
189 1 0
189 1 355
189 1 444
189 1 774
189 1 702
189 1 572
189 1 0
189 1 0
189 1 0
189 1 0
190 2 0
190 2 804
190 2 886
190 2 500
190 2 0
190 2 0
190 2 0
190 2 260
190 2 0
190 2 0
191 1 0
191 1 487
191 1 775
191 1 0
191 1 0
191 1 0
191 1 0
192 1 0
192 1 0
193 1 0
193 1 0
194 1 0
194 1 0
195 2 0
195 2 822
195 2 0
195 2 0
195 2 0
195 2 0
196 1 0
196 1 729
196 1 424
196 1 762
196 1 0
196 1 0
196 1 0
196 1 0
197 1 0
197 1 521
197 1 315
197 1 888
197 1 395
197 1 0
197 1 0
197 1 0
197 1 0
198 1 0
198 1 65
198 1 359
198 1 235
198 1 0
198 1 0
198 1 0
198 1 0
199 2 0
199 2 431
199 2 77
199 2 869
199 2 0
199 2 0
200 2 0
200 2 551
200 2 0
200 2 0
201 1 0
201 1 270
201 1 0
201 1 0
202 1 0
202 1 688
202 1 67
202 1 540
202 1 583
202 1 0
202 1 219
202 1 371
202 1 0
202 1 0
202 1 0
202 1 0
203 2 0
203 2 143
203 2 958
203 2 985
203 2 51
203 2 957
203 2 274
203 2 708
203 2 0
203 2 0
204 2 0
204 2 185
204 2 987
204 2 780
204 2 421
204 2 192
204 2 0
204 2 0
204 2 0
204 2 0
205 1 0
205 1 956
205 1 474
205 1 0
205 1 0
205 1 0
205 1 527
205 1 12
205 1 0
205 1 0
206 2 0
206 2 50
206 2 39
206 2 469
206 2 19
206 2 0
206 2 0
207 1 0
207 1 179
207 1 0
207 1 195
207 1 0
207 1 0
208 1 0
208 1 152
208 1 0
209 1 0
209 1 89
209 1 0
210 1 0
210 1 13
210 1 0
210 1 0
