total cost: 337622
1 2 0
1 2 553
1 2 288
1 2 767
1 2 0
1 2 0
1 2 307
1 2 793
1 2 0
1 2 0
1 2 141
1 2 0
2 2 0
2 2 220
2 2 802
2 2 577
2 2 254
2 2 749
2 2 0
2 2 0
2 2 180
2 2 257
2 2 932
2 2 0
3 1 0
3 1 616
3 1 161
3 1 652
3 1 0
3 1 0
3 1 0
4 1 0
4 1 954
4 1 654
4 1 520
4 1 0
5 2 0
5 2 463
5 2 539
5 2 459
5 2 693
5 2 454
5 2 0
5 2 0
5 2 790
5 2 0
5 2 0
5 2 0
6 2 0
6 2 408
6 2 801
6 2 754
6 2 593
6 2 475
6 2 510
6 2 356
6 2 0
7 1 0
7 1 645
7 1 865
7 1 189
7 1 442
7 1 92
7 1 0
7 1 0
7 1 612
7 1 0
8 2 0
8 2 605
8 2 974
8 2 401
8 2 229
8 2 0
9 2 0
9 2 57
9 2 281
9 2 843
9 2 170
9 2 689
9 2 525
9 2 476
9 2 0
10 2 0
10 2 856
10 2 4
10 2 501
10 2 250
10 2 911
10 2 468
10 2 700
10 2 783
10 2 477
10 2 0
11 1 0
11 1 354
11 1 0
12 1 0
12 1 319
12 1 716
12 1 0
13 1 0
13 1 124
13 1 919
13 1 799
13 1 148
13 1 0
14 2 0
14 2 164
14 2 717
14 2 532
14 2 423
14 2 0
15 1 0
15 1 37
15 1 0
16 1 0
16 1 0
17 2 0
17 2 154
17 2 0
17 2 0
17 2 591
17 2 504
17 2 0
18 1 0
18 1 462
18 1 813
18 1 478
18 1 0
18 1 0
18 1 8
18 1 561
18 1 535
18 1 0
19 2 0
19 2 763
19 2 831
19 2 602
19 2 284
19 2 759
19 2 0
19 2 0
19 2 230
19 2 0
20 2 0
20 2 947
20 2 899
20 2 826
20 2 380
20 2 798
20 2 641
20 2 171
20 2 742
20 2 0
21 1 0
21 1 710
21 1 440
21 1 216
21 1 650
21 1 95
21 1 323
21 1 178
21 1 0
22 1 0
22 1 544
22 1 64
22 1 304
22 1 205
22 1 114
22 1 0
23 2 0
23 2 391
23 2 94
23 2 732
23 2 600
23 2 0
24 2 0
24 2 714
24 2 248
24 2 0
25 2 0
25 2 841
25 2 7
25 2 101
25 2 922
25 2 217
25 2 470
25 2 897
25 2 345
25 2 880
25 2 0
26 2 0
26 2 570
26 2 975
26 2 810
26 2 276
26 2 0
26 2 0
26 2 0
27 2 0
27 2 400
27 2 543
27 2 437
27 2 992
27 2 923
27 2 436
27 2 0
27 2 0
27 2 0
28 2 0
28 2 565
28 2 871
28 2 850
28 2 58
28 2 237
28 2 0
28 2 0
28 2 283
28 2 590
28 2 269
28 2 0
29 2 0
29 2 428
29 2 820
29 2 128
29 2 741
29 2 0
29 2 0
29 2 352
29 2 967
29 2 0
30 1 0
30 1 291
30 1 542
30 1 133
30 1 707
30 1 246
30 1 0
30 1 0
30 1 0
31 1 0
31 1 473
31 1 738
31 1 609
31 1 863
31 1 0
31 1 0
31 1 107
31 1 0
32 2 0
32 2 866
32 2 9
32 2 721
32 2 678
32 2 815
32 2 360
32 2 0
33 1 0
33 1 682
33 1 531
33 1 806
33 1 814
33 1 93
33 1 259
33 1 0
33 1 0
33 1 0
34 2 0
34 2 846
34 2 335
34 2 807
34 2 0
35 2 0
35 2 816
35 2 113
35 2 910
35 2 524
35 2 63
35 2 279
35 2 99
35 2 550
35 2 784
35 2 964
35 2 0
36 2 0
36 2 158
36 2 541
36 2 36
36 2 939
36 2 264
36 2 204
36 2 940
36 2 314
36 2 125
36 2 0
36 2 0
36 2 0
37 2 0
37 2 868
37 2 603
37 2 796
37 2 608
37 2 513
37 2 906
37 2 545
37 2 0
37 2 0
37 2 0
38 1 0
38 1 389
38 1 580
38 1 441
38 1 855
38 1 232
38 1 808
38 1 512
38 1 397
38 1 0
38 1 0
38 1 0
39 2 0
39 2 338
39 2 563
39 2 945
39 2 791
39 2 191
39 2 0
40 2 0
40 2 54
40 2 925
40 2 418
40 2 902
40 2 84
40 2 885
40 2 398
40 2 208
40 2 0
41 2 0
41 2 907
41 2 349
41 2 472
41 2 0
41 2 0
41 2 293
41 2 0
42 1 0
42 1 529
42 1 969
42 1 852
42 1 692
42 1 0
43 2 0
43 2 606
43 2 955
43 2 45
43 2 809
43 2 430
43 2 977
43 2 396
43 2 685
43 2 936
43 2 509
43 2 0
43 2 0
43 2 0
44 1 0
44 1 17
44 1 715
44 1 489
44 1 292
44 1 38
44 1 0
44 1 0
44 1 0
45 2 0
45 2 153
45 2 538
45 2 446
45 2 666
45 2 14
45 2 676
45 2 168
45 2 0
45 2 0
45 2 0
46 2 0
46 2 495
46 2 949
46 2 212
46 2 0
47 1 0
47 1 106
47 1 40
47 1 508
47 1 0
48 2 0
48 2 837
48 2 909
48 2 0
49 2 0
49 2 785
49 2 455
49 2 74
49 2 724
49 2 0
50 1 0
50 1 677
50 1 181
50 1 0
51 1 0
51 1 456
51 1 102
51 1 610
51 1 574
51 1 419
51 1 621
51 1 0
51 1 0
51 1 0
52 1 0
52 1 255
52 1 647
52 1 611
52 1 980
52 1 86
52 1 0
52 1 0
52 1 0
53 2 0
53 2 921
53 2 351
53 2 679
53 2 576
53 2 0
53 2 0
53 2 0
54 2 0
54 2 336
54 2 369
54 2 854
54 2 426
54 2 0
54 2 0
54 2 163
54 2 47
54 2 0
55 1 0
55 1 817
55 1 157
55 1 199
55 1 324
55 1 0
55 1 0
55 1 130
55 1 0
56 1 0
56 1 518
56 1 497
56 1 404
56 1 0
56 1 0
56 1 435
56 1 686
56 1 835
56 1 0
57 1 0
57 1 562
57 1 266
57 1 399
57 1 680
57 1 990
57 1 873
57 1 694
57 1 844
57 1 0
58 2 0
58 2 394
58 2 329
58 2 934
58 2 207
58 2 803
58 2 516
58 2 0
58 2 0
58 2 0
59 2 0
59 2 752
59 2 410
59 2 290
59 2 0
59 2 0
59 2 200
59 2 223
59 2 0
60 1 0
60 1 664
60 1 275
60 1 748
60 1 166
60 1 27
60 1 0
60 1 0
60 1 0
61 2 0
61 2 648
61 2 151
61 2 485
61 2 965
61 2 971
61 2 24
61 2 0
62 1 0
62 1 699
62 1 646
62 1 392
62 1 30
62 1 628
62 1 937
62 1 0
62 1 0
62 1 0
63 2 0
63 2 340
63 2 781
63 2 188
63 2 425
63 2 776
63 2 668
63 2 0
64 2 0
64 2 876
64 2 753
64 2 929
64 2 0
65 1 0
65 1 989
65 1 751
65 1 673
65 1 0
65 1 0
65 1 41
65 1 417
65 1 918
65 1 309
65 1 0
65 1 0
65 1 0
66 2 0
66 2 996
66 2 697
66 2 870
66 2 81
66 2 289
66 2 211
66 2 0
67 2 0
67 2 160
67 2 233
67 2 701
67 2 183
67 2 490
67 2 471
67 2 0
68 1 0
68 1 644
68 1 447
68 1 840
68 1 0
68 1 0
68 1 970
68 1 734
68 1 0
69 1 0
69 1 136
69 1 568
69 1 675
69 1 779
69 1 0
69 1 0
69 1 0
70 1 0
70 1 511
70 1 777
70 1 79
70 1 663
70 1 0
70 1 0
70 1 43
70 1 11
70 1 434
70 1 0
71 2 0
71 2 943
71 2 310
71 2 941
71 2 973
71 2 0
71 2 0
71 2 33
71 2 135
71 2 0
72 1 0
72 1 756
72 1 134
72 1 175
72 1 376
72 1 601
72 1 140
72 1 515
72 1 0
72 1 0
72 1 0
72 1 0
73 2 0
73 2 321
73 2 177
73 2 218
73 2 80
73 2 709
73 2 0
74 1 0
74 1 794
74 1 874
74 1 828
74 1 0
74 1 0
74 1 150
74 1 944
74 1 669
74 1 857
74 1 0
75 2 0
75 2 328
75 2 771
75 2 492
75 2 413
75 2 479
75 2 581
75 2 630
75 2 0
75 2 0
75 2 0
76 2 0
76 2 193
76 2 173
76 2 848
76 2 838
76 2 342
76 2 607
76 2 0
77 1 0
77 1 226
77 1 887
77 1 118
77 1 656
77 1 672
77 1 0
77 1 0
77 1 0
78 2 0
78 2 411
78 2 642
78 2 190
78 2 832
78 2 122
78 2 983
78 2 558
78 2 0
79 1 0
79 1 186
79 1 484
79 1 172
79 1 761
79 1 595
79 1 758
79 1 0
79 1 0
79 1 0
79 1 0
80 2 0
80 2 960
80 2 480
80 2 28
80 2 0
81 2 0
81 2 930
81 2 764
81 2 126
81 2 214
81 2 0
81 2 0
81 2 757
81 2 494
81 2 287
81 2 0
81 2 0
81 2 0
82 1 0
82 1 564
82 1 365
82 1 705
82 1 91
82 1 0
83 1 0
83 1 18
83 1 891
83 1 341
83 1 571
83 1 883
83 1 942
83 1 994
83 1 824
83 1 0
83 1 0
83 1 0
83 1 0
84 2 0
84 2 273
84 2 797
84 2 805
84 2 466
84 2 587
84 2 0
85 1 0
85 1 438
85 1 481
85 1 0
86 2 0
86 2 718
86 2 0
86 2 0
86 2 0
87 1 0
87 1 861
87 1 393
87 1 457
87 1 119
87 1 0
88 1 0
88 1 604
88 1 383
88 1 44
88 1 0
89 2 0
89 2 557
89 2 0
90 2 0
90 2 366
90 2 938
90 2 755
90 2 997
90 2 493
90 2 778
90 2 0
90 2 0
90 2 0
91 2 0
91 2 85
91 2 800
91 2 97
91 2 881
91 2 842
91 2 0
91 2 0
91 2 0
92 2 0
92 2 640
92 2 420
92 2 998
92 2 554
92 2 586
92 2 904
92 2 624
92 2 847
92 2 0
92 2 0
92 2 0
92 2 0
93 1 0
93 1 695
93 1 0
94 1 0
94 1 334
94 1 782
94 1 294
94 1 465
94 1 0
94 1 0
94 1 330
94 1 812
94 1 0
95 2 0
95 2 167
95 2 272
95 2 0
95 2 0
95 2 661
95 2 66
95 2 0
96 1 0
96 1 999
96 1 719
96 1 622
96 1 573
96 1 839
96 1 6
96 1 89
96 1 0
96 1 0
97 2 0
97 2 59
97 2 659
97 2 750
97 2 0
97 2 0
97 2 0
98 1 0
98 1 429
98 1 894
98 1 25
98 1 582
98 1 726
98 1 83
98 1 0
98 1 0
98 1 0
98 1 0
99 2 0
99 2 948
99 2 0
100 1 0
100 1 282
100 1 819
100 1 0
100 1 0
100 1 877
100 1 298
100 1 0
101 1 0
101 1 31
101 1 746
101 1 660
101 1 875
101 1 706
101 1 588
101 1 201
101 1 0
101 1 0
101 1 0
101 1 0
102 2 0
102 2 735
102 2 0
103 1 0
103 1 247
103 1 908
103 1 144
103 1 951
103 1 245
103 1 414
103 1 0
103 1 0
103 1 0
103 1 0
104 2 0
104 2 453
104 2 88
104 2 991
104 2 578
104 2 71
104 2 23
104 2 0
104 2 0
104 2 0
105 2 0
105 2 655
105 2 712
105 2 653
105 2 0
105 2 0
105 2 496
105 2 301
105 2 0
106 1 0
106 1 458
106 1 534
106 1 792
106 1 613
106 1 488
106 1 187
106 1 0
106 1 0
106 1 0
106 1 0
107 2 0
107 2 657
107 2 0
107 2 0
107 2 662
107 2 112
107 2 0
108 1 0
108 1 830
108 1 0
108 1 0
108 1 546
108 1 182
108 1 0
109 1 0
109 1 149
109 1 332
109 1 142
109 1 320
109 1 0
109 1 0
109 1 0
109 1 530
109 1 920
109 1 0
110 1 0
110 1 78
110 1 627
110 1 898
110 1 789
110 1 0
110 1 0
111 2 0
111 2 10
111 2 727
111 2 0
111 2 0
111 2 0
112 2 0
112 2 445
112 2 348
112 2 0
113 1 0
113 1 665
113 1 559
113 1 555
113 1 34
113 1 432
113 1 339
113 1 928
113 1 0
113 1 0
113 1 0
113 1 0
114 1 0
114 1 367
114 1 265
114 1 0
114 1 0
114 1 0
115 1 0
115 1 703
115 1 407
115 1 976
115 1 619
115 1 53
115 1 0
115 1 0
115 1 0
115 1 0
116 1 0
116 1 251
116 1 927
116 1 318
116 1 0
116 1 0
116 1 536
116 1 0
117 2 0
117 2 950
117 2 596
117 2 145
117 2 0
117 2 0
117 2 311
117 2 0
118 2 0
118 2 730
118 2 862
118 2 0
118 2 0
118 2 683
118 2 406
118 2 202
118 2 0
118 2 0
118 2 0
119 1 0
119 1 313
119 1 903
119 1 988
119 1 0
119 1 0
119 1 221
119 1 505
119 1 0
120 1 0
120 1 109
120 1 853
120 1 825
120 1 0
120 1 0
120 1 82
120 1 0
120 1 0
120 1 0
121 1 0
121 1 720
121 1 502
121 1 346
121 1 461
121 1 90
121 1 0
121 1 0
122 2 0
122 2 296
122 2 467
122 2 0
122 2 0
122 2 818
122 2 786
122 2 0
122 2 0
122 2 0
123 1 0
123 1 271
123 1 827
123 1 156
123 1 728
123 1 0
123 1 0
123 1 0
123 1 638
123 1 0
124 1 0
124 1 849
124 1 670
124 1 385
124 1 253
124 1 651
124 1 834
124 1 617
124 1 0
124 1 0
124 1 0
124 1 0
125 1 0
125 1 364
125 1 743
125 1 860
125 1 236
125 1 104
125 1 0
125 1 0
125 1 0
125 1 0
126 2 0
126 2 634
126 2 387
126 2 566
126 2 972
126 2 0
126 2 0
126 2 165
126 2 305
126 2 772
126 2 0
127 1 0
127 1 42
127 1 615
127 1 327
127 1 895
127 1 0
127 1 0
128 2 0
128 2 240
128 2 15
128 2 526
128 2 116
128 2 0
129 2 0
129 2 32
129 2 60
129 2 0
130 1 0
130 1 523
130 1 1000
130 1 69
130 1 68
130 1 0
130 1 0
131 1 0
131 1 409
131 1 384
131 1 46
131 1 382
131 1 0
131 1 0
132 2 0
132 2 823
132 2 498
132 2 548
132 2 503
132 2 381
132 2 0
133 1 0
133 1 744
133 1 625
133 1 981
133 1 723
133 1 433
133 1 0
133 1 0
133 1 0
133 1 0
134 2 0
134 2 811
134 2 317
134 2 0
135 1 0
135 1 127
135 1 626
135 1 0
135 1 0
135 1 0
136 1 0
136 1 514
136 1 690
136 1 123
136 1 73
136 1 740
136 1 0
136 1 0
136 1 0
136 1 0
137 2 0
137 2 402
137 2 733
137 2 636
137 2 0
137 2 0
137 2 995
137 2 222
137 2 0
137 2 0
137 2 0
138 1 0
138 1 448
138 1 196
138 1 131
138 1 522
138 1 499
138 1 0
138 1 0
138 1 0
138 1 0
139 2 0
139 2 917
139 2 912
139 2 0
140 1 0
140 1 722
140 1 98
140 1 986
140 1 0
140 1 0
140 1 0
140 1 765
140 1 0
141 1 0
141 1 982
141 1 368
141 1 914
141 1 760
141 1 263
141 1 0
141 1 0
141 1 0
141 1 412
141 1 0
142 2 0
142 2 374
142 2 788
142 2 249
142 2 872
142 2 0
142 2 0
142 2 195
142 2 905
142 2 845
142 2 295
142 2 0
142 2 0
143 1 0
143 1 773
143 1 464
143 1 635
143 1 632
143 1 0
143 1 0
143 1 0
143 1 0
144 2 0
144 2 277
144 2 916
144 2 56
144 2 162
144 2 633
144 2 984
144 2 579
144 2 829
144 2 0
144 2 0
145 2 0
145 2 22
145 2 316
145 2 978
145 2 325
145 2 176
145 2 5
145 2 0
145 2 0
145 2 0
146 2 0
146 2 681
146 2 598
146 2 326
146 2 331
146 2 373
146 2 0
146 2 0
146 2 0
147 1 0
147 1 377
147 1 556
147 1 0
147 1 0
147 1 0
147 1 0
148 2 0
148 2 449
148 2 460
148 2 725
148 2 0
148 2 0
148 2 913
148 2 0
149 1 0
149 1 450
149 1 303
149 1 959
149 1 308
149 1 49
149 1 704
149 1 415
149 1 0
149 1 0
150 1 0
150 1 357
150 1 713
150 1 795
150 1 0
150 1 0
151 1 0
151 1 698
151 1 35
151 1 890
151 1 560
151 1 858
151 1 0
151 1 0
152 2 0
152 2 506
152 2 993
152 2 0
153 2 0
153 2 243
153 2 884
153 2 867
153 2 0
153 2 0
153 2 372
153 2 55
153 2 252
153 2 915
153 2 0
154 1 0
154 1 370
154 1 61
154 1 443
154 1 353
154 1 427
154 1 0
154 1 0
155 2 0
155 2 184
155 2 893
155 2 747
155 2 674
155 2 517
155 2 0
155 2 0
155 2 0
155 2 87
155 2 0
155 2 0
155 2 0
156 2 0
156 2 224
156 2 238
156 2 198
156 2 966
156 2 859
156 2 882
156 2 299
156 2 0
156 2 0
156 2 0
156 2 0
157 1 0
157 1 643
157 1 0
157 1 0
157 1 0
158 2 0
158 2 745
158 2 0
158 2 0
158 2 569
158 2 0
159 1 0
159 1 137
159 1 979
159 1 0
159 1 0
159 1 0
159 1 0
160 1 0
160 1 451
160 1 0
161 2 0
161 2 155
161 2 618
161 2 0
161 2 0
161 2 0
162 2 0
162 2 924
162 2 597
162 2 549
162 2 286
162 2 486
162 2 552
162 2 241
162 2 0
162 2 0
163 1 0
163 1 267
163 1 197
163 1 0
163 1 0
164 2 0
164 2 268
164 2 333
164 2 0
165 1 0
165 1 684
165 1 194
165 1 623
165 1 117
165 1 878
165 1 0
165 1 0
165 1 0
165 1 0
166 2 0
166 2 416
166 2 507
166 2 900
166 2 649
166 2 491
166 2 242
166 2 146
166 2 0
166 2 0
167 1 0
167 1 210
167 1 667
167 1 96
167 1 76
167 1 75
167 1 0
167 1 0
168 1 0
168 1 120
168 1 21
168 1 851
168 1 931
168 1 363
168 1 0
168 1 0
168 1 0
168 1 0
169 2 0
169 2 482
169 2 72
169 2 901
169 2 629
169 2 952
169 2 961
169 2 0
169 2 0
170 1 0
170 1 362
170 1 639
170 1 386
170 1 0
170 1 0
171 1 0
171 1 297
171 1 0
171 1 0
172 2 0
172 2 737
172 2 0
173 1 0
173 1 322
173 1 0
173 1 0
174 2 0
174 2 103
174 2 244
174 2 567
174 2 528
174 2 946
174 2 228
174 2 105
174 2 209
174 2 0
174 2 0
175 2 0
175 2 100
175 2 227
175 2 378
175 2 280
175 2 169
175 2 0
175 2 0
175 2 0
175 2 0
176 1 0
176 1 770
176 1 422
176 1 0
176 1 0
176 1 0
176 1 152
176 1 0
177 1 0
177 1 129
177 1 203
177 1 347
177 1 225
177 1 358
177 1 696
177 1 0
177 1 0
177 1 0
177 1 0
178 2 0
178 2 256
178 2 215
178 2 691
178 2 306
178 2 962
178 2 361
178 2 711
178 2 0
178 2 0
178 2 0
178 2 0
179 1 0
179 1 379
179 1 768
179 1 159
179 1 343
179 1 0
179 1 0
179 1 0
179 1 0
180 2 0
180 2 953
180 2 174
180 2 355
180 2 278
180 2 787
180 2 65
180 2 431
180 2 0
180 2 0
181 2 0
181 2 483
181 2 452
181 2 258
181 2 926
181 2 519
181 2 121
181 2 0
181 2 0
181 2 0
181 2 0
182 2 0
182 2 631
182 2 261
182 2 769
182 2 533
182 2 963
182 2 739
182 2 344
182 2 0
182 2 0
182 2 0
182 2 0
183 1 0
183 1 52
183 1 592
183 1 575
183 1 0
183 1 0
183 1 0
183 1 108
183 1 585
183 1 0
183 1 0
184 1 0
184 1 403
184 1 312
184 1 687
184 1 139
184 1 892
184 1 138
184 1 0
184 1 0
184 1 0
184 1 0
185 1 0
185 1 20
185 1 132
185 1 444
185 1 147
185 1 0
185 1 0
185 1 0
185 1 29
185 1 0
186 2 0
186 2 115
186 2 821
186 2 206
186 2 285
186 2 0
186 2 0
186 2 0
186 2 0
187 2 0
187 2 111
187 2 62
187 2 405
187 2 239
187 2 620
187 2 0
187 2 0
188 1 0
188 1 671
188 1 350
188 1 0
188 1 0
188 1 0
188 1 0
189 1 0
189 1 16
189 1 388
189 1 736
189 1 766
189 1 888
189 1 0
189 1 0
189 1 0
189 1 0
190 2 0
190 2 879
190 2 836
190 2 3
190 2 547
190 2 0
190 2 0
191 2 0
191 2 70
191 2 302
191 2 614
191 2 833
191 2 300
191 2 537
191 2 0
191 2 0
192 2 0
192 2 599
192 2 375
192 2 110
192 2 0
192 2 0
193 1 0
193 1 896
193 1 231
193 1 0
193 1 0
194 2 0
194 2 864
194 2 0
194 2 0
195 2 0
195 2 262
195 2 0
195 2 0
195 2 0
195 2 439
195 2 315
195 2 822
195 2 0
195 2 0
195 2 0
195 2 0
196 1 0
196 1 1
196 1 0
196 1 0
196 1 0
196 1 260
196 1 219
196 1 0
196 1 0
197 1 0
197 1 804
197 1 0
197 1 0
197 1 0
197 1 2
197 1 594
197 1 0
197 1 0
198 1 0
198 1 637
198 1 933
198 1 775
198 1 0
198 1 0
198 1 0
198 1 0
199 1 0
199 1 487
199 1 213
199 1 584
199 1 0
199 1 0
200 1 0
200 1 234
200 1 688
200 1 658
200 1 48
200 1 731
200 1 0
200 1 0
201 2 0
201 2 968
201 2 390
201 2 337
201 2 0
201 2 0
201 2 0
201 2 0
202 2 0
202 2 729
202 2 424
202 2 935
202 2 583
202 2 0
202 2 0
202 2 0
202 2 0
203 2 0
203 2 886
203 2 500
203 2 780
203 2 50
203 2 572
203 2 527
203 2 235
203 2 0
203 2 0
203 2 0
203 2 0
204 1 0
204 1 589
204 1 26
204 1 889
204 1 0
204 1 0
204 1 0
204 1 0
205 2 0
205 2 774
205 2 702
205 2 395
205 2 551
205 2 0
205 2 0
206 1 0
206 1 143
206 1 985
206 1 958
206 1 51
206 1 0
206 1 0
206 1 0
206 1 0
207 1 0
207 1 67
207 1 540
207 1 421
207 1 0
207 1 0
207 1 0
207 1 0
208 1 0
208 1 185
208 1 987
208 1 762
208 1 0
208 1 0
208 1 0
208 1 0
209 1 0
209 1 192
209 1 469
209 1 19
209 1 957
209 1 0
209 1 0
209 1 0
209 1 0
210 2 0
210 2 956
210 2 179
210 2 869
210 2 274
210 2 708
210 2 0
210 2 0
210 2 0
210 2 0
211 1 0
211 1 77
211 1 359
211 1 0
211 1 0
211 1 0
211 1 0
212 1 0
212 1 39
212 1 474
212 1 0
212 1 521
212 1 371
212 1 12
212 1 0
212 1 0
212 1 0
212 1 0
213 1 0
213 1 270
213 1 0
213 1 0
214 1 0
214 1 13
214 1 0
214 1 0
