total cost: 349954
1 2 0
1 2 553
1 2 288
1 2 767
1 2 0
1 2 0
1 2 307
1 2 793
1 2 0
1 2 0
1 2 141
1 2 0
2 2 0
2 2 220
2 2 802
2 2 577
2 2 254
2 2 170
2 2 749
2 2 0
2 2 0
2 2 654
2 2 520
2 2 0
3 1 0
3 1 463
3 1 539
3 1 462
3 1 693
3 1 0
4 1 0
4 1 801
4 1 754
4 1 593
4 1 974
4 1 716
4 1 525
4 1 476
4 1 0
5 2 0
5 2 616
5 2 180
5 2 319
5 2 423
5 2 932
5 2 257
5 2 0
5 2 0
5 2 0
6 2 0
6 2 645
6 2 865
6 2 189
6 2 442
6 2 92
6 2 717
6 2 532
6 2 0
6 2 0
6 2 0
7 1 0
7 1 408
7 1 947
7 1 602
7 1 284
7 1 171
7 1 742
7 1 0
8 2 0
8 2 281
8 2 57
8 2 954
8 2 161
8 2 652
8 2 591
8 2 504
8 2 0
9 1 0
9 1 605
9 1 856
9 1 689
9 1 798
9 1 544
9 1 380
9 1 0
9 1 0
9 1 0
10 1 0
10 1 354
10 1 0
11 1 0
11 1 843
11 1 391
11 1 440
11 1 710
11 1 0
11 1 0
11 1 790
11 1 0
12 2 0
12 2 459
12 2 154
12 2 0
12 2 0
12 2 124
12 2 401
12 2 535
12 2 0
13 1 0
13 1 37
13 1 389
13 1 855
13 1 808
13 1 512
13 1 397
13 1 212
13 1 0
14 2 0
14 2 454
14 2 283
14 2 919
14 2 475
14 2 799
14 2 0
15 2 0
15 2 4
15 2 250
15 2 911
15 2 899
15 2 826
15 2 468
15 2 783
15 2 470
15 2 477
15 2 0
16 1 0
16 1 813
16 1 473
16 1 738
16 1 863
16 1 0
16 1 0
16 1 164
16 1 304
16 1 205
16 1 114
16 1 0
17 1 0
17 1 478
17 1 975
17 1 570
17 1 510
17 1 356
17 1 0
17 1 0
17 1 0
18 1 0
18 1 763
18 1 831
18 1 501
18 1 400
18 1 759
18 1 0
18 1 0
18 1 229
18 1 8
18 1 0
19 1 0
19 1 714
19 1 248
19 1 0
20 1 0
20 1 612
20 1 590
20 1 269
20 1 0
21 2 0
21 2 565
21 2 850
21 2 58
21 2 871
21 2 36
21 2 264
21 2 99
21 2 63
21 2 807
21 2 0
22 2 0
22 2 841
22 2 7
22 2 101
22 2 922
22 2 217
22 2 897
22 2 345
22 2 880
22 2 259
22 2 0
22 2 0
22 2 0
23 1 0
23 1 428
23 1 820
23 1 54
23 1 741
23 1 0
23 1 0
23 1 561
23 1 230
23 1 148
23 1 0
24 2 0
24 2 291
24 2 543
24 2 437
24 2 992
24 2 923
24 2 436
24 2 0
24 2 0
24 2 0
25 1 0
25 1 682
25 1 237
25 1 338
25 1 939
25 1 0
25 1 0
25 1 641
25 1 508
25 1 0
26 2 0
26 2 846
26 2 609
26 2 293
26 2 0
27 2 0
27 2 866
27 2 128
27 2 107
27 2 9
27 2 721
27 2 600
27 2 732
27 2 967
27 2 0
28 2 0
28 2 816
28 2 113
28 2 910
28 2 868
28 2 349
28 2 0
28 2 0
28 2 352
28 2 678
28 2 815
28 2 0
29 1 0
29 1 158
29 1 541
29 1 204
29 1 563
29 1 964
29 1 940
29 1 314
29 1 0
29 1 0
29 1 0
30 2 0
30 2 14
30 2 538
30 2 446
30 2 580
30 2 232
30 2 495
30 2 969
30 2 852
30 2 692
30 2 0
31 1 0
31 1 489
31 1 216
31 1 418
31 1 292
31 1 208
31 1 0
31 1 0
31 1 0
32 2 0
32 2 907
32 2 608
32 2 447
32 2 545
32 2 0
32 2 0
32 2 0
33 2 0
33 2 17
33 2 925
33 2 323
33 2 709
33 2 885
33 2 178
33 2 0
34 1 0
34 1 700
34 1 106
34 1 40
34 1 246
34 1 990
34 1 360
34 1 0
35 1 0
35 1 529
35 1 603
35 1 796
35 1 335
35 1 524
35 1 279
35 1 785
35 1 0
35 1 0
35 1 276
35 1 0
36 2 0
36 2 606
36 2 955
36 2 562
36 2 266
36 2 399
36 2 680
36 2 873
36 2 844
36 2 438
36 2 0
37 1 0
37 1 153
37 1 394
37 1 934
37 1 329
37 1 207
37 1 168
37 1 0
37 1 0
37 1 949
37 1 906
37 1 0
38 2 0
38 2 666
38 2 644
38 2 929
38 2 705
38 2 91
38 2 0
38 2 0
38 2 0
39 1 0
39 1 542
39 1 45
39 1 809
39 1 430
39 1 977
39 1 396
39 1 685
39 1 0
39 1 0
39 1 0
40 1 0
40 1 531
40 1 806
40 1 814
40 1 93
40 1 945
40 1 791
40 1 191
40 1 0
40 1 0
40 1 0
41 1 0
41 1 715
41 1 188
41 1 781
41 1 425
41 1 84
41 1 38
41 1 0
41 1 0
41 1 0
42 2 0
42 2 441
42 2 676
42 2 71
42 2 661
42 2 44
42 2 383
42 2 0
42 2 0
42 2 0
43 2 0
43 2 133
43 2 752
43 2 664
43 2 0
43 2 0
43 2 472
43 2 679
43 2 0
44 1 0
44 1 64
44 1 41
44 1 677
44 1 810
44 1 784
44 1 0
45 2 0
45 2 837
45 2 909
45 2 0
46 1 0
46 1 650
46 1 776
46 1 668
46 1 0
46 1 0
46 1 0
47 1 0
47 1 707
47 1 275
47 1 970
47 1 27
47 1 0
47 1 0
47 1 0
48 1 0
48 1 456
48 1 102
48 1 610
48 1 574
48 1 419
48 1 621
48 1 0
48 1 0
48 1 0
49 1 0
49 1 255
49 1 647
49 1 611
49 1 455
49 1 0
49 1 0
49 1 0
50 2 0
50 2 921
50 2 351
50 2 576
50 2 0
50 2 0
50 2 0
51 2 0
51 2 336
51 2 369
51 2 854
51 2 426
51 2 0
51 2 0
51 2 550
51 2 125
51 2 0
52 1 0
52 1 817
52 1 157
52 1 199
52 1 410
52 1 0
52 1 0
52 1 513
52 1 0
53 2 0
53 2 435
53 2 686
53 2 160
53 2 0
53 2 0
53 2 0
54 2 0
54 2 324
54 2 226
54 2 485
54 2 290
54 2 0
54 2 0
54 2 0
55 2 0
55 2 518
55 2 497
55 2 404
55 2 247
55 2 0
55 2 0
55 2 163
55 2 753
55 2 838
55 2 0
56 1 0
56 1 130
56 1 0
57 1 0
57 1 200
57 1 136
57 1 918
57 1 309
57 1 0
57 1 0
57 1 0
58 1 0
58 1 980
58 1 724
58 1 0
59 2 0
59 2 95
59 2 80
59 2 494
59 2 0
60 1 0
60 1 648
60 1 151
60 1 973
60 1 0
60 1 0
60 1 86
60 1 0
61 1 0
61 1 699
61 1 646
61 1 392
61 1 30
61 1 628
61 1 937
61 1 0
61 1 0
61 1 0
62 1 0
62 1 340
62 1 756
62 1 134
62 1 175
62 1 376
62 1 601
62 1 140
62 1 0
62 1 0
62 1 0
62 1 0
63 1 0
63 1 876
63 1 0
64 1 0
64 1 989
64 1 751
64 1 673
64 1 0
64 1 0
64 1 398
64 1 0
65 1 0
65 1 996
65 1 697
65 1 870
65 1 366
65 1 0
65 1 0
65 1 166
65 1 581
65 1 434
65 1 0
66 2 0
66 2 902
66 2 586
66 2 79
66 2 757
66 2 0
67 2 0
67 2 181
67 2 417
67 2 779
67 2 0
67 2 0
67 2 0
68 2 0
68 2 568
68 2 289
68 2 675
68 2 0
69 2 0
69 2 223
69 2 694
69 2 0
70 2 0
70 2 94
70 2 490
70 2 835
70 2 0
71 2 0
71 2 511
71 2 777
71 2 663
71 2 177
71 2 701
71 2 0
71 2 0
71 2 74
71 2 0
71 2 0
71 2 0
72 2 0
72 2 943
72 2 941
72 2 310
72 2 887
72 2 118
72 2 656
72 2 936
72 2 630
72 2 509
72 2 0
73 1 0
73 1 233
73 1 794
73 1 874
73 1 828
73 1 0
73 1 0
73 1 47
73 1 604
73 1 0
74 1 0
74 1 321
74 1 655
74 1 34
74 1 0
74 1 0
74 1 11
74 1 0
75 2 0
75 2 186
75 2 735
75 2 172
75 2 761
75 2 758
75 2 595
75 2 587
75 2 0
75 2 0
75 2 0
76 2 0
76 2 150
76 2 193
76 2 840
76 2 0
76 2 0
76 2 971
76 2 965
76 2 0
77 1 0
77 1 328
77 1 334
77 1 755
77 1 997
77 1 493
77 1 778
77 1 0
77 1 0
77 1 0
78 2 0
78 2 183
78 2 393
78 2 861
78 2 457
78 2 734
78 2 480
78 2 28
78 2 0
79 1 0
79 1 411
79 1 642
79 1 908
79 1 245
79 1 951
79 1 659
79 1 1058
79 1 0
80 1 0
80 1 960
80 1 119
80 1 0
81 2 0
81 2 930
81 2 771
81 2 492
81 2 413
81 2 10
81 2 727
81 2 0
81 2 0
81 2 0
82 1 0
82 1 18
82 1 891
82 1 341
82 1 571
82 1 883
82 1 942
82 1 994
82 1 824
82 1 1021
82 1 0
82 1 1021
82 1 0
83 2 0
83 2 564
83 2 695
83 2 657
83 2 703
83 2 173
83 2 0
83 2 0
83 2 748
83 2 481
83 2 0
84 2 0
84 2 273
84 2 894
84 2 25
84 2 582
84 2 726
84 2 0
84 2 0
84 2 43
84 2 135
84 2 0
85 2 0
85 2 803
85 2 546
85 2 516
85 2 0
86 1 0
86 1 0
87 1 0
87 1 0
88 1 0
88 1 0
89 1 0
89 1 0
90 1 0
90 1 0
91 1 0
91 1 0
92 2 0
92 2 718
92 2 0
92 2 0
92 2 0
93 2 0
93 2 557
93 2 812
93 2 287
93 2 0
93 2 0
93 2 0
94 2 0
94 2 85
94 2 800
94 2 97
94 2 465
94 2 881
94 2 0
94 2 0
94 2 0
95 1 0
95 1 640
95 1 420
95 1 998
95 1 554
95 1 15
95 1 432
95 1 0
95 1 0
95 1 0
95 1 24
95 1 0
96 1 0
96 1 167
96 1 938
96 1 0
96 1 0
96 1 81
96 1 211
96 1 948
96 1 0
97 2 0
97 2 59
97 2 848
97 2 750
97 2 342
97 2 789
97 2 0
98 1 0
98 1 999
98 1 719
98 1 622
98 1 573
98 1 839
98 1 6
98 1 89
98 1 433
98 1 0
98 1 0
98 1 0
98 1 0
99 1 0
99 1 429
99 1 988
99 1 927
99 1 318
99 1 0
99 1 0
99 1 944
99 1 669
99 1 857
99 1 0
100 1 0
100 1 877
100 1 298
100 1 0
101 1 0
101 1 797
101 1 272
101 1 0
101 1 0
101 1 471
101 1 515
101 1 624
101 1 0
102 1 0
102 1 282
102 1 819
102 1 0
102 1 0
102 1 479
102 1 265
102 1 0
102 1 0
102 1 0
103 2 0
103 2 31
103 2 849
103 2 660
103 2 484
103 2 706
103 2 983
103 2 0
103 2 0
104 1 0
104 1 764
104 1 294
104 1 683
104 1 0
104 1 0
104 1 662
104 1 558
104 1 0
105 2 0
105 2 746
105 2 805
105 2 466
105 2 588
105 2 201
105 2 415
105 2 83
105 2 0
105 2 0
105 2 0
105 2 0
106 2 0
106 2 453
106 2 88
106 2 991
106 2 578
106 2 627
106 2 0
106 2 0
106 2 23
106 2 607
106 2 0
107 1 0
107 1 365
107 1 414
107 1 0
107 1 0
107 1 311
107 1 0
108 2 0
108 2 218
108 2 904
108 2 847
108 2 339
108 2 0
108 2 0
108 2 0
109 2 0
109 2 782
109 2 862
109 2 730
109 2 0
109 2 0
109 2 496
109 2 672
109 2 0
110 1 0
110 1 830
110 1 596
110 1 467
110 1 0
110 1 0
110 1 330
110 1 0
111 1 0
111 1 458
111 1 534
111 1 792
111 1 332
111 1 613
111 1 0
111 1 0
111 1 0
111 1 66
111 1 0
112 2 0
112 2 149
112 2 142
112 2 634
112 2 825
112 2 387
112 2 0
112 2 0
112 2 842
112 2 0
113 2 0
113 2 126
113 2 364
113 2 145
113 2 0
113 2 0
113 2 530
113 2 920
113 2 638
113 2 772
113 2 0
114 2 0
114 2 445
114 2 653
114 2 0
114 2 0
114 2 367
114 2 412
114 2 0
115 1 0
115 1 665
115 1 559
115 1 555
115 1 526
115 1 116
115 1 928
115 1 0
115 1 0
116 2 0
116 2 78
116 2 898
116 2 182
116 2 0
117 2 0
117 2 251
117 2 950
117 2 82
117 2 406
117 2 0
117 2 0
117 2 0
118 1 0
118 1 712
118 1 448
118 1 681
118 1 598
118 1 326
118 1 331
118 1 373
118 1 0
118 1 0
118 1 0
118 1 0
119 1 0
119 1 720
119 1 502
119 1 346
119 1 461
119 1 46
119 1 104
119 1 0
119 1 0
120 1 0
120 1 313
120 1 903
120 1 98
120 1 0
120 1 0
120 1 0
120 1 536
120 1 1000
120 1 0
121 2 0
121 2 190
121 2 615
121 2 327
121 2 619
121 2 53
121 2 503
121 2 0
122 2 0
122 2 109
122 2 853
122 2 972
122 2 316
122 2 978
122 2 0
122 2 0
122 2 221
122 2 0
123 1 0
123 1 296
123 1 0
123 1 0
123 1 214
123 1 202
123 1 0
124 2 0
124 2 144
124 2 827
124 2 498
124 2 728
124 2 823
124 2 0
124 2 0
124 2 165
124 2 0
125 2 0
125 2 271
125 2 407
125 2 832
125 2 122
125 2 875
125 2 506
125 2 993
125 2 0
125 2 0
125 2 0
125 2 0
126 1 0
126 1 385
126 1 976
126 1 895
126 1 0
126 1 0
126 1 0
126 1 0
127 2 0
127 2 301
127 2 626
127 2 0
127 2 0
127 2 0
128 1 0
128 1 523
128 1 348
128 1 5
128 1 325
128 1 68
128 1 0
128 1 0
128 1 0
128 1 0
129 1 0
129 1 488
129 1 320
129 1 0
129 1 0
129 1 818
129 1 0
129 1 0
129 1 0
130 1 0
130 1 42
130 1 698
130 1 35
130 1 253
130 1 760
130 1 651
130 1 0
130 1 0
130 1 0
130 1 0
131 1 0
131 1 240
131 1 196
131 1 0
131 1 0
131 1 0
131 1 811
131 1 317
131 1 0
131 1 0
131 1 0
132 1 0
132 1 32
132 1 60
132 1 912
132 1 1087
132 1 0
133 1 0
133 1 187
133 1 725
133 1 0
134 2 0
134 2 670
134 2 277
134 2 357
134 2 156
134 2 548
134 2 617
134 2 381
134 2 0
134 2 0
134 2 0
134 2 0
135 1 0
135 1 409
135 1 743
135 1 860
135 1 723
135 1 236
135 1 382
135 1 0
135 1 0
135 1 0
135 1 0
136 1 0
136 1 69
136 1 569
136 1 305
136 1 1050
136 1 0
137 2 0
137 2 744
137 2 625
137 2 981
137 2 72
137 2 308
137 2 105
137 2 671
137 2 961
137 2 629
137 2 0
137 2 0
137 2 0
137 2 0
138 2 0
138 2 384
138 2 986
138 2 635
138 2 464
138 2 0
138 2 0
138 2 127
138 2 786
138 2 0
138 2 0
138 2 0
139 2 0
139 2 514
139 2 123
139 2 834
139 2 73
139 2 740
139 2 0
139 2 0
139 2 0
139 2 0
140 1 0
140 1 402
140 1 636
140 1 733
140 1 0
140 1 0
140 1 0
140 1 995
140 1 0
141 2 0
141 2 722
141 2 773
141 2 370
141 2 450
141 2 303
141 2 959
141 2 0
141 2 0
141 2 0
141 2 0
142 1 0
142 1 917
142 1 859
142 1 882
142 1 299
142 1 491
142 1 242
142 1 0
142 1 0
142 1 0
142 1 0
143 1 0
143 1 982
143 1 368
143 1 914
143 1 263
143 1 905
143 1 0
143 1 0
143 1 0
143 1 0
144 1 0
144 1 374
144 1 788
144 1 522
144 1 249
144 1 0
144 1 0
144 1 0
144 1 765
144 1 0
145 2 0
145 2 22
145 2 884
145 2 867
145 2 566
145 2 0
145 2 0
145 2 222
145 2 0
145 2 0
145 2 0
146 1 0
146 1 690
146 1 916
146 1 56
146 1 162
146 1 633
146 1 984
146 1 579
146 1 0
146 1 0
146 1 0
146 1 0
147 2 0
147 2 505
147 2 890
147 2 845
147 2 0
148 1 0
148 1 377
148 1 872
148 1 0
148 1 0
148 1 913
148 1 0
148 1 0
148 1 0
149 2 0
149 2 449
149 2 460
149 2 893
149 2 597
149 2 517
149 2 486
149 2 286
149 2 915
149 2 252
149 2 241
149 2 55
149 2 0
149 2 0
149 2 0
149 2 0
150 1 0
150 1 372
150 1 0
150 1 0
150 1 0
151 1 0
151 1 243
151 1 120
151 1 747
151 1 0
151 1 0
151 1 0
151 1 195
151 1 632
151 1 386
151 1 0
151 1 0
152 1 0
152 1 0
153 1 0
153 1 0
154 1 0
154 1 0
155 2 0
155 2 745
155 2 0
155 2 0
155 2 556
155 2 499
155 2 0
156 2 0
156 2 184
156 2 194
156 2 924
156 2 623
156 2 117
156 2 0
156 2 0
156 2 0
156 2 90
156 2 146
156 2 0
157 2 0
157 2 224
157 2 507
157 2 129
157 2 649
157 2 878
157 2 378
157 2 585
157 2 879
157 2 0
157 2 0
157 2 0
157 2 0
158 2 0
158 2 643
158 2 0
158 2 0
158 2 362
158 2 667
158 2 76
158 2 0
159 1 0
159 1 176
159 1 618
159 1 0
159 1 0
159 1 0
159 1 87
159 1 0
160 2 0
160 2 137
160 2 131
160 2 268
160 2 674
160 2 333
160 2 0
160 2 0
160 2 0
160 2 0
161 1 0
161 1 198
161 1 238
161 1 966
161 1 901
161 1 206
161 1 0
161 1 0
161 1 0
161 1 0
162 2 0
162 2 155
162 2 267
162 2 552
162 2 864
162 2 375
162 2 0
162 2 0
163 1 0
163 1 684
163 1 422
163 1 21
163 1 197
163 1 687
163 1 0
163 1 0
163 1 0
163 1 0
164 2 0
164 2 416
164 2 227
164 2 900
164 2 280
164 2 836
164 2 0
164 2 0
164 2 0
164 2 0
165 2 0
165 2 210
165 2 159
165 2 952
165 2 75
165 2 0
165 2 0
166 2 0
166 2 482
166 2 379
166 2 768
166 2 350
166 2 0
166 2 0
166 2 0
166 2 0
167 1 0
167 1 451
167 1 0
168 2 0
168 2 704
168 2 49
168 2 0
169 2 0
169 2 297
169 2 829
169 2 295
169 2 0
169 2 0
170 2 0
170 2 737
170 2 639
170 2 0
171 2 0
171 2 322
171 2 979
171 2 0
172 2 0
172 2 61
172 2 946
172 2 631
172 2 353
172 2 361
172 2 858
172 2 560
172 2 0
172 2 0
173 2 0
173 2 103
173 2 244
173 2 567
173 2 528
173 2 963
173 2 427
173 2 443
173 2 711
173 2 0
173 2 0
174 1 0
174 1 100
174 1 347
174 1 358
174 1 225
174 1 696
174 1 0
174 1 0
174 1 0
174 1 0
175 1 0
175 1 770
175 1 403
175 1 0
175 1 0
175 1 0
175 1 209
175 1 96
175 1 0
175 1 0
176 2 0
176 2 256
176 2 215
176 2 691
176 2 306
176 2 589
176 2 278
176 2 787
176 2 65
176 2 0
176 2 0
176 2 0
176 2 0
177 1 0
177 1 549
177 1 931
177 1 363
177 1 892
177 1 139
177 1 0
177 1 0
177 1 0
177 1 0
178 2 0
178 2 953
178 2 174
178 2 769
178 2 533
178 2 228
178 2 344
178 2 0
178 2 0
178 2 0
178 2 0
179 2 0
179 2 169
179 2 0
180 2 0
180 2 483
180 2 343
180 2 575
180 2 0
180 2 0
180 2 0
180 2 152
180 2 0
181 2 0
181 2 115
181 2 821
181 2 452
181 2 926
181 2 519
181 2 121
181 2 0
181 2 0
181 2 0
181 2 0
182 1 0
182 1 52
182 1 1
182 1 933
182 1 0
182 1 0
182 1 0
182 1 713
182 1 431
182 1 0
182 1 0
183 1 0
183 1 20
183 1 132
183 1 444
183 1 147
183 1 0
183 1 0
183 1 0
183 1 112
183 1 0
184 1 0
184 1 203
184 1 234
184 1 405
184 1 239
184 1 390
184 1 0
184 1 0
184 1 0
184 1 0
185 2 0
185 2 261
185 2 388
185 2 736
185 2 766
185 2 0
185 2 0
185 2 0
185 2 33
185 2 0
186 1 0
186 1 962
186 1 774
186 1 889
186 1 0
186 1 0
186 1 0
186 1 0
187 1 0
187 1 258
187 1 62
187 1 968
187 1 537
187 1 0
187 1 0
187 1 0
187 1 0
188 2 0
188 2 111
188 2 487
188 2 0
188 2 0
188 2 0
188 2 599
188 2 138
188 2 110
188 2 0
188 2 0
189 2 0
189 2 312
189 2 302
189 2 851
189 2 614
189 2 833
189 2 300
189 2 620
189 2 0
189 2 0
189 2 0
189 2 0
190 2 0
190 2 16
190 2 262
190 2 0
190 2 0
190 2 0
190 2 795
190 2 739
190 2 0
190 2 0
191 1 0
191 1 592
191 1 0
191 1 0
191 1 0
191 1 3
191 1 896
191 1 547
191 1 0
191 1 0
192 2 0
192 2 70
192 2 658
192 2 583
192 2 935
192 2 337
192 2 731
192 2 0
192 2 0
192 2 0
192 2 0
193 2 0
193 2 355
193 2 26
193 2 39
193 2 359
193 2 572
193 2 888
193 2 0
193 2 0
193 2 0
193 2 0
194 2 0
194 2 285
194 2 594
194 2 0
194 2 0
194 2 0
194 2 0
195 1 0
195 1 213
195 1 0
195 1 0
195 1 0
195 1 439
195 1 0
195 1 0
195 1 0
195 1 0
196 2 0
196 2 804
196 2 886
196 2 637
196 2 192
196 2 0
196 2 0
196 2 0
196 2 822
196 2 0
196 2 0
196 2 0
196 2 0
197 1 0
197 1 729
197 1 775
197 1 0
197 1 0
197 1 0
197 1 260
197 1 231
197 1 0
197 1 0
198 2 0
198 2 702
198 2 527
198 2 395
198 2 551
198 2 0
198 2 0
199 1 0
199 1 315
199 1 469
199 1 0
199 1 0
200 1 0
200 1 521
200 1 0
200 1 0
201 1 0
201 1 688
201 1 67
201 1 540
201 1 421
201 1 0
201 1 0
201 1 0
201 1 0
202 1 0
202 1 143
202 1 958
202 1 987
202 1 0
202 1 0
202 1 0
202 1 584
202 1 371
202 1 0
202 1 0
203 2 0
203 2 500
203 2 185
203 2 985
203 2 51
203 2 235
203 2 77
203 2 0
203 2 0
203 2 0
203 2 0
204 1 0
204 1 424
204 1 780
204 1 762
204 1 0
204 1 0
204 1 0
204 1 0
205 2 0
205 2 48
205 2 19
205 2 957
205 2 869
205 2 708
205 2 0
205 2 0
206 1 0
206 1 956
206 1 474
206 1 0
206 1 0
206 1 0
206 1 270
206 1 274
206 1 0
206 1 0
206 1 0
206 1 0
207 1 0
207 1 179
207 1 50
207 1 0
207 1 219
207 1 0
207 1 0
208 1 0
208 1 108
208 1 12
208 1 0
208 1 0
209 1 0
209 1 29
209 1 0
210 1 0
210 1 13
210 1 0
210 1 0
211 1 0
211 1 2
211 1 0
