total cost: 337578
1 2 0
1 2 553
1 2 288
1 2 767
1 2 0
1 2 0
1 2 307
1 2 793
1 2 0
1 2 0
1 2 141
1 2 0
2 1 0
2 1 220
2 1 802
2 1 577
2 1 254
2 1 0
2 1 0
2 1 616
2 1 180
2 1 257
2 1 932
2 1 0
2 1 0
2 1 0
3 1 0
3 1 801
3 1 754
3 1 593
3 1 475
3 1 510
3 1 356
3 1 0
4 2 0
4 2 463
4 2 539
4 2 154
4 2 693
4 2 0
4 2 0
4 2 790
4 2 612
4 2 654
4 2 0
5 1 0
5 1 645
5 1 954
5 1 161
5 1 0
5 1 0
5 1 652
5 1 504
5 1 0
6 1 0
6 1 605
6 1 974
6 1 716
6 1 525
6 1 476
6 1 0
7 1 0
7 1 408
7 1 947
7 1 401
7 1 229
7 1 535
7 1 0
7 1 0
7 1 0
8 1 0
8 1 57
8 1 865
8 1 189
8 1 428
8 1 710
8 1 717
8 1 532
8 1 0
8 1 0
8 1 0
9 2 0
9 2 281
9 2 843
9 2 170
9 2 749
9 2 423
9 2 544
9 2 304
9 2 205
9 2 114
9 2 0
10 2 0
10 2 856
10 2 763
10 2 831
10 2 602
10 2 911
10 2 468
10 2 700
10 2 783
10 2 477
10 2 0
11 2 0
11 2 354
11 2 442
11 2 440
11 2 391
11 2 94
11 2 732
11 2 600
11 2 0
11 2 0
11 2 0
12 1 0
12 1 459
12 1 454
12 1 37
12 1 283
12 1 590
12 1 269
12 1 0
13 1 0
13 1 319
13 1 689
13 1 798
13 1 380
13 1 0
14 2 0
14 2 164
14 2 92
14 2 216
14 2 650
14 2 95
14 2 323
14 2 0
15 1 0
15 1 124
15 1 919
15 1 799
15 1 148
15 1 0
16 1 0
16 1 462
16 1 813
16 1 473
16 1 609
16 1 293
16 1 0
16 1 0
16 1 8
16 1 0
17 1 0
17 1 4
17 1 250
17 1 899
17 1 826
17 1 922
17 1 217
17 1 470
17 1 897
17 1 0
17 1 0
17 1 0
18 1 0
18 1 478
18 1 975
18 1 759
18 1 0
18 1 0
18 1 591
18 1 520
18 1 0
19 2 0
19 2 501
19 2 400
19 2 682
19 2 101
19 2 106
19 2 815
19 2 360
19 2 990
19 2 223
19 2 0
20 2 0
20 2 714
20 2 248
20 2 0
21 2 0
21 2 841
21 2 7
21 2 543
21 2 437
21 2 992
21 2 923
21 2 436
21 2 970
21 2 0
21 2 0
21 2 0
22 2 0
22 2 284
22 2 237
22 2 276
22 2 0
22 2 0
22 2 0
23 2 0
23 2 565
23 2 871
23 2 850
23 2 58
23 2 36
23 2 264
23 2 570
23 2 810
23 2 0
24 1 0
24 1 489
24 1 741
24 1 107
24 1 0
25 2 0
25 2 291
25 2 866
25 2 128
25 2 9
25 2 721
25 2 967
25 2 678
25 2 508
25 2 0
25 2 0
25 2 0
26 2 0
26 2 846
26 2 335
26 2 807
26 2 0
27 1 0
27 1 64
27 1 641
27 1 171
27 1 742
27 1 0
28 2 0
28 2 820
28 2 925
28 2 418
28 2 84
28 2 885
28 2 178
28 2 208
28 2 0
28 2 0
28 2 0
29 1 0
29 1 816
29 1 863
29 1 868
29 1 0
29 1 0
29 1 63
29 1 524
29 1 99
29 1 0
30 2 0
30 2 158
30 2 541
30 2 939
30 2 338
30 2 204
30 2 563
30 2 964
30 2 940
30 2 125
30 2 0
31 1 0
31 1 54
31 1 715
31 1 902
31 1 292
31 1 38
31 1 0
31 1 0
31 1 230
31 1 0
32 2 0
32 2 113
32 2 910
32 2 529
32 2 907
32 2 349
32 2 0
32 2 0
32 2 561
32 2 0
33 1 0
33 1 738
33 1 603
33 1 796
33 1 0
34 2 0
34 2 389
34 2 580
34 2 538
34 2 446
34 2 495
34 2 397
34 2 512
34 2 212
34 2 692
34 2 0
35 2 0
35 2 17
35 2 188
35 2 781
35 2 709
35 2 776
35 2 668
35 2 0
36 2 0
36 2 14
36 2 666
36 2 855
36 2 232
36 2 808
36 2 676
36 2 852
36 2 0
37 1 0
37 1 606
37 1 955
37 1 542
37 1 266
37 1 707
37 1 246
37 1 40
37 1 873
37 1 694
37 1 0
37 1 0
37 1 0
37 1 0
38 1 0
38 1 153
38 1 394
38 1 934
38 1 329
38 1 207
38 1 168
38 1 0
38 1 0
38 1 949
38 1 0
39 1 0
39 1 531
39 1 45
39 1 399
39 1 275
39 1 748
39 1 166
39 1 27
39 1 0
39 1 0
39 1 0
40 1 0
40 1 441
40 1 644
40 1 0
41 2 0
41 2 133
41 2 752
41 2 664
41 2 0
41 2 0
41 2 472
41 2 785
41 2 0
42 1 0
42 1 279
42 1 921
42 1 679
42 1 576
42 1 0
43 2 0
43 2 791
43 2 945
43 2 880
43 2 345
43 2 0
44 2 0
44 2 837
44 2 909
44 2 0
45 2 0
45 2 677
45 2 314
45 2 784
45 2 86
45 2 0
46 2 0
46 2 550
46 2 0
47 2 0
47 2 456
47 2 102
47 2 610
47 2 574
47 2 419
47 2 621
47 2 944
47 2 669
47 2 0
47 2 0
47 2 0
48 2 0
48 2 255
48 2 647
48 2 611
48 2 455
48 2 0
48 2 0
48 2 0
49 2 0
49 2 336
49 2 369
49 2 854
49 2 426
49 2 0
49 2 0
49 2 352
49 2 200
49 2 0
50 2 0
50 2 817
50 2 157
50 2 199
50 2 324
50 2 648
50 2 290
50 2 0
50 2 0
50 2 0
51 1 0
51 1 806
51 1 814
51 1 93
51 1 259
51 1 181
51 1 191
51 1 0
52 1 0
52 1 0
53 1 0
53 1 0
54 1 0
54 1 0
55 2 0
55 2 608
55 2 447
55 2 545
55 2 0
55 2 0
55 2 0
56 2 0
56 2 351
56 2 150
56 2 876
56 2 753
56 2 0
56 2 0
56 2 0
57 2 0
57 2 435
57 2 686
57 2 160
57 2 0
57 2 0
57 2 0
58 1 0
58 1 518
58 1 497
58 1 404
58 1 0
58 1 0
58 1 513
58 1 906
58 1 604
58 1 383
58 1 0
59 1 0
59 1 562
59 1 410
59 1 943
59 1 310
59 1 0
59 1 0
59 1 980
59 1 724
59 1 74
59 1 0
60 1 0
60 1 163
60 1 47
60 1 0
61 2 0
61 2 809
61 2 430
61 2 334
61 2 938
61 2 755
61 2 800
61 2 778
61 2 0
61 2 0
61 2 0
62 2 0
62 2 969
62 2 803
62 2 516
62 2 44
62 2 0
63 2 0
63 2 699
63 2 646
63 2 392
63 2 30
63 2 628
63 2 937
63 2 289
63 2 675
63 2 0
63 2 0
63 2 0
64 2 0
64 2 340
64 2 756
64 2 134
64 2 175
64 2 376
64 2 601
64 2 140
64 2 515
64 2 0
64 2 0
64 2 0
65 1 0
65 1 41
65 1 417
65 1 918
65 1 0
65 1 0
65 1 0
66 2 0
66 2 680
66 2 396
66 2 977
66 2 844
66 2 438
66 2 0
67 1 0
67 1 989
67 1 751
67 1 673
67 1 485
67 1 0
67 1 0
67 1 398
67 1 80
67 1 494
67 1 287
67 1 0
67 1 0
67 1 0
68 1 0
68 1 996
68 1 697
68 1 0
68 1 0
68 1 151
68 1 973
68 1 0
68 1 0
68 1 0
69 1 0
69 1 136
69 1 568
69 1 135
69 1 0
69 1 0
69 1 0
70 2 0
70 2 511
70 2 777
70 2 425
70 2 79
70 2 586
70 2 757
70 2 0
71 1 0
71 1 321
71 1 233
71 1 701
71 1 177
71 1 490
71 1 835
71 1 471
71 1 0
71 1 0
71 1 0
71 1 0
72 1 0
72 1 130
72 1 0
73 2 0
73 2 186
73 2 735
73 2 172
73 2 761
73 2 595
73 2 758
73 2 587
73 2 0
74 1 0
74 1 971
74 1 965
74 1 734
74 1 480
74 1 28
74 1 0
75 2 0
75 2 794
75 2 874
75 2 828
75 2 0
75 2 0
75 2 43
75 2 11
75 2 434
75 2 0
76 1 0
76 1 328
76 1 771
76 1 492
76 1 413
76 1 0
76 1 0
76 1 0
77 2 0
77 2 193
77 2 840
77 2 929
77 2 705
77 2 0
77 2 0
77 2 0
78 2 0
78 2 226
78 2 887
78 2 118
78 2 656
78 2 936
78 2 581
78 2 509
78 2 630
78 2 0
79 2 0
79 2 411
79 2 247
79 2 190
79 2 0
79 2 0
79 2 183
79 2 311
79 2 847
79 2 0
79 2 0
79 2 0
80 2 0
80 2 930
80 2 764
80 2 819
80 2 730
80 2 0
80 2 0
80 2 960
80 2 24
80 2 0
81 1 0
81 1 564
81 1 695
81 1 0
82 1 0
82 1 941
82 1 891
82 1 341
82 1 685
82 1 0
82 1 0
82 1 0
83 1 0
83 1 273
83 1 797
83 1 429
83 1 484
83 1 211
83 1 948
83 1 0
84 1 0
84 1 18
84 1 332
84 1 458
84 1 393
84 1 861
84 1 457
84 1 119
84 1 0
84 1 0
84 1 0
84 1 0
85 2 0
85 2 718
85 2 0
85 2 0
85 2 0
86 2 0
86 2 366
86 2 272
86 2 85
86 2 0
86 2 0
86 2 557
86 2 0
87 2 0
87 2 640
87 2 420
87 2 998
87 2 554
87 2 663
87 2 218
87 2 904
87 2 624
87 2 0
87 2 0
87 2 0
87 2 0
88 2 0
88 2 81
88 2 805
88 2 466
88 2 0
89 1 0
89 1 167
89 1 782
89 1 997
89 1 493
89 1 97
89 1 465
89 1 0
89 1 0
89 1 0
89 1 0
90 2 0
90 2 481
90 2 479
90 2 0
91 2 0
91 2 870
91 2 251
91 2 927
91 2 318
91 2 0
91 2 0
91 2 779
91 2 881
91 2 309
91 2 0
91 2 0
91 2 0
92 1 0
92 1 59
92 1 0
93 2 0
93 2 999
93 2 719
93 2 622
93 2 573
93 2 942
93 2 883
93 2 265
93 2 0
93 2 0
93 2 0
94 1 0
94 1 877
94 1 298
94 1 0
95 1 0
95 1 282
95 1 126
95 1 683
95 1 0
95 1 0
95 1 661
95 1 66
95 1 0
96 2 0
96 2 31
96 2 25
96 2 894
96 2 582
96 2 726
96 2 83
96 2 415
96 2 201
96 2 0
96 2 0
96 2 0
96 2 0
97 2 0
97 2 173
97 2 848
97 2 838
97 2 342
97 2 607
97 2 0
98 1 0
98 1 746
98 1 849
98 1 385
98 1 832
98 1 122
98 1 983
98 1 558
98 1 706
98 1 0
98 1 0
99 2 0
99 2 453
99 2 88
99 2 991
99 2 578
99 2 0
99 2 0
99 2 23
99 2 91
99 2 750
99 2 0
100 1 0
100 1 655
100 1 712
100 1 0
100 1 0
100 1 71
100 1 898
100 1 0
101 1 0
101 1 365
101 1 0
102 1 0
102 1 496
102 1 301
102 1 127
102 1 626
102 1 0
102 1 0
102 1 0
102 1 0
103 1 0
103 1 0
104 1 0
104 1 0
105 2 0
105 2 657
105 2 0
105 2 0
105 2 951
105 2 659
105 2 789
105 2 0
106 1 0
106 1 662
106 1 857
106 1 0
107 2 0
107 2 830
107 2 596
107 2 364
107 2 467
107 2 842
107 2 0
107 2 0
107 2 0
108 1 0
108 1 149
108 1 792
108 1 613
108 1 320
108 1 0
108 1 0
108 1 0
108 1 546
108 1 182
108 1 0
109 2 0
109 2 294
109 2 950
109 2 10
109 2 727
109 2 0
109 2 0
109 2 0
110 2 0
110 2 660
110 2 402
110 2 733
110 2 636
110 2 0
110 2 0
110 2 367
110 2 994
110 2 824
110 2 0
110 2 0
110 2 0
111 1 0
111 1 642
111 1 908
111 1 144
111 1 245
111 1 823
111 1 503
111 1 381
111 1 617
111 1 0
111 1 0
111 1 0
111 1 0
112 1 0
112 1 78
112 1 627
112 1 414
112 1 53
112 1 619
112 1 895
112 1 0
112 1 0
112 1 0
112 1 0
113 1 0
113 1 445
113 1 348
113 1 165
113 1 920
113 1 0
113 1 0
113 1 0
114 2 0
114 2 665
114 2 559
114 2 555
114 2 34
114 2 432
114 2 339
114 2 928
114 2 0
114 2 0
115 2 0
115 2 530
115 2 638
115 2 772
115 2 0
116 2 0
116 2 214
116 2 672
116 2 82
116 2 0
117 2 0
117 2 703
117 2 407
117 2 976
117 2 875
117 2 506
117 2 0
117 2 0
117 2 0
117 2 0
118 1 0
118 1 536
118 1 0
119 1 0
119 1 571
119 1 406
119 1 202
119 1 0
119 1 0
119 1 0
120 1 0
120 1 720
120 1 988
120 1 588
120 1 993
120 1 0
120 1 0
121 2 0
121 2 313
121 2 903
121 2 0
121 2 0
121 2 330
121 2 812
121 2 0
122 1 0
122 1 109
122 1 853
122 1 825
122 1 0
122 1 0
122 1 221
122 1 505
122 1 0
122 1 0
122 1 0
123 2 0
123 2 142
123 2 634
123 2 387
123 2 566
123 2 176
123 2 0
123 2 0
123 2 0
124 1 0
124 1 296
124 1 0
124 1 0
124 1 818
124 1 222
124 1 0
124 1 0
124 1 0
125 1 0
125 1 862
125 1 744
125 1 145
125 1 839
125 1 60
125 1 6
125 1 89
125 1 433
125 1 0
125 1 0
125 1 0
125 1 0
126 2 0
126 2 534
126 2 488
126 2 725
126 2 0
126 2 0
126 2 112
126 2 0
127 1 0
127 1 502
127 1 986
127 1 98
127 1 0
127 1 0
127 1 0
127 1 33
127 1 346
127 1 0
128 1 0
128 1 42
128 1 615
128 1 327
128 1 253
128 1 651
128 1 834
128 1 0
128 1 0
128 1 0
128 1 0
129 1 0
129 1 271
129 1 728
129 1 498
129 1 156
129 1 548
129 1 0
129 1 0
129 1 0
129 1 0
130 1 0
130 1 240
130 1 249
130 1 0
130 1 0
130 1 0
130 1 811
130 1 317
130 1 0
130 1 0
130 1 0
131 1 0
131 1 653
131 1 448
131 1 196
131 1 0
131 1 0
131 1 0
131 1 740
131 1 0
132 1 0
132 1 670
132 1 698
132 1 35
132 1 263
132 1 760
132 1 579
132 1 984
132 1 829
132 1 0
132 1 0
132 1 0
132 1 0
133 2 0
133 2 409
133 2 743
133 2 860
133 2 236
133 2 461
133 2 46
133 2 104
133 2 90
133 2 0
133 2 0
134 1 0
134 1 187
134 1 0
135 1 0
135 1 32
135 1 917
135 1 912
135 1 0
136 2 0
136 2 384
136 2 382
136 2 0
137 2 0
137 2 15
137 2 526
137 2 116
137 2 0
138 2 0
138 2 514
138 2 827
138 2 123
138 2 73
138 2 0
139 1 0
139 1 523
139 1 1000
139 1 69
139 1 68
139 1 0
139 1 0
140 2 0
140 2 681
140 2 598
140 2 326
140 2 331
140 2 373
140 2 556
140 2 0
140 2 0
140 2 0
140 2 0
141 1 0
141 1 722
141 1 981
141 1 723
141 1 210
141 1 0
141 1 0
141 1 0
141 1 412
141 1 0
142 1 0
142 1 982
142 1 368
142 1 914
142 1 0
142 1 0
143 2 0
143 2 374
143 2 788
143 2 522
143 2 872
143 2 377
143 2 322
143 2 0
143 2 0
143 2 0
143 2 0
144 2 0
144 2 22
144 2 316
144 2 972
144 2 978
144 2 325
144 2 5
144 2 569
144 2 0
144 2 0
144 2 0
144 2 0
145 2 0
145 2 995
145 2 786
145 2 0
145 2 0
145 2 0
146 2 0
146 2 773
146 2 635
146 2 464
146 2 450
146 2 959
146 2 308
146 2 105
146 2 0
146 2 0
146 2 0
146 2 0
147 1 0
147 1 277
147 1 916
147 1 56
147 1 162
147 1 633
147 1 795
147 1 0
147 1 0
147 1 0
147 1 0
148 2 0
148 2 690
148 2 256
148 2 890
148 2 905
148 2 845
148 2 295
148 2 0
148 2 0
149 1 0
149 1 765
149 1 0
149 1 0
149 1 0
150 1 0
150 1 913
150 1 0
150 1 0
150 1 0
151 1 0
151 1 449
151 1 460
151 1 893
151 1 597
151 1 549
151 1 286
151 1 486
151 1 915
151 1 0
151 1 0
151 1 0
151 1 0
152 2 0
152 2 372
152 2 882
152 2 0
153 2 0
153 2 357
153 2 713
153 2 0
154 1 0
154 1 243
154 1 884
154 1 0
154 1 0
154 1 0
154 1 305
154 1 0
155 2 0
155 2 625
155 2 224
155 2 238
155 2 507
155 2 649
155 2 491
155 2 299
155 2 0
155 2 0
156 1 0
156 1 370
156 1 61
156 1 711
156 1 344
156 1 858
156 1 0
156 1 0
157 1 0
157 1 303
157 1 482
157 1 72
157 1 901
157 1 667
157 1 0
157 1 0
157 1 0
157 1 0
158 2 0
158 2 184
158 2 194
158 2 747
158 2 674
158 2 517
158 2 0
158 2 0
158 2 0
158 2 87
158 2 0
158 2 0
158 2 0
159 2 0
159 2 643
159 2 867
159 2 0
159 2 0
159 2 745
159 2 0
159 2 0
159 2 0
160 1 0
160 1 966
160 1 859
160 1 924
160 1 552
160 1 252
160 1 241
160 1 0
160 1 0
160 1 0
160 1 0
161 1 0
161 1 137
161 1 131
161 1 267
161 1 0
161 1 0
161 1 0
161 1 29
161 1 0
162 1 0
162 1 198
162 1 416
162 1 129
162 1 900
162 1 242
162 1 0
162 1 0
162 1 0
162 1 0
163 2 0
163 2 155
163 2 618
163 2 0
163 2 0
163 2 0
164 1 0
164 1 268
164 1 197
164 1 0
164 1 0
165 1 0
165 1 684
165 1 120
165 1 623
165 1 117
165 1 878
165 1 0
165 1 0
165 1 0
165 1 0
166 1 0
166 1 451
166 1 378
166 1 0
166 1 0
167 1 0
167 1 704
167 1 632
167 1 386
167 1 0
167 1 0
168 1 0
168 1 55
168 1 280
168 1 169
168 1 585
168 1 0
168 1 0
169 2 0
169 2 362
169 2 49
169 2 961
169 2 0
169 2 0
170 1 0
170 1 333
170 1 0
170 1 0
171 1 0
171 1 297
171 1 0
171 1 0
172 2 0
172 2 737
172 2 639
172 2 0
173 2 0
173 2 195
173 2 0
174 1 0
174 1 103
174 1 244
174 1 946
174 1 631
174 1 963
174 1 427
174 1 0
174 1 0
174 1 0
174 1 0
175 1 0
175 1 100
175 1 347
175 1 225
175 1 358
175 1 696
175 1 836
175 1 0
175 1 0
175 1 0
175 1 0
176 2 0
176 2 770
176 2 422
176 2 21
176 2 363
176 2 599
176 2 0
176 2 0
176 2 0
176 2 0
177 1 0
177 1 979
177 1 499
177 1 0
177 1 0
177 1 0
177 1 0
178 2 0
178 2 209
178 2 75
178 2 0
179 2 0
179 2 152
179 2 0
180 1 0
180 1 671
180 1 952
180 1 629
180 1 0
180 1 0
181 1 0
181 1 379
181 1 768
181 1 533
181 1 228
181 1 353
181 1 0
181 1 0
181 1 0
181 1 0
182 1 0
182 1 953
182 1 691
182 1 174
182 1 306
182 1 0
182 1 0
182 1 0
182 1 146
182 1 76
182 1 0
182 1 0
183 1 0
183 1 567
183 1 528
183 1 361
183 1 769
183 1 278
183 1 0
183 1 0
183 1 0
183 1 0
184 1 0
184 1 227
184 1 203
184 1 115
184 1 452
184 1 0
184 1 0
184 1 0
184 1 96
184 1 0
184 1 0
185 2 0
185 2 483
185 2 343
185 2 575
185 2 0
185 2 0
185 2 0
185 2 108
185 2 0
186 1 0
186 1 215
186 1 355
186 1 962
186 1 739
186 1 0
186 1 0
186 1 0
186 1 0
187 1 0
187 1 403
187 1 851
187 1 931
187 1 375
187 1 892
187 1 0
187 1 0
187 1 0
187 1 0
188 2 0
188 2 20
188 2 132
188 2 444
188 2 147
188 2 26
188 2 889
188 2 0
188 2 0
188 2 0
188 2 0
189 2 0
189 2 52
189 2 258
189 2 926
189 2 519
189 2 121
189 2 0
189 2 0
189 2 0
189 2 0
190 2 0
190 2 159
190 2 592
190 2 206
190 2 285
190 2 0
190 2 0
190 2 0
190 2 0
191 1 0
191 1 261
191 1 16
191 1 388
191 1 736
191 1 766
191 1 0
191 1 0
191 1 0
191 1 0
192 2 0
192 2 111
192 2 821
192 2 879
192 2 3
192 2 864
192 2 138
192 2 0
192 2 0
193 2 0
193 2 312
193 2 302
193 2 687
193 2 614
193 2 833
193 2 300
193 2 620
193 2 231
193 2 0
193 2 0
193 2 0
193 2 0
194 1 0
194 1 70
194 1 67
194 1 658
194 1 537
194 1 0
194 1 0
194 1 0
194 1 547
194 1 0
194 1 0
195 1 0
195 1 350
195 1 0
195 1 0
195 1 0
195 1 139
195 1 0
195 1 0
196 1 0
196 1 443
196 1 0
196 1 0
196 1 0
196 1 439
196 1 0
196 1 0
196 1 0
196 1 0
197 2 0
197 2 262
197 2 0
197 2 0
197 2 0
197 2 560
197 2 787
197 2 65
197 2 0
197 2 0
198 1 0
198 1 1
198 1 933
198 1 0
198 1 0
198 1 0
198 1 896
198 1 0
198 1 0
199 2 0
199 2 804
199 2 637
199 2 0
199 2 0
199 2 0
199 2 260
199 2 110
199 2 0
199 2 0
200 1 0
200 1 487
200 1 775
200 1 390
200 1 239
200 1 0
200 1 0
200 1 0
200 1 594
200 1 0
200 1 0
201 1 0
201 1 234
201 1 688
201 1 405
201 1 62
201 1 337
201 1 0
201 1 0
202 2 0
202 2 729
202 2 968
202 2 935
202 2 583
202 2 731
202 2 584
202 2 371
202 2 0
202 2 0
202 2 0
202 2 0
203 1 0
203 1 213
203 1 888
203 1 572
203 1 395
203 1 0
203 1 0
204 1 0
204 1 0
205 2 0
205 2 822
205 2 0
205 2 0
205 2 0
205 2 0
206 2 0
206 2 589
206 2 39
206 2 359
206 2 235
206 2 957
206 2 869
206 2 0
206 2 0
207 1 0
207 1 702
207 1 774
207 1 315
207 1 0
207 1 0
208 1 0
208 1 886
208 1 500
208 1 987
208 1 762
208 1 0
208 1 0
208 1 0
208 1 551
208 1 0
208 1 0
209 1 0
209 1 521
209 1 0
209 1 0
210 1 0
210 1 143
210 1 958
210 1 985
210 1 51
210 1 0
210 1 431
210 1 77
210 1 12
210 1 0
210 1 0
211 2 0
211 2 424
211 2 540
211 2 421
211 2 192
211 2 527
211 2 469
211 2 0
211 2 0
211 2 0
211 2 0
212 2 0
212 2 185
212 2 179
212 2 780
212 2 50
212 2 19
212 2 0
212 2 0
213 1 0
213 1 956
213 1 474
213 1 0
213 1 48
213 1 708
213 1 0
213 1 0
213 1 0
213 1 0
214 1 0
214 1 274
214 1 0
214 1 0
215 1 0
215 1 270
215 1 219
215 1 0
215 1 0
215 1 0
215 1 0
216 1 0
216 1 13
216 1 0
216 1 0
217 1 0
217 1 2
217 1 0
