total cost: 331272
1 2 0
1 2 553
1 2 288
1 2 767
1 2 0
1 2 0
1 2 307
1 2 793
1 2 0
1 2 0
1 2 141
1 2 0
2 1 0
2 1 220
2 1 802
2 1 577
2 1 254
2 1 0
2 1 0
2 1 180
2 1 257
2 1 932
2 1 0
3 2 0
3 2 616
3 2 161
3 2 652
3 2 0
3 2 0
3 2 0
4 2 0
4 2 954
4 2 654
4 2 520
4 2 0
5 1 0
5 1 463
5 1 539
5 1 459
5 1 693
5 1 454
5 1 0
5 1 0
5 1 790
5 1 0
5 1 0
5 1 0
6 2 0
6 2 408
6 2 801
6 2 754
6 2 593
6 2 475
6 2 510
6 2 356
6 2 0
7 2 0
7 2 645
7 2 865
7 2 189
7 2 442
7 2 92
7 2 710
7 2 717
7 2 0
7 2 0
7 2 0
8 1 0
8 1 605
8 1 974
8 1 401
8 1 229
8 1 0
9 2 0
9 2 57
9 2 843
9 2 170
9 2 749
9 2 689
9 2 525
9 2 476
9 2 0
10 2 0
10 2 281
10 2 423
10 2 532
10 2 544
10 2 798
10 2 380
10 2 0
11 2 0
11 2 856
11 2 4
11 2 501
11 2 250
11 2 911
11 2 468
11 2 700
11 2 783
11 2 477
11 2 0
12 2 0
12 2 354
12 2 37
12 2 154
12 2 0
12 2 0
12 2 230
12 2 535
12 2 0
13 2 0
13 2 319
13 2 716
13 2 0
14 2 0
14 2 164
14 2 391
14 2 440
14 2 216
14 2 650
14 2 0
15 2 0
15 2 124
15 2 919
15 2 799
15 2 148
15 2 0
16 2 0
16 2 462
16 2 813
16 2 478
16 2 570
16 2 0
16 2 0
16 2 612
16 2 8
16 2 0
17 1 0
17 1 947
17 1 400
17 1 682
17 1 826
17 1 641
17 1 171
17 1 742
17 1 0
18 1 0
18 1 763
18 1 831
18 1 759
18 1 0
18 1 0
18 1 283
18 1 590
18 1 269
18 1 0
19 2 0
19 2 602
19 2 939
19 2 975
19 2 810
19 2 276
19 2 0
20 2 0
20 2 591
20 2 504
20 2 0
21 1 0
21 1 714
21 1 248
21 1 0
22 1 0
22 1 841
22 1 543
22 1 101
22 1 531
22 1 217
22 1 470
22 1 897
22 1 0
22 1 0
22 1 0
23 1 0
23 1 565
23 1 850
23 1 58
23 1 237
23 1 338
23 1 791
23 1 945
23 1 0
23 1 0
23 1 0
24 2 0
24 2 428
24 2 820
24 2 54
24 2 732
24 2 600
24 2 0
25 2 0
25 2 284
25 2 106
25 2 815
25 2 360
25 2 990
25 2 223
25 2 0
26 1 0
26 1 489
26 1 741
26 1 107
26 1 0
27 1 0
27 1 304
27 1 205
27 1 678
27 1 967
27 1 0
28 1 0
28 1 899
28 1 922
28 1 45
28 1 809
28 1 814
28 1 93
28 1 880
28 1 345
28 1 136
28 1 200
28 1 0
28 1 0
29 1 0
29 1 64
29 1 352
29 1 114
29 1 508
29 1 0
30 2 0
30 2 291
30 2 7
30 2 992
30 2 437
30 2 923
30 2 436
30 2 0
30 2 0
30 2 0
31 2 0
31 2 473
31 2 738
31 2 609
31 2 863
31 2 349
31 2 0
31 2 0
31 2 561
31 2 0
32 1 0
32 1 128
32 1 925
32 1 9
32 1 721
32 1 0
33 2 0
33 2 866
33 2 17
33 2 418
33 2 292
33 2 208
33 2 38
33 2 0
34 1 0
34 1 846
34 1 335
34 1 807
34 1 0
35 1 0
35 1 816
35 1 113
35 1 910
35 1 524
35 1 63
35 1 279
35 1 99
35 1 550
35 1 784
35 1 964
35 1 0
35 1 0
36 1 0
36 1 158
36 1 871
36 1 36
36 1 264
36 1 204
36 1 563
36 1 940
36 1 0
36 1 0
36 1 0
37 1 0
37 1 868
37 1 603
37 1 796
37 1 0
38 1 0
38 1 389
38 1 580
38 1 441
38 1 855
38 1 232
38 1 808
38 1 512
38 1 397
38 1 0
38 1 0
38 1 0
39 2 0
39 2 907
39 2 293
39 2 949
39 2 692
39 2 0
40 1 0
40 1 529
40 1 0
41 2 0
41 2 606
41 2 955
41 2 542
41 2 707
41 2 246
41 2 40
41 2 2
41 2 694
41 2 844
41 2 0
42 1 0
42 1 153
42 1 538
42 1 446
42 1 666
42 1 495
42 1 969
42 1 852
42 1 0
42 1 0
42 1 0
43 2 0
43 2 715
43 2 902
43 2 425
43 2 776
43 2 0
44 1 0
44 1 541
44 1 611
44 1 647
44 1 255
44 1 980
44 1 74
44 1 0
44 1 0
44 1 0
45 1 0
45 1 14
45 1 934
45 1 207
45 1 168
45 1 803
45 1 0
45 1 0
45 1 472
45 1 0
46 1 0
46 1 133
46 1 399
46 1 680
46 1 873
46 1 438
46 1 481
46 1 0
46 1 0
46 1 0
47 2 0
47 2 785
47 2 455
47 2 576
47 2 0
47 2 0
47 2 0
48 1 0
48 1 837
48 1 909
48 1 0
49 1 0
49 1 677
49 1 314
49 1 125
49 1 259
49 1 0
50 1 0
50 1 212
50 1 516
50 1 0
51 1 0
51 1 163
51 1 0
52 2 0
52 2 456
52 2 996
52 2 273
52 2 429
52 2 735
52 2 628
52 2 937
52 2 289
52 2 135
52 2 675
52 2 0
52 2 0
52 2 0
53 2 0
53 2 921
53 2 351
53 2 679
53 2 0
54 1 0
54 1 336
54 1 369
54 1 854
54 1 0
54 1 0
54 1 130
54 1 0
55 1 0
55 1 817
55 1 157
55 1 199
55 1 324
55 1 0
55 1 0
55 1 0
56 1 0
56 1 806
56 1 430
56 1 977
56 1 396
56 1 0
57 1 0
57 1 0
58 2 0
58 2 608
58 2 447
58 2 545
58 2 0
58 2 0
58 2 0
59 1 0
59 1 394
59 1 453
59 1 991
59 1 88
59 1 78
59 1 71
59 1 44
59 1 383
59 1 0
59 1 0
59 1 0
59 1 0
60 1 0
60 1 435
60 1 686
60 1 160
60 1 183
60 1 835
60 1 490
60 1 471
60 1 0
61 1 0
61 1 513
61 1 906
61 1 604
61 1 0
62 1 0
62 1 518
62 1 497
62 1 404
62 1 642
62 1 0
62 1 0
62 1 95
62 1 323
62 1 178
62 1 0
63 1 0
63 1 266
63 1 562
63 1 664
63 1 410
63 1 0
63 1 0
63 1 94
63 1 885
63 1 0
64 1 0
64 1 191
64 1 0
65 2 0
65 2 752
65 2 290
65 2 0
65 2 0
65 2 41
65 2 0
66 2 0
66 2 102
66 2 610
66 2 574
66 2 419
66 2 976
66 2 669
66 2 0
66 2 0
66 2 86
66 2 0
67 1 0
67 1 699
67 1 646
67 1 392
67 1 30
67 1 484
67 1 172
67 1 0
67 1 0
67 1 47
67 1 0
68 1 0
68 1 340
68 1 781
68 1 188
68 1 84
68 1 709
68 1 757
68 1 668
68 1 0
69 1 0
69 1 648
69 1 151
69 1 485
69 1 965
69 1 971
69 1 24
69 1 0
70 1 0
70 1 989
70 1 751
70 1 673
70 1 0
70 1 0
70 1 970
70 1 27
70 1 434
70 1 0
71 1 0
71 1 876
71 1 753
71 1 0
72 1 0
72 1 644
72 1 329
72 1 578
72 1 365
72 1 0
72 1 0
72 1 181
72 1 0
73 1 0
73 1 275
73 1 310
73 1 581
73 1 936
73 1 630
73 1 0
74 2 0
74 2 568
74 2 918
74 2 309
74 2 0
74 2 0
74 2 0
75 1 0
75 1 398
75 1 80
75 1 311
75 1 0
76 1 0
76 1 511
76 1 777
76 1 79
76 1 663
76 1 0
76 1 0
76 1 166
76 1 11
76 1 0
77 2 0
77 2 233
77 2 134
77 2 175
77 2 420
77 2 376
77 2 601
77 2 140
77 2 515
77 2 0
77 2 0
77 2 0
78 2 0
78 2 943
78 2 18
78 2 887
78 2 973
78 2 0
78 2 0
78 2 748
78 2 479
78 2 509
78 2 0
79 2 0
79 2 321
79 2 177
79 2 701
79 2 218
79 2 494
79 2 0
79 2 0
79 2 0
80 2 0
80 2 756
80 2 794
80 2 874
80 2 655
80 2 0
80 2 0
80 2 43
80 2 0
81 2 0
81 2 186
81 2 724
81 2 718
81 2 0
81 2 0
81 2 0
82 1 0
82 1 193
82 1 426
82 1 0
82 1 0
82 1 33
82 1 0
83 2 0
83 2 328
83 2 334
83 2 755
83 2 997
83 2 493
83 2 778
83 2 881
83 2 298
83 2 0
83 2 0
83 2 0
84 2 0
84 2 411
84 2 150
84 2 621
84 2 944
84 2 857
84 2 0
84 2 0
84 2 0
85 1 0
85 1 226
85 1 118
85 1 656
85 1 672
85 1 0
85 1 0
85 1 0
86 1 0
86 1 930
86 1 771
86 1 492
86 1 413
86 1 0
86 1 0
86 1 676
86 1 182
86 1 0
87 2 0
87 2 564
87 2 59
87 2 840
87 2 0
87 2 0
87 2 734
87 2 496
87 2 119
87 2 28
87 2 0
88 1 0
88 1 941
88 1 999
88 1 891
88 1 819
88 1 0
88 1 0
88 1 861
88 1 457
88 1 960
88 1 480
88 1 0
89 1 0
89 1 366
89 1 0
89 1 0
89 1 417
89 1 779
89 1 0
89 1 0
89 1 0
90 1 0
90 1 697
90 1 272
90 1 0
90 1 0
90 1 85
90 1 800
90 1 842
90 1 0
91 1 0
91 1 640
91 1 665
91 1 554
91 1 624
91 1 904
91 1 812
91 1 0
91 1 0
91 1 0
91 1 0
92 2 0
92 2 695
92 2 657
92 2 173
92 2 848
92 2 0
92 2 0
92 2 0
93 2 0
93 2 81
93 2 211
93 2 761
93 2 758
93 2 595
93 2 0
94 1 0
94 1 685
94 1 10
94 1 0
95 1 0
95 1 929
95 1 705
95 1 91
95 1 838
95 1 0
96 2 0
96 2 167
96 2 938
96 2 950
96 2 467
96 2 346
96 2 461
96 2 90
96 2 0
97 1 0
97 1 870
97 1 805
97 1 466
97 1 587
97 1 0
98 1 0
98 1 586
98 1 557
98 1 847
98 1 0
98 1 0
98 1 0
99 2 0
99 2 948
99 2 0
100 2 0
100 2 797
100 2 25
100 2 894
100 2 582
100 2 726
100 2 83
100 2 415
100 2 201
100 2 0
100 2 0
100 2 0
100 2 0
101 2 0
101 2 282
101 2 126
101 2 730
101 2 0
101 2 0
101 2 877
101 2 0
102 2 0
102 2 341
102 2 719
102 2 622
102 2 573
102 2 883
102 2 942
102 2 994
102 2 824
102 2 0
102 2 0
102 2 0
103 1 0
103 1 31
103 1 746
103 1 660
103 1 558
103 1 983
103 1 706
103 1 0
103 1 0
104 1 0
104 1 764
104 1 294
104 1 97
104 1 465
104 1 0
104 1 0
104 1 661
104 1 66
104 1 0
105 2 0
105 2 247
105 2 190
105 2 327
105 2 615
105 2 619
105 2 53
105 2 0
105 2 0
105 2 0
106 1 0
106 1 393
106 1 536
106 1 0
107 1 0
107 1 782
107 1 830
107 1 596
107 1 0
107 1 0
107 1 23
107 1 750
107 1 607
107 1 342
107 1 0
108 2 0
108 2 458
108 2 534
108 2 792
108 2 332
108 2 613
108 2 995
108 2 0
108 2 0
108 2 0
109 2 0
109 2 951
109 2 144
109 2 245
109 2 414
109 2 789
109 2 0
110 2 0
110 2 149
110 2 142
110 2 634
110 2 825
110 2 387
110 2 0
110 2 0
110 2 662
110 2 112
110 2 0
111 1 0
111 1 546
111 1 0
112 2 0
112 2 445
112 2 638
112 2 920
112 2 0
113 1 0
113 1 659
113 1 627
113 1 898
113 1 0
114 2 0
114 2 530
114 2 165
114 2 305
114 2 772
114 2 0
115 1 0
115 1 214
115 1 0
115 1 0
115 1 367
115 1 301
115 1 0
116 2 0
116 2 251
116 2 927
116 2 318
116 2 0
117 1 0
117 1 703
117 1 407
117 1 908
117 1 548
117 1 823
117 1 503
117 1 381
117 1 0
117 1 0
117 1 0
117 1 0
118 2 0
118 2 571
118 2 727
118 2 0
118 2 0
118 2 287
118 2 0
118 2 0
118 2 0
119 2 0
119 2 828
119 2 0
119 2 0
119 2 683
119 2 265
119 2 82
119 2 0
120 1 0
120 1 720
120 1 988
120 1 588
120 1 993
120 1 0
120 1 0
120 1 0
120 1 0
121 1 0
121 1 313
121 1 903
121 1 0
121 1 0
121 1 330
121 1 0
122 1 0
122 1 109
122 1 853
122 1 566
122 1 0
122 1 0
122 1 221
122 1 505
122 1 0
122 1 0
122 1 0
123 2 0
123 2 998
123 2 559
123 2 555
123 2 432
123 2 34
123 2 339
123 2 526
123 2 928
123 2 0
123 2 0
124 1 0
124 1 712
124 1 653
124 1 448
124 1 681
124 1 0
124 1 0
124 1 0
124 1 0
125 1 0
125 1 862
125 1 0
125 1 0
125 1 296
125 1 0
125 1 0
125 1 818
125 1 222
125 1 0
125 1 0
125 1 0
126 1 0
126 1 849
126 1 832
126 1 385
126 1 122
126 1 905
126 1 890
126 1 845
126 1 295
126 1 0
126 1 0
127 1 0
127 1 502
127 1 986
127 1 98
127 1 0
127 1 0
127 1 0
127 1 202
127 1 0
128 2 0
128 2 364
128 2 409
128 2 860
128 2 236
128 2 104
128 2 46
128 2 0
129 1 0
129 1 488
129 1 320
129 1 187
129 1 725
129 1 0
129 1 0
130 1 0
130 1 271
130 1 728
130 1 498
130 1 156
130 1 617
130 1 0
130 1 0
131 1 0
131 1 42
131 1 698
131 1 35
131 1 253
131 1 651
131 1 834
131 1 895
131 1 0
131 1 0
131 1 0
131 1 0
132 1 0
132 1 145
132 1 839
132 1 60
132 1 6
132 1 89
132 1 0
132 1 0
133 1 0
133 1 240
133 1 249
133 1 0
133 1 0
133 1 0
133 1 811
133 1 317
133 1 0
133 1 0
133 1 0
134 2 0
134 2 875
134 2 506
134 2 0
135 1 0
135 1 32
135 1 917
135 1 406
135 1 912
135 1 0
135 1 0
136 2 0
136 2 670
136 2 277
136 2 357
136 2 73
136 2 740
136 2 0
136 2 0
136 2 0
137 1 0
137 1 744
137 1 625
137 1 981
137 1 723
137 1 433
137 1 0
137 1 0
137 1 0
137 1 0
138 2 0
138 2 523
138 2 348
138 2 1000
138 2 69
138 2 68
138 2 0
139 1 0
139 1 384
139 1 743
139 1 382
139 1 0
140 1 0
140 1 514
140 1 123
140 1 827
140 1 760
140 1 263
140 1 0
140 1 127
140 1 0
140 1 0
140 1 0
141 1 0
141 1 722
141 1 773
141 1 635
141 1 464
141 1 632
141 1 0
141 1 0
141 1 0
141 1 0
142 1 0
142 1 402
142 1 636
142 1 733
142 1 737
142 1 0
142 1 0
142 1 0
142 1 0
143 1 0
143 1 982
143 1 368
143 1 914
143 1 579
143 1 984
143 1 829
143 1 0
143 1 0
143 1 0
143 1 0
144 2 0
144 2 374
144 2 788
144 2 522
144 2 872
144 2 377
144 2 0
144 2 0
144 2 412
144 2 0
145 2 0
145 2 22
145 2 316
145 2 978
145 2 972
145 2 325
145 2 5
145 2 569
145 2 0
145 2 0
146 2 0
146 2 690
146 2 916
146 2 56
146 2 162
146 2 633
146 2 795
146 2 713
146 2 0
146 2 0
147 2 0
147 2 15
147 2 116
147 2 322
147 2 979
147 2 0
147 2 0
148 1 0
148 1 786
148 1 0
148 1 0
148 1 626
148 1 0
148 1 0
148 1 0
149 2 0
149 2 913
149 2 0
150 2 0
150 2 449
150 2 460
150 2 0
150 2 0
150 2 765
150 2 0
151 1 0
151 1 450
151 1 303
151 1 959
151 1 308
151 1 49
151 1 704
151 1 386
151 1 0
151 1 0
152 2 0
152 2 243
152 2 884
152 2 867
152 2 0
152 2 0
152 2 372
152 2 55
152 2 252
152 2 915
152 2 0
153 1 0
153 1 196
153 1 131
153 1 331
153 1 326
153 1 373
153 1 556
153 1 0
153 1 0
153 1 0
153 1 0
154 1 0
154 1 370
154 1 244
154 1 567
154 1 528
154 1 361
154 1 0
154 1 0
154 1 0
154 1 0
155 2 0
155 2 598
155 2 137
155 2 176
155 2 268
155 2 0
155 2 0
155 2 0
155 2 0
156 2 0
156 2 184
156 2 893
156 2 747
156 2 674
156 2 517
156 2 0
156 2 0
156 2 0
156 2 87
156 2 0
156 2 0
156 2 0
157 2 0
157 2 224
157 2 238
157 2 198
157 2 966
157 2 859
157 2 882
157 2 299
157 2 0
157 2 0
157 2 0
157 2 0
158 1 0
158 1 643
158 1 0
158 1 0
158 1 0
159 2 0
159 2 745
159 2 0
159 2 0
159 2 451
159 2 0
160 1 0
160 1 155
160 1 0
160 1 0
160 1 362
160 1 242
160 1 146
160 1 0
160 1 0
161 2 0
161 2 924
161 2 597
161 2 549
161 2 286
161 2 486
161 2 552
161 2 241
161 2 0
161 2 0
162 2 0
162 2 618
162 2 0
162 2 0
162 2 195
162 2 0
163 1 0
163 1 684
163 1 120
163 1 197
163 1 21
163 1 0
163 1 0
163 1 0
163 1 29
163 1 0
164 1 0
164 1 482
164 1 379
164 1 159
164 1 671
164 1 105
164 1 961
164 1 629
164 1 0
164 1 0
165 2 0
165 2 194
165 2 623
165 2 347
165 2 878
165 2 378
165 2 280
165 2 169
165 2 491
165 2 0
165 2 0
166 2 0
166 2 416
166 2 507
166 2 649
166 2 117
166 2 206
166 2 585
166 2 879
166 2 836
166 2 0
166 2 0
167 1 0
167 1 267
167 1 333
167 1 0
167 1 0
168 2 0
168 2 210
168 2 900
168 2 667
168 2 96
168 2 76
168 2 75
168 2 0
168 2 0
169 1 0
169 1 61
169 1 631
169 1 946
169 1 353
169 1 443
169 1 427
169 1 0
169 1 0
169 1 0
169 1 0
170 2 0
170 2 103
170 2 215
170 2 256
170 2 962
170 2 858
170 2 711
170 2 639
170 2 0
170 2 0
171 1 0
171 1 100
171 1 227
171 1 452
171 1 0
171 1 0
171 1 0
171 1 0
172 1 0
172 1 770
172 1 422
172 1 0
172 1 0
172 1 0
172 1 499
172 1 0
172 1 0
173 1 0
173 1 72
173 1 901
173 1 952
173 1 0
173 1 0
174 1 0
174 1 129
174 1 343
174 1 575
174 1 0
174 1 0
174 1 0
174 1 297
174 1 0
174 1 0
175 1 0
175 1 953
175 1 691
175 1 174
175 1 306
175 1 0
175 1 0
175 1 0
175 1 0
176 2 0
176 2 483
176 2 768
176 2 533
176 2 963
176 2 739
176 2 65
176 2 787
176 2 431
176 2 0
176 2 0
177 2 0
177 2 52
177 2 592
177 2 258
177 2 926
177 2 519
177 2 696
177 2 0
177 2 0
177 2 0
177 2 0
178 2 0
178 2 115
178 2 821
178 2 285
178 2 350
178 2 0
178 2 0
178 2 0
178 2 0
179 2 0
179 2 560
179 2 344
179 2 0
180 2 0
180 2 403
180 2 851
180 2 931
180 2 363
180 2 892
180 2 139
180 2 260
180 2 0
180 2 0
181 2 0
181 2 20
181 2 132
181 2 444
181 2 147
181 2 26
181 2 889
181 2 0
181 2 0
181 2 0
181 2 0
182 2 0
182 2 203
182 2 358
182 2 225
182 2 599
182 2 375
182 2 138
182 2 110
182 2 0
182 2 0
183 1 0
183 1 261
183 1 769
183 1 388
183 1 736
183 1 766
183 1 0
183 1 0
183 1 0
183 1 0
184 1 0
184 1 228
184 1 439
184 1 0
184 1 0
184 1 0
184 1 0
185 2 0
185 2 111
185 2 62
185 2 405
185 2 239
185 2 620
185 2 0
185 2 0
186 2 0
186 2 312
186 2 302
186 2 833
186 2 658
186 2 537
186 2 300
186 2 13
186 2 0
186 2 0
186 2 0
186 2 0
187 2 0
187 2 16
187 2 278
187 2 589
187 2 774
187 2 702
187 2 572
187 2 0
187 2 0
187 2 0
187 2 0
188 2 0
188 2 355
188 2 50
188 2 527
188 2 469
188 2 0
188 2 0
189 1 0
189 1 3
189 1 896
189 1 547
189 1 231
189 1 0
189 1 0
190 2 0
190 2 70
190 2 67
190 2 48
190 2 583
190 2 935
190 2 337
190 2 731
190 2 0
190 2 0
190 2 0
190 2 0
191 1 0
191 1 121
191 1 270
191 1 584
191 1 0
191 1 0
191 1 0
191 1 0
192 1 0
192 1 687
192 1 614
192 1 864
192 1 0
192 1 0
193 1 0
193 1 262
193 1 0
193 1 0
193 1 0
193 1 219
193 1 0
193 1 0
194 2 0
194 2 1
194 2 804
194 2 933
194 2 0
194 2 0
194 2 0
194 2 209
194 2 0
195 2 0
195 2 637
195 2 886
195 2 315
195 2 888
195 2 0
195 2 0
195 2 0
195 2 0
196 2 0
196 2 487
196 2 775
196 2 390
196 2 0
196 2 0
196 2 0
196 2 594
196 2 551
196 2 395
196 2 0
196 2 0
197 2 0
197 2 234
197 2 956
197 2 968
197 2 421
197 2 762
197 2 192
197 2 0
197 2 0
197 2 0
197 2 0
198 1 0
198 1 213
198 1 500
198 1 19
198 1 0
198 1 0
199 1 0
199 1 729
199 1 987
199 1 0
199 1 0
199 1 0
199 1 0
200 2 0
200 2 688
200 2 179
200 2 958
200 2 51
200 2 957
200 2 0
200 2 0
200 2 0
200 2 0
201 1 0
201 1 143
201 1 359
201 1 235
201 1 0
201 1 0
201 1 0
201 1 0
202 1 0
202 1 424
202 1 780
202 1 0
202 1 0
202 1 0
202 1 0
203 2 0
203 2 185
203 2 985
203 2 869
203 2 708
203 2 77
203 2 0
203 2 0
204 2 0
204 2 822
204 2 0
204 2 0
204 2 0
204 2 0
205 1 0
205 1 540
205 1 521
205 1 0
205 1 0
206 2 0
206 2 39
206 2 474
206 2 371
206 2 274
206 2 0
206 2 0
207 1 0
207 1 152
207 1 0
207 1 0
208 1 0
208 1 108
208 1 12
208 1 0
208 1 0
