total cost: 347569
1 2 0
1 2 553
1 2 288
1 2 767
1 2 0
1 2 0
1 2 307
1 2 793
1 2 0
1 2 0
1 2 141
1 2 0
2 2 0
2 2 220
2 2 802
2 2 577
2 2 254
2 2 170
2 2 749
2 2 0
2 2 0
2 2 654
2 2 520
2 2 0
3 1 0
3 1 463
3 1 539
3 1 462
3 1 693
3 1 0
4 1 0
4 1 801
4 1 754
4 1 593
4 1 974
4 1 716
4 1 525
4 1 476
4 1 0
5 1 0
5 1 616
5 1 180
5 1 319
5 1 423
5 1 932
5 1 257
5 1 0
5 1 0
5 1 0
6 2 0
6 2 645
6 2 865
6 2 189
6 2 442
6 2 92
6 2 717
6 2 532
6 2 0
6 2 0
6 2 0
7 1 0
7 1 408
7 1 947
7 1 602
7 1 284
7 1 171
7 1 742
7 1 0
8 2 0
8 2 281
8 2 57
8 2 954
8 2 161
8 2 652
8 2 591
8 2 504
8 2 0
9 2 0
9 2 605
9 2 856
9 2 689
9 2 798
9 2 544
9 2 380
9 2 205
9 2 114
9 2 0
10 2 0
10 2 354
10 2 154
10 2 0
10 2 0
10 2 790
10 2 230
10 2 535
10 2 0
10 2 0
10 2 0
11 1 0
11 1 843
11 1 391
11 1 440
11 1 710
11 1 0
11 1 0
11 1 0
12 2 0
12 2 37
12 2 389
12 2 855
12 2 808
12 2 512
12 2 397
12 2 212
12 2 0
13 2 0
13 2 459
13 2 454
13 2 283
13 2 124
13 2 401
13 2 229
13 2 0
14 2 0
14 2 4
14 2 250
14 2 911
14 2 899
14 2 826
14 2 468
14 2 783
14 2 470
14 2 477
14 2 0
15 1 0
15 1 164
15 1 64
15 1 304
15 1 641
15 1 0
16 2 0
16 2 813
16 2 478
16 2 570
16 2 0
16 2 0
16 2 8
16 2 561
16 2 475
16 2 799
16 2 0
17 1 0
17 1 763
17 1 831
17 1 501
17 1 400
17 1 101
17 1 700
17 1 217
17 1 897
17 1 0
17 1 0
17 1 0
18 1 0
18 1 714
18 1 248
18 1 510
18 1 356
18 1 0
19 2 0
19 2 841
19 2 7
19 2 543
19 2 437
19 2 992
19 2 923
19 2 436
19 2 970
19 2 0
19 2 0
19 2 0
20 2 0
20 2 975
20 2 759
20 2 276
20 2 810
20 2 0
21 1 0
21 1 565
21 1 850
21 1 58
21 1 237
21 1 0
21 1 0
21 1 919
21 1 590
21 1 269
21 1 0
22 2 0
22 2 428
22 2 820
22 2 54
22 2 741
22 2 107
22 2 0
22 2 0
22 2 612
22 2 148
22 2 293
22 2 0
23 1 0
23 1 291
23 1 542
23 1 707
23 1 246
23 1 40
23 1 0
23 1 0
23 1 0
24 2 0
24 2 473
24 2 863
24 2 816
24 2 868
24 2 609
24 2 0
24 2 0
24 2 352
24 2 967
24 2 508
24 2 0
25 2 0
25 2 128
25 2 925
25 2 9
25 2 721
25 2 600
25 2 732
25 2 650
25 2 0
26 2 0
26 2 866
26 2 715
26 2 418
26 2 292
26 2 208
26 2 0
26 2 0
26 2 0
27 1 0
27 1 682
27 1 922
27 1 531
27 1 806
27 1 873
27 1 990
27 1 360
27 1 815
27 1 0
27 1 0
27 1 0
28 1 0
28 1 939
28 1 338
28 1 204
28 1 563
28 1 964
28 1 940
28 1 314
28 1 0
28 1 0
28 1 0
29 1 0
29 1 158
29 1 871
29 1 36
29 1 910
29 1 524
29 1 0
29 1 0
29 1 0
30 1 0
30 1 846
30 1 335
30 1 0
30 1 0
30 1 94
30 1 178
30 1 323
30 1 0
31 2 0
31 2 14
31 2 538
31 2 446
31 2 580
31 2 232
31 2 495
31 2 969
31 2 852
31 2 692
31 2 0
32 1 0
32 1 113
32 1 529
32 1 738
32 1 907
32 1 349
32 1 0
32 1 0
32 1 264
32 1 807
32 1 472
32 1 0
33 2 0
33 2 17
33 2 902
33 2 425
33 2 84
33 2 709
33 2 885
33 2 776
33 2 668
33 2 0
33 2 0
33 2 0
34 1 0
34 1 489
34 1 216
34 1 38
34 1 0
34 1 0
34 1 0
35 1 0
35 1 541
35 1 255
35 1 647
35 1 611
35 1 0
35 1 0
35 1 0
36 1 0
36 1 441
36 1 666
36 1 207
36 1 168
36 1 803
36 1 0
36 1 0
36 1 0
37 1 0
37 1 606
37 1 955
37 1 562
37 1 266
37 1 399
37 1 680
37 1 844
37 1 438
37 1 481
37 1 1052
37 1 0
37 1 1052
37 1 0
38 2 0
38 2 63
38 2 279
38 2 921
38 2 876
38 2 753
38 2 929
38 2 545
38 2 0
39 2 0
39 2 153
39 2 394
39 2 603
39 2 0
39 2 0
39 2 106
39 2 93
39 2 880
39 2 345
39 2 200
39 2 0
40 1 0
40 1 133
40 1 752
40 1 664
40 1 0
40 1 0
40 1 949
40 1 0
41 1 0
41 1 99
41 1 785
41 1 0
41 1 0
41 1 837
41 1 0
42 2 0
42 2 791
42 2 945
42 2 259
42 2 191
42 2 125
42 2 0
43 2 0
43 2 677
43 2 181
43 2 0
44 2 0
44 2 784
44 2 86
44 2 0
45 2 0
45 2 456
45 2 996
45 2 699
45 2 392
45 2 417
45 2 918
45 2 0
45 2 0
45 2 0
46 1 0
46 1 45
46 1 809
46 1 430
46 1 334
46 1 755
46 1 800
46 1 778
46 1 0
46 1 0
46 1 0
46 1 0
47 1 0
47 1 336
47 1 369
47 1 854
47 1 0
47 1 0
47 1 909
47 1 0
48 2 0
48 2 679
48 2 576
48 2 0
48 2 0
48 2 0
49 1 0
49 1 817
49 1 157
49 1 199
49 1 410
49 1 0
49 1 0
49 1 0
50 2 0
50 2 608
50 2 447
50 2 513
50 2 906
50 2 604
50 2 0
50 2 0
50 2 0
51 2 0
51 2 435
51 2 686
51 2 160
51 2 0
51 2 0
51 2 0
52 2 0
52 2 351
52 2 102
52 2 724
52 2 980
52 2 74
52 2 0
52 2 0
52 2 0
53 1 0
53 1 796
53 1 564
53 1 644
53 1 705
53 1 0
53 1 0
53 1 0
54 1 0
54 1 678
54 1 166
54 1 223
54 1 0
55 1 0
55 1 324
55 1 226
55 1 485
55 1 0
55 1 0
55 1 95
55 1 0
56 1 0
56 1 518
56 1 497
56 1 610
56 1 574
56 1 419
56 1 621
56 1 0
56 1 0
56 1 47
56 1 0
57 2 0
57 2 455
57 2 0
57 2 0
57 2 0
58 2 0
58 2 41
58 2 136
58 2 694
58 2 0
59 1 0
59 1 648
59 1 290
59 1 0
59 1 0
59 1 43
59 1 0
60 1 0
60 1 340
60 1 781
60 1 188
60 1 0
60 1 0
60 1 550
60 1 0
61 1 0
61 1 646
61 1 697
61 1 870
61 1 366
61 1 0
61 1 0
61 1 398
61 1 80
61 1 494
61 1 0
62 2 0
62 2 989
62 2 751
62 2 673
62 2 861
62 2 393
62 2 965
62 2 971
62 2 0
62 2 0
62 2 0
63 2 0
63 2 814
63 2 977
63 2 396
63 2 685
63 2 936
63 2 581
63 2 509
63 2 630
63 2 0
63 2 0
63 2 0
64 1 0
64 1 275
64 1 310
64 1 973
64 1 0
64 1 0
64 1 11
64 1 434
64 1 0
65 2 0
65 2 511
65 2 777
65 2 663
65 2 376
65 2 0
65 2 0
65 2 163
65 2 0
66 1 0
66 1 943
66 1 941
66 1 771
66 1 492
66 1 479
66 1 27
66 1 0
67 1 0
67 1 321
67 1 233
67 1 701
67 1 177
67 1 490
67 1 835
67 1 471
67 1 0
67 1 0
67 1 0
67 1 0
68 2 0
68 2 151
68 2 118
68 2 656
68 2 672
68 2 727
68 2 0
68 2 0
68 2 0
69 2 0
69 2 186
69 2 628
69 2 937
69 2 289
69 2 211
69 2 761
69 2 0
70 1 0
70 1 756
70 1 134
70 1 420
70 1 175
70 1 601
70 1 140
70 1 515
70 1 624
70 1 847
70 1 0
70 1 0
70 1 0
70 1 0
71 1 0
71 1 150
71 1 944
71 1 669
71 1 857
71 1 0
72 1 0
72 1 676
72 1 44
72 1 383
72 1 23
72 1 0
73 2 0
73 2 794
73 2 458
73 2 332
73 2 613
73 2 995
73 2 0
73 2 0
73 2 0
74 2 0
74 2 193
74 2 426
74 2 0
74 2 0
74 2 748
74 2 0
75 2 0
75 2 328
75 2 938
75 2 493
75 2 997
75 2 97
75 2 465
75 2 881
75 2 0
75 2 0
75 2 0
76 1 0
76 1 183
76 1 218
76 1 432
76 1 0
77 2 0
77 2 411
77 2 404
77 2 0
77 2 0
77 2 757
77 2 0
78 2 0
78 2 960
78 2 734
78 2 480
78 2 28
78 2 0
79 2 0
79 2 930
79 2 764
79 2 819
79 2 730
79 2 0
79 2 0
79 2 718
79 2 0
79 2 0
79 2 0
80 2 0
80 2 18
80 2 887
80 2 891
80 2 413
80 2 683
80 2 0
80 2 0
80 2 0
81 2 0
81 2 329
81 2 453
81 2 88
81 2 78
81 2 71
81 2 661
81 2 0
81 2 0
81 2 0
82 2 0
82 2 273
82 2 797
82 2 429
82 2 735
82 2 484
82 2 172
82 2 758
82 2 595
82 2 587
82 2 0
83 2 0
83 2 934
83 2 991
83 2 578
83 2 840
83 2 0
83 2 0
83 2 0
84 2 0
84 2 30
84 2 894
84 2 25
84 2 582
84 2 726
84 2 0
84 2 0
84 2 135
84 2 309
84 2 0
84 2 0
84 2 0
85 1 0
85 1 568
85 1 779
85 1 0
85 1 0
85 1 0
86 2 0
86 2 557
86 2 0
87 1 0
87 1 330
87 1 311
87 1 812
87 1 0
87 1 0
87 1 0
88 2 0
88 2 85
88 2 842
88 2 298
88 2 0
89 1 0
89 1 640
89 1 554
89 1 998
89 1 665
89 1 79
89 1 586
89 1 904
89 1 0
89 1 0
89 1 0
89 1 0
90 1 0
90 1 695
90 1 0
91 2 0
91 2 81
91 2 272
91 2 0
91 2 0
91 2 675
91 2 0
92 2 0
92 2 167
92 2 782
92 2 596
92 2 145
92 2 0
92 2 0
92 2 457
92 2 119
92 2 301
92 2 0
93 1 0
93 1 999
93 1 719
93 1 622
93 1 320
93 1 0
93 1 0
93 1 0
93 1 948
93 1 0
94 2 0
94 2 59
94 2 173
94 2 659
94 2 848
94 2 838
94 2 342
94 2 0
94 2 0
94 2 0
95 1 0
95 1 282
95 1 126
95 1 0
95 1 0
95 1 877
95 1 0
96 2 0
96 2 31
96 2 849
96 2 660
96 2 875
96 2 122
96 2 983
96 2 558
96 2 706
96 2 83
96 2 0
96 2 0
97 1 0
97 1 341
97 1 0
97 1 0
97 1 516
97 1 91
97 1 0
98 1 0
98 1 662
98 1 112
98 1 0
99 1 0
99 1 746
99 1 988
99 1 927
99 1 318
99 1 0
99 1 0
99 1 0
99 1 66
99 1 0
100 1 0
100 1 247
100 1 908
100 1 728
100 1 498
100 1 0
100 1 0
100 1 0
100 1 24
100 1 536
100 1 0
101 2 0
101 2 874
101 2 828
101 2 0
101 2 0
101 2 365
101 2 0
101 2 0
101 2 0
102 1 0
102 1 0
103 1 0
103 1 0
104 1 0
104 1 0
105 2 0
105 2 657
105 2 0
105 2 0
105 2 655
105 2 34
105 2 339
105 2 0
105 2 0
105 2 0
106 2 0
106 2 951
106 2 144
106 2 245
106 2 823
106 2 503
106 2 0
107 2 0
107 2 830
107 2 862
107 2 0
107 2 0
107 2 496
107 2 942
107 2 883
107 2 265
107 2 0
107 2 0
107 2 0
108 1 0
108 1 149
108 1 792
108 1 142
108 1 488
108 1 187
108 1 0
108 1 0
108 1 0
108 1 607
108 1 789
108 1 0
109 2 0
109 2 294
109 2 950
109 2 467
109 2 82
109 2 0
109 2 0
109 2 0
110 2 0
110 2 642
110 2 190
110 2 615
110 2 327
110 2 619
110 2 53
110 2 0
110 2 0
110 2 0
111 2 0
111 2 546
111 2 750
111 2 0
112 2 0
112 2 530
112 2 920
112 2 638
112 2 772
112 2 0
113 1 0
113 1 10
113 1 406
113 1 0
113 1 0
113 1 0
114 2 0
114 2 445
114 2 387
114 2 348
114 2 1000
114 2 913
114 2 0
114 2 0
114 2 0
115 1 0
115 1 898
115 1 182
115 1 0
116 2 0
116 2 805
116 2 720
116 2 466
116 2 588
116 2 201
116 2 415
116 2 0
116 2 0
117 1 0
117 1 214
117 1 0
117 1 0
117 1 367
117 1 127
117 1 626
117 1 0
117 1 0
117 1 0
118 2 0
118 2 251
118 2 502
118 2 346
118 2 461
118 2 46
118 2 104
118 2 0
119 2 0
119 2 703
119 2 627
119 2 976
119 2 895
119 2 0
119 2 0
119 2 0
119 2 0
120 2 0
120 2 414
120 2 740
120 2 505
120 2 0
120 2 0
120 2 0
121 1 0
121 1 571
121 1 994
121 1 824
121 1 0
121 1 0
121 1 0
122 2 0
122 2 712
122 2 653
122 2 448
122 2 681
122 2 373
122 2 0
122 2 0
122 2 287
122 2 0
122 2 0
122 2 0
123 1 0
123 1 313
123 1 903
123 1 98
123 1 0
123 1 0
123 1 0
123 1 221
123 1 0
124 2 0
124 2 109
124 2 853
124 2 825
124 2 972
124 2 316
124 2 0
124 2 0
124 2 818
124 2 786
124 2 0
124 2 0
124 2 0
125 2 0
125 2 534
125 2 460
125 2 725
125 2 0
125 2 0
125 2 165
125 2 305
125 2 68
125 2 0
126 2 0
126 2 364
126 2 743
126 2 860
126 2 723
126 2 236
126 2 912
126 2 0
127 2 0
127 2 296
127 2 839
127 2 0
127 2 0
127 2 202
127 2 412
127 2 0
128 1 0
128 1 407
128 1 827
128 1 156
128 1 548
128 1 617
128 1 381
128 1 0
128 1 0
128 1 0
128 1 0
129 2 0
129 2 385
129 2 832
129 2 253
129 2 651
129 2 834
129 2 0
130 2 0
130 2 555
130 2 559
130 2 15
130 2 526
130 2 116
130 2 928
130 2 0
130 2 0
131 1 0
131 1 634
131 1 566
131 1 0
131 1 0
131 1 130
131 1 0
132 1 0
132 1 42
132 1 698
132 1 35
132 1 263
132 1 760
132 1 579
132 1 984
132 1 829
132 1 0
132 1 0
132 1 0
132 1 0
133 1 0
133 1 271
133 1 357
133 1 73
133 1 0
133 1 0
134 1 0
134 1 240
134 1 196
134 1 0
134 1 0
134 1 0
134 1 811
134 1 317
134 1 0
134 1 0
134 1 0
135 2 0
135 2 670
135 2 690
135 2 123
135 2 0
136 2 0
136 2 409
136 2 384
136 2 382
136 2 90
136 2 0
137 1 0
137 1 744
137 1 625
137 1 981
137 1 72
137 1 308
137 1 105
137 1 671
137 1 961
137 1 0
137 1 0
137 1 0
137 1 0
138 1 0
138 1 573
138 1 859
138 1 924
138 1 0
138 1 0
138 1 0
138 1 0
139 1 0
139 1 514
139 1 916
139 1 56
139 1 162
139 1 962
139 1 0
139 1 0
139 1 0
139 1 0
140 1 0
140 1 402
140 1 636
140 1 733
140 1 635
140 1 632
140 1 0
140 1 0
140 1 0
140 1 0
141 1 0
141 1 917
141 1 60
141 1 6
141 1 89
141 1 882
141 1 0
141 1 0
142 1 0
142 1 722
142 1 986
142 1 0
142 1 0
142 1 32
142 1 362
142 1 49
142 1 386
142 1 0
142 1 0
143 1 0
143 1 982
143 1 368
143 1 914
143 1 713
143 1 845
143 1 0
143 1 0
143 1 0
143 1 0
144 1 0
144 1 374
144 1 788
144 1 522
144 1 249
144 1 0
144 1 0
144 1 0
144 1 69
144 1 0
145 1 0
145 1 22
145 1 978
145 1 325
145 1 176
145 1 0
145 1 0
145 1 0
145 1 0
146 2 0
146 2 523
146 2 0
146 2 0
146 2 222
146 2 0
146 2 0
146 2 0
147 1 0
147 1 773
147 1 464
147 1 370
147 1 0
147 1 0
147 1 0
147 1 765
147 1 0
147 1 0
147 1 0
148 1 0
148 1 277
148 1 256
148 1 905
148 1 890
148 1 858
148 1 0
148 1 0
149 2 0
149 2 449
149 2 893
149 2 747
149 2 674
149 2 517
149 2 486
149 2 286
149 2 915
149 2 252
149 2 241
149 2 55
149 2 0
149 2 0
149 2 0
149 2 0
150 2 0
150 2 377
150 2 872
150 2 326
150 2 331
150 2 556
150 2 0
150 2 0
150 2 0
150 2 0
151 2 0
151 2 450
151 2 303
151 2 959
151 2 667
151 2 242
151 2 433
151 2 0
151 2 0
151 2 0
151 2 0
152 2 0
152 2 5
152 2 867
152 2 267
152 2 0
152 2 0
152 2 506
152 2 0
153 2 0
153 2 243
153 2 120
153 2 0
153 2 0
153 2 745
153 2 0
153 2 0
153 2 0
154 1 0
154 1 598
154 1 137
154 1 569
154 1 0
154 1 0
154 1 0
154 1 0
155 2 0
155 2 184
155 2 194
155 2 597
155 2 623
155 2 117
155 2 0
155 2 0
155 2 0
155 2 87
155 2 0
156 1 0
156 1 224
156 1 238
156 1 507
156 1 129
156 1 649
156 1 0
156 1 0
156 1 0
156 1 0
157 2 0
157 2 643
157 2 884
157 2 0
157 2 0
157 2 372
157 2 451
157 2 0
158 2 0
158 2 198
158 2 966
158 2 416
158 2 900
158 2 491
158 2 299
158 2 146
158 2 0
158 2 0
159 2 0
159 2 155
159 2 618
159 2 0
159 2 0
159 2 0
160 2 0
160 2 131
160 2 268
160 2 21
160 2 139
160 2 260
160 2 892
160 2 138
160 2 0
160 2 0
160 2 0
160 2 0
161 1 0
161 1 684
161 1 422
161 1 302
161 1 197
161 1 0
161 1 0
161 1 0
161 1 993
161 1 0
162 1 0
162 1 482
162 1 379
162 1 768
162 1 159
162 1 629
162 1 952
162 1 0
162 1 0
162 1 0
162 1 0
163 1 0
163 1 210
163 1 901
163 1 206
163 1 879
163 1 0
163 1 0
163 1 0
163 1 0
164 2 0
164 2 704
164 2 737
164 2 0
165 2 0
165 2 333
165 2 552
165 2 599
165 2 836
165 2 585
165 2 0
165 2 0
166 1 0
166 1 297
166 1 295
166 1 0
166 1 0
167 1 0
167 1 322
167 1 979
167 1 0
167 1 0
167 1 0
167 1 0
168 2 0
168 2 61
168 2 631
168 2 946
168 2 353
168 2 361
168 2 711
168 2 0
168 2 0
168 2 0
168 2 0
169 1 0
169 1 195
169 1 0
170 2 0
170 2 103
170 2 244
170 2 567
170 2 528
170 2 533
170 2 963
170 2 427
170 2 344
170 2 739
170 2 0
170 2 0
170 2 0
170 2 0
171 1 0
171 1 100
171 1 227
171 1 878
171 1 378
171 1 864
171 1 0
171 1 0
171 1 0
171 1 0
172 1 0
172 1 770
172 1 403
172 1 0
172 1 0
172 1 0
172 1 499
172 1 0
172 1 0
173 1 0
173 1 209
173 1 639
173 1 75
173 1 0
173 1 0
174 2 0
174 2 152
174 2 110
174 2 0
174 2 0
175 1 0
175 1 549
175 1 931
175 1 363
175 1 375
175 1 3
175 1 547
175 1 0
175 1 0
176 2 0
176 2 953
176 2 691
176 2 174
176 2 306
176 2 589
176 2 278
176 2 787
176 2 0
176 2 0
176 2 0
176 2 0
177 2 0
177 2 443
177 2 350
177 2 0
177 2 0
177 2 0
177 2 0
178 2 0
178 2 169
178 2 96
178 2 76
178 2 0
178 2 0
179 1 0
179 1 483
179 1 343
179 1 575
179 1 0
179 1 0
179 1 0
179 1 108
179 1 0
180 1 0
180 1 215
180 1 769
180 1 388
180 1 736
180 1 0
180 1 0
180 1 0
180 1 0
181 1 0
181 1 115
181 1 347
181 1 851
181 1 358
181 1 696
181 1 519
181 1 0
181 1 0
181 1 0
181 1 0
182 1 0
182 1 52
182 1 452
182 1 258
182 1 926
182 1 0
182 1 0
182 1 0
182 1 0
183 2 0
183 2 20
183 2 132
183 2 444
183 2 147
183 2 26
183 2 889
183 2 0
183 2 0
183 2 0
183 2 0
184 2 0
184 2 203
184 2 234
184 2 405
184 2 239
184 2 390
184 2 0
184 2 0
184 2 0
184 2 0
185 2 0
185 2 285
185 2 121
185 2 896
185 2 231
185 2 620
185 2 0
185 2 0
186 1 0
186 1 261
186 1 16
186 1 228
186 1 0
186 1 0
186 1 0
186 1 0
187 1 0
187 1 633
187 1 774
187 1 702
187 1 572
187 1 0
187 1 0
187 1 0
187 1 0
188 2 0
188 2 821
188 2 62
188 2 968
188 2 537
188 2 337
188 2 0
188 2 0
188 2 0
188 2 0
189 2 0
189 2 225
189 2 775
189 2 421
189 2 935
189 2 192
189 2 0
189 2 0
189 2 0
189 2 0
190 1 0
190 1 111
190 1 933
190 1 0
190 1 0
190 1 0
190 1 560
190 1 315
190 1 888
190 1 395
190 1 0
190 1 0
191 2 0
191 2 312
191 2 70
191 2 833
191 2 658
191 2 300
191 2 48
191 2 731
191 2 0
191 2 0
191 2 0
191 2 0
192 1 0
192 1 592
192 1 0
192 1 0
192 1 0
192 1 795
192 1 0
192 1 0
192 1 0
192 1 0
193 1 0
193 1 355
193 1 50
193 1 527
193 1 469
193 1 0
193 1 0
193 1 0
193 1 0
194 2 0
194 2 687
194 2 614
194 2 280
194 2 594
194 2 0
194 2 0
194 2 0
194 2 0
195 1 0
195 1 1
195 1 0
195 1 0
195 1 0
195 1 439
195 1 0
195 1 0
195 1 0
195 1 0
196 1 0
196 1 804
196 1 0
196 1 0
196 1 0
196 1 219
196 1 0
196 1 0
197 2 0
197 2 637
197 2 886
197 2 766
197 2 213
197 2 0
197 2 0
197 2 0
197 2 822
197 2 0
197 2 0
197 2 0
197 2 0
198 2 0
198 2 487
198 2 500
198 2 987
198 2 762
198 2 0
198 2 0
198 2 0
198 2 29
198 2 0
199 1 0
199 1 729
199 1 424
199 1 583
199 1 584
199 1 0
199 1 0
199 1 0
199 1 0
200 2 0
200 2 262
200 2 780
200 2 19
200 2 957
200 2 0
200 2 0
200 2 0
200 2 0
201 1 0
201 1 65
201 1 359
201 1 235
201 1 0
201 1 0
201 1 0
201 1 0
202 2 0
202 2 551
202 2 869
202 2 274
202 2 12
202 2 0
202 2 0
203 2 0
203 2 688
203 2 67
203 2 179
203 2 51
203 2 708
203 2 0
203 2 0
203 2 0
203 2 0
204 1 0
204 1 143
204 1 958
204 1 39
204 1 0
204 1 521
204 1 77
204 1 0
204 1 0
205 1 0
205 1 956
205 1 474
205 1 0
205 1 0
205 1 0
205 1 431
205 1 371
205 1 0
205 1 0
206 1 0
206 1 185
206 1 985
206 1 0
206 1 0
206 1 0
206 1 270
206 1 0
206 1 0
207 1 0
207 1 540
207 1 0
207 1 33
207 1 0
208 1 0
208 1 13
208 1 0
208 1 0
209 1 0
209 1 2
209 1 0
