total cost: 341682
1 2 0
1 2 553
1 2 288
1 2 767
1 2 0
1 2 0
1 2 307
1 2 793
1 2 0
1 2 0
1 2 141
1 2 0
2 1 0
2 1 220
2 1 802
2 1 577
2 1 254
2 1 0
2 1 0
2 1 180
2 1 257
2 1 932
2 1 0
3 2 0
3 2 616
3 2 161
3 2 652
3 2 0
3 2 0
3 2 0
4 1 0
4 1 954
4 1 654
4 1 520
4 1 0
5 2 0
5 2 463
5 2 539
5 2 459
5 2 693
5 2 454
5 2 0
5 2 0
5 2 790
5 2 0
5 2 0
5 2 0
6 2 0
6 2 408
6 2 801
6 2 754
6 2 593
6 2 475
6 2 510
6 2 356
6 2 0
7 1 0
7 1 645
7 1 865
7 1 189
7 1 442
7 1 92
7 1 0
7 1 0
7 1 612
7 1 0
8 1 0
8 1 605
8 1 974
8 1 401
8 1 229
8 1 0
9 2 0
9 2 57
9 2 281
9 2 843
9 2 170
9 2 749
9 2 689
9 2 525
9 2 476
9 2 0
10 1 0
10 1 856
10 1 4
10 1 501
10 1 250
10 1 911
10 1 468
10 1 700
10 1 0
10 1 0
10 1 230
10 1 0
11 2 0
11 2 354
11 2 154
11 2 0
11 2 0
11 2 319
11 2 8
11 2 0
12 1 0
12 1 164
12 1 717
12 1 532
12 1 423
12 1 0
13 1 0
13 1 37
13 1 389
13 1 855
13 1 808
13 1 512
13 1 397
13 1 212
13 1 0
14 2 0
14 2 124
14 2 919
14 2 799
14 2 148
14 2 0
15 2 0
15 2 462
15 2 813
15 2 478
15 2 570
15 2 0
15 2 0
15 2 591
15 2 504
15 2 0
16 1 0
16 1 947
16 1 716
16 1 400
16 1 380
16 1 798
16 1 641
16 1 0
16 1 0
16 1 535
16 1 0
17 2 0
17 2 763
17 2 831
17 2 759
17 2 237
17 2 0
17 2 0
17 2 391
17 2 0
18 1 0
18 1 710
18 1 440
18 1 216
18 1 650
18 1 95
18 1 323
18 1 178
18 1 0
19 1 0
19 1 602
19 1 284
19 1 171
19 1 742
19 1 0
20 2 0
20 2 544
20 2 64
20 2 304
20 2 205
20 2 114
20 2 0
21 1 0
21 1 714
21 1 248
21 1 0
22 1 0
22 1 283
22 1 590
22 1 269
22 1 0
23 1 0
23 1 841
23 1 7
23 1 101
23 1 543
23 1 437
23 1 992
23 1 923
23 1 0
23 1 0
23 1 0
24 2 0
24 2 565
24 2 871
24 2 850
24 2 58
24 2 36
24 2 264
24 2 810
24 2 276
24 2 0
25 2 0
25 2 428
25 2 820
25 2 54
25 2 732
25 2 600
25 2 0
26 1 0
26 1 489
26 1 741
26 1 107
26 1 0
27 1 0
27 1 975
27 1 43
27 1 0
28 2 0
28 2 899
28 2 826
28 2 922
28 2 531
28 2 217
28 2 470
28 2 783
28 2 815
28 2 360
28 2 0
29 1 0
29 1 291
29 1 866
29 1 128
29 1 9
29 1 721
29 1 967
29 1 678
29 1 508
29 1 0
30 1 0
30 1 682
30 1 338
30 1 939
30 1 791
30 1 945
30 1 191
30 1 259
30 1 125
30 1 0
31 1 0
31 1 473
31 1 738
31 1 609
31 1 863
31 1 0
31 1 0
31 1 63
31 1 99
31 1 807
31 1 0
32 1 0
32 1 816
32 1 113
32 1 910
32 1 868
32 1 0
32 1 0
32 1 561
32 1 0
33 1 0
33 1 158
33 1 541
33 1 204
33 1 563
33 1 964
33 1 940
33 1 314
33 1 0
33 1 0
33 1 0
34 2 0
34 2 14
34 2 538
34 2 446
34 2 495
34 2 949
34 2 692
34 2 852
34 2 0
35 2 0
35 2 907
35 2 846
35 2 335
35 2 293
35 2 163
35 2 0
35 2 0
35 2 0
36 2 0
36 2 17
36 2 925
36 2 418
36 2 902
36 2 84
36 2 885
36 2 398
36 2 208
36 2 0
37 1 0
37 1 529
37 1 603
37 1 796
37 1 0
38 2 0
38 2 524
38 2 349
38 2 0
38 2 0
38 2 550
38 2 784
38 2 86
38 2 0
39 2 0
39 2 606
39 2 955
39 2 542
39 2 707
39 2 246
39 2 40
39 2 2
39 2 990
39 2 223
39 2 0
40 1 0
40 1 441
40 1 580
40 1 232
40 1 676
40 1 969
40 1 803
40 1 66
40 1 0
40 1 0
40 1 0
40 1 0
41 1 0
41 1 153
41 1 394
41 1 329
41 1 934
41 1 207
41 1 168
41 1 0
41 1 0
41 1 0
42 2 0
42 2 666
42 2 644
42 2 608
42 2 447
42 2 545
42 2 0
42 2 0
42 2 477
42 2 0
43 1 0
43 1 715
43 1 188
43 1 781
43 1 425
43 1 776
43 1 668
43 1 0
44 1 0
44 1 279
44 1 255
44 1 647
44 1 980
44 1 74
44 1 724
44 1 0
45 2 0
45 2 133
45 2 436
45 2 970
45 2 0
46 2 0
46 2 106
46 2 897
46 2 345
46 2 880
46 2 0
47 2 0
47 2 785
47 2 472
47 2 513
47 2 906
47 2 0
47 2 0
47 2 0
48 1 0
48 1 837
48 1 909
48 1 0
49 1 0
49 1 677
49 1 41
49 1 136
49 1 200
49 1 0
50 1 0
50 1 456
50 1 102
50 1 610
50 1 574
50 1 419
50 1 621
50 1 0
50 1 0
50 1 0
51 1 0
51 1 921
51 1 351
51 1 0
51 1 0
51 1 352
51 1 0
52 2 0
52 2 45
52 2 809
52 2 430
52 2 328
52 2 396
52 2 977
52 2 844
52 2 873
52 2 694
52 2 0
53 1 0
53 1 336
53 1 369
53 1 854
53 1 0
53 1 0
53 1 679
53 1 576
53 1 0
54 2 0
54 2 817
54 2 157
54 2 199
54 2 324
54 2 648
54 2 290
54 2 0
54 2 0
54 2 0
55 1 0
55 1 806
55 1 399
55 1 680
55 1 748
55 1 166
55 1 11
55 1 27
55 1 0
55 1 0
55 1 0
56 2 0
56 2 518
56 2 497
56 2 404
56 2 247
56 2 0
56 2 0
56 2 435
56 2 835
56 2 0
57 1 0
57 1 266
57 1 562
57 1 410
57 1 226
57 1 485
57 1 151
57 1 664
57 1 0
58 1 0
58 1 611
58 1 455
58 1 0
59 1 0
59 1 752
59 1 310
59 1 0
59 1 0
59 1 130
59 1 0
60 1 0
60 1 292
60 1 38
60 1 0
60 1 0
60 1 0
61 2 0
61 2 699
61 2 646
61 2 93
61 2 417
61 2 181
61 2 135
61 2 289
61 2 0
62 2 0
62 2 340
62 2 756
62 2 686
62 2 321
62 2 0
62 2 0
62 2 876
62 2 753
62 2 0
63 2 0
63 2 392
63 2 366
63 2 85
63 2 309
63 2 0
63 2 0
63 2 0
64 2 0
64 2 989
64 2 751
64 2 673
64 2 861
64 2 393
64 2 457
64 2 0
64 2 0
64 2 0
65 1 0
65 1 996
65 1 697
65 1 870
65 1 0
65 1 0
65 1 160
65 1 701
65 1 490
65 1 471
65 1 0
66 1 0
66 1 814
66 1 918
66 1 779
66 1 0
66 1 0
66 1 0
67 2 0
67 2 275
67 2 581
67 2 936
67 2 509
67 2 0
68 1 0
68 1 511
68 1 777
68 1 79
68 1 663
68 1 0
68 1 0
68 1 94
68 1 0
69 1 0
69 1 233
69 1 134
69 1 175
69 1 420
69 1 376
69 1 601
69 1 140
69 1 515
69 1 0
69 1 0
69 1 0
69 1 0
70 2 0
70 2 943
70 2 18
70 2 887
70 2 973
70 2 0
70 2 0
70 2 568
70 2 675
70 2 0
71 1 0
71 1 186
71 1 628
71 1 937
71 1 211
71 1 0
72 2 0
72 2 150
72 2 944
72 2 669
72 2 857
72 2 0
73 2 0
73 2 794
73 2 874
73 2 828
73 2 0
73 2 0
73 2 971
73 2 965
73 2 734
73 2 480
73 2 28
73 2 0
74 1 0
74 1 193
74 1 426
74 1 0
74 1 0
74 1 0
75 1 0
75 1 183
75 1 177
75 1 218
75 1 80
75 1 494
75 1 311
75 1 0
75 1 0
75 1 0
75 1 0
76 2 0
76 2 411
76 2 642
76 2 908
76 2 245
76 2 414
76 2 789
76 2 0
77 1 0
77 1 757
77 1 0
78 1 0
78 1 960
78 1 24
78 1 119
78 1 0
79 2 0
79 2 709
79 2 557
79 2 0
80 1 0
80 1 930
80 1 771
80 1 492
80 1 413
80 1 0
80 1 0
80 1 0
81 2 0
81 2 564
81 2 840
81 2 929
81 2 705
81 2 0
81 2 0
81 2 0
82 2 0
82 2 438
82 2 481
82 2 479
82 2 630
82 2 0
82 2 0
82 2 0
83 1 0
83 1 941
83 1 341
83 1 891
83 1 685
83 1 0
83 1 0
83 1 0
84 2 0
84 2 273
84 2 429
84 2 30
84 2 735
84 2 484
84 2 172
84 2 761
84 2 758
84 2 0
84 2 0
84 2 0
85 1 0
85 1 0
86 2 0
86 2 718
86 2 0
86 2 0
86 2 0
87 2 0
87 2 434
87 2 0
88 2 0
88 2 604
88 2 383
88 2 44
88 2 516
88 2 0
89 1 0
89 1 640
89 1 998
89 1 554
89 1 624
89 1 904
89 1 812
89 1 0
89 1 0
89 1 0
89 1 0
90 1 0
90 1 695
90 1 0
91 2 0
91 2 81
91 2 272
91 2 778
91 2 493
91 2 800
91 2 0
91 2 0
91 2 0
92 2 0
92 2 334
92 2 938
92 2 755
92 2 997
92 2 97
92 2 465
92 2 0
92 2 0
92 2 47
92 2 0
93 1 0
93 1 167
93 1 782
93 1 764
93 1 819
93 1 0
93 1 0
93 1 586
93 1 330
93 1 847
93 1 0
93 1 0
93 1 0
94 1 0
94 1 59
94 1 0
95 1 0
95 1 999
95 1 571
95 1 672
95 1 0
95 1 0
95 1 0
96 1 0
96 1 118
96 1 656
96 1 0
96 1 0
96 1 0
97 1 0
97 1 948
97 1 0
98 1 0
98 1 797
98 1 988
98 1 805
98 1 466
98 1 595
98 1 587
98 1 0
98 1 0
99 1 0
99 1 282
99 1 126
99 1 730
99 1 0
99 1 0
99 1 877
99 1 881
99 1 298
99 1 0
100 2 0
100 2 31
100 2 25
100 2 894
100 2 582
100 2 726
100 2 83
100 2 415
100 2 201
100 2 0
100 2 0
100 2 0
100 2 0
101 2 0
101 2 173
101 2 848
101 2 838
101 2 342
101 2 607
101 2 0
102 2 0
102 2 746
102 2 849
102 2 385
102 2 190
102 2 0
103 2 0
103 2 453
103 2 88
103 2 991
103 2 578
103 2 0
103 2 0
103 2 23
103 2 91
103 2 750
103 2 0
104 1 0
104 1 655
104 1 712
104 1 0
104 1 0
104 1 71
104 1 661
104 1 0
104 1 0
104 1 0
105 2 0
105 2 365
105 2 898
105 2 0
105 2 0
105 2 0
106 2 0
106 2 458
106 2 534
106 2 792
106 2 613
106 2 488
106 2 187
106 2 301
106 2 127
106 2 0
106 2 0
106 2 0
106 2 0
107 1 0
107 1 0
108 1 0
108 1 0
109 2 0
109 2 657
109 2 0
109 2 0
109 2 951
109 2 659
109 2 221
109 2 182
109 2 0
110 2 0
110 2 496
110 2 994
110 2 942
110 2 883
110 2 0
111 1 0
111 1 830
111 1 683
111 1 0
111 1 0
111 1 662
111 1 558
111 1 983
111 1 0
112 1 0
112 1 149
112 1 332
112 1 622
112 1 320
112 1 0
112 1 0
112 1 0
112 1 546
112 1 0
113 1 0
113 1 660
113 1 402
113 1 370
113 1 636
113 1 993
113 1 0
113 1 0
113 1 0
113 1 0
114 2 0
114 2 294
114 2 950
114 2 927
114 2 318
114 2 0
114 2 0
114 2 842
114 2 0
115 2 0
115 2 78
115 2 627
115 2 0
116 2 0
116 2 10
116 2 727
116 2 0
116 2 0
116 2 0
117 2 0
117 2 445
117 2 920
117 2 638
117 2 772
117 2 0
117 2 0
117 2 0
118 1 0
118 1 665
118 1 559
118 1 555
118 1 34
118 1 432
118 1 339
118 1 928
118 1 0
118 1 0
118 1 0
118 1 0
119 1 0
119 1 214
119 1 0
119 1 0
119 1 530
119 1 165
119 1 0
120 1 0
120 1 251
120 1 720
120 1 346
120 1 461
120 1 90
120 1 0
120 1 0
121 1 0
121 1 703
121 1 144
121 1 53
121 1 619
121 1 895
121 1 0
121 1 0
121 1 0
121 1 0
122 2 0
122 2 536
122 2 0
123 1 0
123 1 265
123 1 0
123 1 0
123 1 287
123 1 0
123 1 0
123 1 0
124 2 0
124 2 313
124 2 903
124 2 0
124 2 0
124 2 367
124 2 824
124 2 0
124 2 0
124 2 0
125 1 0
125 1 719
125 1 839
125 1 60
125 1 6
125 1 89
125 1 0
125 1 0
126 2 0
126 2 109
126 2 853
126 2 387
126 2 825
126 2 0
126 2 0
126 2 33
126 2 0
127 2 0
127 2 596
127 2 364
127 2 467
127 2 82
127 2 0
127 2 0
127 2 0
128 1 0
128 1 142
128 1 634
128 1 566
128 1 972
128 1 0
128 1 0
128 1 0
128 1 0
129 2 0
129 2 296
129 2 145
129 2 32
129 2 0
129 2 0
129 2 818
129 2 786
129 2 0
129 2 0
129 2 0
130 2 0
130 2 862
130 2 744
130 2 917
130 2 406
130 2 104
130 2 46
130 2 0
131 2 0
131 2 502
131 2 986
131 2 98
131 2 0
131 2 0
131 2 706
131 2 588
131 2 506
131 2 0
132 2 0
132 2 271
132 2 827
132 2 156
132 2 728
132 2 823
132 2 0
132 2 0
132 2 0
133 2 0
133 2 407
133 2 976
133 2 832
133 2 0
133 2 0
133 2 505
133 2 503
133 2 0
134 2 0
134 2 523
134 2 348
134 2 5
134 2 325
134 2 68
134 2 0
135 1 0
135 1 42
135 1 615
135 1 327
135 1 617
135 1 381
135 1 0
135 1 0
136 2 0
136 2 240
136 2 15
136 2 526
136 2 116
136 2 0
137 1 0
137 1 875
137 1 122
137 1 905
137 1 890
137 1 845
137 1 295
137 1 0
137 1 0
138 1 0
138 1 653
138 1 448
138 1 196
138 1 0
138 1 0
138 1 0
138 1 811
138 1 317
138 1 0
138 1 0
138 1 0
139 1 0
139 1 670
139 1 698
139 1 35
139 1 253
139 1 760
139 1 651
139 1 0
139 1 0
140 2 0
140 2 409
140 2 743
140 2 860
140 2 236
140 2 723
140 2 146
140 2 433
140 2 0
140 2 0
140 2 0
140 2 0
141 2 0
141 2 69
141 2 1000
141 2 913
141 2 0
142 1 0
142 1 740
142 1 0
143 1 0
143 1 384
143 1 382
143 1 0
144 2 0
144 2 573
144 2 626
144 2 0
144 2 0
144 2 412
144 2 0
145 2 0
145 2 514
145 2 277
145 2 498
145 2 73
145 2 548
145 2 0
146 2 0
146 2 995
146 2 222
146 2 0
146 2 0
146 2 0
147 1 0
147 1 681
147 1 598
147 1 326
147 1 331
147 1 373
147 1 556
147 1 305
147 1 0
147 1 0
147 1 0
147 1 0
148 1 0
148 1 722
148 1 981
148 1 72
148 1 308
148 1 105
148 1 961
148 1 0
148 1 0
149 1 0
149 1 982
149 1 368
149 1 123
149 1 834
149 1 263
149 1 0
149 1 0
149 1 0
149 1 0
150 1 0
150 1 374
150 1 788
150 1 522
150 1 249
150 1 0
150 1 0
150 1 0
150 1 765
150 1 0
151 1 0
151 1 22
151 1 316
151 1 978
151 1 867
151 1 0
151 1 0
151 1 0
151 1 0
152 2 0
152 2 773
152 2 635
152 2 464
152 2 450
152 2 959
152 2 671
152 2 209
152 2 0
152 2 0
152 2 0
152 2 0
153 1 0
153 1 690
153 1 916
153 1 56
153 1 162
153 1 633
153 1 984
153 1 579
153 1 0
153 1 0
153 1 0
153 1 0
154 2 0
154 2 202
154 2 372
154 2 0
155 1 0
155 1 377
155 1 872
155 1 322
155 1 0
155 1 0
155 1 0
155 1 0
156 2 0
156 2 912
156 2 0
157 2 0
157 2 449
157 2 460
157 2 725
157 2 0
157 2 0
157 2 195
157 2 737
157 2 632
157 2 0
158 2 0
158 2 914
158 2 256
158 2 829
158 2 795
158 2 0
158 2 0
159 2 0
159 2 243
159 2 884
159 2 0
159 2 0
159 2 112
159 2 704
159 2 386
159 2 0
160 2 0
160 2 625
160 2 224
160 2 238
160 2 966
160 2 859
160 2 882
160 2 299
160 2 0
160 2 0
160 2 0
160 2 0
161 2 0
161 2 357
161 2 713
161 2 0
162 1 0
162 1 184
162 1 893
162 1 747
162 1 674
162 1 0
162 1 0
162 1 0
162 1 0
163 1 0
163 1 303
163 1 482
163 1 49
163 1 639
163 1 0
163 1 0
164 2 0
164 2 733
164 2 244
164 2 567
164 2 528
164 2 361
164 2 0
164 2 0
164 2 0
164 2 87
164 2 0
164 2 0
164 2 0
165 2 0
165 2 643
165 2 0
165 2 0
165 2 176
165 2 267
165 2 0
165 2 0
165 2 0
166 1 0
166 1 0
167 2 0
167 2 745
167 2 0
167 2 0
167 2 569
167 2 0
168 2 0
168 2 198
168 2 507
168 2 129
168 2 649
168 2 491
168 2 242
168 2 76
168 2 0
168 2 0
169 2 0
169 2 137
169 2 131
169 2 155
169 2 618
169 2 0
169 2 0
169 2 0
169 2 0
170 1 0
170 1 924
170 1 597
170 1 549
170 1 517
170 1 486
170 1 915
170 1 552
170 1 252
170 1 0
170 1 0
170 1 0
170 1 0
171 1 0
171 1 268
171 1 333
171 1 451
171 1 0
171 1 0
171 1 0
171 1 0
172 2 0
172 2 684
172 2 120
172 2 286
172 2 623
172 2 378
172 2 280
172 2 0
172 2 0
172 2 0
172 2 0
173 2 0
173 2 416
173 2 900
173 2 117
173 2 169
173 2 0
173 2 0
174 1 0
174 1 194
174 1 347
174 1 115
174 1 878
174 1 206
174 1 585
174 1 0
174 1 0
174 1 0
174 1 0
175 2 0
175 2 210
175 2 901
175 2 667
175 2 952
175 2 629
175 2 0
175 2 0
175 2 0
175 2 0
176 1 0
176 1 55
176 1 241
176 1 0
176 1 0
177 2 0
177 2 362
177 2 96
177 2 75
177 2 0
178 1 0
178 1 61
178 1 946
178 1 631
178 1 353
178 1 443
178 1 427
178 1 0
178 1 0
178 1 0
178 1 0
179 1 0
179 1 103
179 1 215
179 1 691
179 1 306
179 1 962
179 1 0
179 1 0
179 1 0
179 1 0
180 1 0
180 1 100
180 1 227
180 1 452
180 1 0
180 1 0
180 1 0
180 1 0
181 1 0
181 1 770
181 1 422
181 1 0
181 1 0
181 1 0
181 1 979
181 1 499
181 1 0
181 1 0
181 1 0
181 1 0
182 1 0
182 1 379
182 1 768
182 1 159
182 1 343
182 1 0
182 1 0
182 1 0
182 1 0
183 1 0
183 1 953
183 1 174
183 1 355
183 1 278
183 1 0
183 1 0
183 1 0
183 1 0
184 2 0
184 2 711
184 2 858
184 2 0
185 1 0
185 1 560
185 1 344
185 1 0
185 1 0
186 1 0
186 1 483
186 1 821
186 1 258
186 1 0
186 1 0
186 1 0
186 1 297
186 1 0
186 1 0
187 2 0
187 2 52
187 2 592
187 2 575
187 2 1
187 2 521
187 2 0
187 2 0
188 2 0
188 2 403
188 2 21
188 2 851
188 2 931
188 2 363
188 2 892
188 2 139
188 2 260
188 2 0
188 2 0
189 2 0
189 2 20
189 2 132
189 2 444
189 2 147
189 2 787
189 2 739
189 2 0
189 2 0
189 2 0
189 2 0
190 2 0
190 2 197
190 2 687
190 2 138
190 2 375
190 2 864
190 2 3
190 2 0
190 2 0
191 2 0
191 2 203
191 2 225
191 2 358
191 2 696
191 2 519
191 2 121
191 2 0
191 2 0
191 2 0
191 2 0
192 1 0
192 1 285
192 1 0
192 1 0
192 1 0
192 1 0
193 2 0
193 2 261
193 2 769
193 2 533
193 2 963
193 2 228
193 2 350
193 2 0
193 2 0
193 2 0
193 2 0
194 1 0
194 1 111
194 1 62
194 1 405
194 1 239
194 1 620
194 1 0
194 1 0
194 1 0
194 1 0
195 1 0
195 1 312
195 1 302
195 1 833
195 1 658
195 1 0
195 1 0
195 1 0
195 1 0
196 1 0
196 1 879
196 1 836
196 1 547
196 1 231
196 1 0
196 1 0
196 1 0
196 1 0
197 1 0
197 1 16
197 1 388
197 1 736
197 1 766
197 1 888
197 1 0
197 1 0
197 1 0
197 1 0
198 1 0
198 1 926
198 1 968
198 1 390
198 1 0
198 1 0
198 1 0
198 1 29
198 1 0
199 2 0
199 2 70
199 2 67
199 2 537
199 2 583
199 2 337
199 2 935
199 2 731
199 2 0
199 2 0
199 2 0
199 2 0
200 1 0
200 1 599
200 1 110
200 1 219
200 1 0
200 1 0
201 2 0
201 2 262
201 2 0
201 2 0
201 2 0
201 2 896
201 2 0
201 2 0
202 1 0
202 1 804
202 1 0
202 1 0
202 1 0
202 1 439
202 1 702
202 1 315
202 1 0
202 1 0
203 2 0
203 2 637
203 2 933
203 2 775
203 2 421
203 2 762
203 2 0
203 2 0
203 2 0
203 2 0
204 2 0
204 2 487
204 2 213
204 2 594
204 2 584
204 2 371
204 2 0
204 2 0
204 2 0
204 2 0
205 1 0
205 1 234
205 1 688
205 1 540
205 1 300
205 1 0
205 1 0
205 1 0
205 1 0
206 1 0
206 1 729
206 1 424
206 1 0
206 1 0
206 1 0
206 1 65
206 1 431
206 1 889
206 1 0
206 1 0
206 1 0
206 1 0
207 2 0
207 2 589
207 2 39
207 2 359
207 2 235
207 2 957
207 2 869
207 2 0
207 2 0
208 2 0
208 2 886
208 2 500
208 2 780
208 2 50
208 2 572
208 2 527
208 2 551
208 2 395
208 2 0
208 2 0
208 2 0
208 2 0
209 2 0
209 2 774
209 2 77
209 2 708
209 2 12
209 2 0
209 2 0
210 2 0
210 2 614
210 2 192
210 2 469
210 2 19
210 2 0
210 2 0
211 2 0
211 2 822
211 2 0
211 2 0
211 2 0
211 2 0
212 2 0
212 2 143
212 2 958
212 2 987
212 2 51
212 2 274
212 2 0
212 2 0
213 1 0
213 1 185
213 1 179
213 1 985
213 1 0
213 1 270
213 1 0
213 1 0
213 1 0
213 1 0
214 1 0
214 1 26
214 1 0
214 1 48
214 1 0
214 1 0
215 1 0
215 1 956
215 1 474
215 1 0
215 1 152
215 1 0
216 1 0
216 1 108
216 1 0
217 1 0
217 1 13
217 1 0
217 1 0
