total cost: 348784
1 2 0
1 2 553
1 2 288
1 2 767
1 2 0
1 2 0
1 2 616
1 2 180
1 2 257
1 2 932
1 2 0
2 1 0
2 1 220
2 1 802
2 1 0
2 1 0
2 1 463
2 1 539
2 1 693
2 1 0
3 1 0
3 1 254
3 1 577
3 1 408
3 1 801
3 1 459
3 1 0
3 1 0
3 1 790
3 1 0
3 1 0
3 1 141
3 1 0
4 2 0
4 2 645
4 2 865
4 2 189
4 2 428
4 2 0
4 2 0
4 2 307
4 2 793
4 2 654
4 2 0
5 1 0
5 1 605
5 1 593
5 1 754
5 1 947
5 1 974
5 1 716
5 1 525
5 1 8
5 1 476
5 1 205
5 1 0
6 2 0
6 2 57
6 2 843
6 2 281
6 2 717
6 2 532
6 2 423
6 2 544
6 2 304
6 2 114
6 2 0
7 1 0
7 1 856
7 1 763
7 1 831
7 1 939
7 1 0
7 1 0
7 1 954
7 1 161
7 1 652
7 1 520
7 1 535
7 1 0
7 1 0
7 1 0
8 2 0
8 2 354
8 2 442
8 2 749
8 2 319
8 2 401
8 2 229
8 2 0
9 2 0
9 2 170
9 2 400
9 2 798
9 2 468
9 2 641
9 2 742
9 2 0
10 1 0
10 1 0
11 2 0
11 2 154
11 2 0
11 2 0
11 2 37
11 2 855
11 2 269
11 2 397
11 2 212
11 2 0
12 1 0
12 1 462
12 1 813
12 1 478
12 1 975
12 1 0
12 1 0
12 1 454
12 1 283
12 1 919
12 1 475
12 1 0
13 2 0
13 2 4
13 2 911
13 2 899
13 2 250
13 2 826
13 2 759
13 2 0
13 2 0
13 2 124
13 2 799
13 2 0
14 1 0
14 1 689
14 1 380
14 1 783
14 1 217
14 1 897
14 1 815
14 1 0
15 1 0
15 1 710
15 1 440
15 1 391
15 1 107
15 1 0
15 1 0
15 1 504
15 1 0
16 1 0
16 1 501
16 1 682
16 1 922
16 1 101
16 1 700
16 1 470
16 1 477
16 1 360
16 1 223
16 1 0
16 1 0
17 2 0
17 2 602
17 2 237
17 2 570
17 2 0
17 2 0
17 2 612
17 2 590
17 2 0
18 1 0
18 1 164
18 1 92
18 1 216
18 1 732
18 1 600
18 1 0
19 2 0
19 2 841
19 2 7
19 2 543
19 2 992
19 2 437
19 2 40
19 2 246
19 2 990
19 2 844
19 2 0
19 2 0
19 2 0
20 1 0
20 1 284
20 1 58
20 1 264
20 1 99
20 1 807
20 1 293
20 1 0
21 1 0
21 1 714
21 1 248
21 1 510
21 1 356
21 1 0
22 2 0
22 2 565
22 2 850
22 2 871
22 2 541
22 2 338
22 2 204
22 2 563
22 2 964
22 2 0
22 2 0
22 2 0
23 2 0
23 2 291
23 2 542
23 2 266
23 2 399
23 2 680
23 2 873
23 2 438
23 2 581
23 2 509
23 2 0
23 2 0
23 2 0
24 1 0
24 1 846
24 1 473
24 1 949
24 1 692
24 1 852
24 1 0
24 1 0
24 1 0
25 1 0
25 1 820
25 1 741
25 1 9
25 1 0
25 1 0
25 1 591
25 1 650
25 1 323
25 1 0
26 1 0
26 1 128
26 1 925
26 1 715
26 1 902
26 1 418
26 1 84
26 1 709
26 1 885
26 1 208
26 1 0
26 1 0
26 1 0
26 1 0
27 1 0
27 1 866
27 1 54
27 1 489
27 1 721
27 1 324
27 1 0
27 1 0
27 1 230
27 1 0
28 2 0
28 2 816
28 2 863
28 2 868
28 2 910
28 2 36
28 2 524
28 2 0
28 2 0
28 2 561
28 2 967
28 2 0
29 1 0
29 1 609
29 1 738
29 1 907
29 1 349
29 1 0
30 1 0
30 1 389
30 1 538
30 1 446
30 1 580
30 1 232
30 1 808
30 1 495
30 1 512
30 1 0
30 1 0
30 1 0
31 2 0
31 2 113
31 2 456
31 2 102
31 2 351
31 2 921
31 2 0
31 2 0
31 2 63
31 2 785
31 2 472
31 2 0
31 2 0
31 2 0
32 2 0
32 2 158
32 2 531
32 2 806
32 2 814
32 2 93
32 2 945
32 2 880
32 2 345
32 2 0
33 1 0
33 1 17
33 1 188
33 1 781
33 1 178
33 1 38
33 1 0
33 1 0
33 1 0
34 1 0
34 1 14
34 1 329
34 1 207
34 1 168
34 1 676
34 1 969
34 1 0
35 2 0
35 2 529
35 2 796
35 2 644
35 2 608
35 2 447
35 2 0
35 2 0
35 2 810
35 2 784
35 2 276
35 2 0
36 2 0
36 2 441
36 2 934
36 2 71
36 2 383
36 2 545
36 2 929
36 2 0
36 2 0
36 2 0
37 1 0
37 1 606
37 1 955
37 1 562
37 1 752
37 1 410
37 1 664
37 1 0
37 1 0
37 1 678
37 1 436
37 1 0
38 1 0
38 1 335
38 1 193
38 1 840
38 1 0
39 2 0
39 2 153
39 2 394
39 2 453
39 2 88
39 2 578
39 2 0
39 2 0
39 2 171
39 2 508
39 2 0
40 2 0
40 2 603
40 2 666
40 2 803
40 2 513
40 2 906
40 2 44
40 2 0
40 2 0
40 2 0
41 1 0
41 1 133
41 1 707
41 1 106
41 1 64
41 1 923
41 1 0
41 1 0
41 1 0
42 1 0
42 1 279
42 1 611
42 1 647
42 1 255
42 1 86
42 1 0
42 1 0
42 1 0
43 2 0
43 2 837
43 2 909
43 2 971
43 2 965
43 2 0
44 1 0
44 1 791
44 1 940
44 1 314
44 1 259
44 1 0
45 2 0
45 2 45
45 2 809
45 2 930
45 2 771
45 2 492
45 2 977
45 2 396
45 2 685
45 2 0
45 2 0
45 2 0
46 2 0
46 2 336
46 2 369
46 2 426
46 2 0
46 2 0
46 2 677
46 2 181
46 2 191
46 2 125
46 2 0
47 1 0
47 1 817
47 1 751
47 1 0
47 1 0
47 1 435
47 1 160
47 1 835
47 1 490
47 1 471
47 1 0
47 1 0
47 1 0
48 2 0
48 2 679
48 2 753
48 2 838
48 2 342
48 2 0
49 2 0
49 2 518
49 2 497
49 2 610
49 2 574
49 2 419
49 2 150
49 2 621
49 2 0
49 2 0
49 2 148
49 2 0
50 2 0
50 2 455
50 2 724
50 2 0
50 2 0
50 2 0
51 2 0
51 2 576
51 2 0
51 2 0
51 2 0
52 2 0
52 2 550
52 2 74
52 2 0
52 2 0
52 2 0
53 1 0
53 1 980
53 1 289
53 1 675
53 1 0
53 1 0
53 1 0
54 2 0
54 2 199
54 2 157
54 2 485
54 2 290
54 2 648
54 2 861
54 2 0
54 2 0
54 2 0
55 2 0
55 2 352
55 2 970
55 2 734
55 2 0
56 1 0
56 1 41
56 1 417
56 1 918
56 1 0
56 1 0
56 1 0
57 1 0
57 1 292
57 1 0
57 1 0
57 1 200
57 1 136
57 1 779
57 1 0
57 1 0
57 1 0
58 2 0
58 2 699
58 2 996
58 2 870
58 2 272
58 2 0
58 2 0
58 2 398
58 2 80
58 2 494
58 2 287
58 2 0
59 2 0
59 2 646
59 2 334
59 2 938
59 2 755
59 2 997
59 2 0
59 2 0
59 2 876
59 2 0
60 1 0
60 1 340
60 1 794
60 1 0
60 1 0
60 1 163
60 1 604
60 1 516
60 1 0
61 1 0
61 1 989
61 1 233
61 1 134
61 1 0
61 1 0
61 1 166
61 1 434
61 1 0
61 1 0
61 1 0
62 2 0
62 2 392
62 2 273
62 2 735
62 2 628
62 2 937
62 2 761
62 2 758
62 2 0
62 2 0
62 2 0
63 2 0
63 2 275
63 2 310
63 2 973
63 2 118
63 2 0
63 2 0
63 2 11
63 2 0
64 2 0
64 2 673
64 2 887
64 2 891
64 2 571
64 2 883
64 2 942
64 2 265
64 2 727
64 2 0
64 2 0
64 2 0
65 1 0
65 1 511
65 1 777
65 1 663
65 1 0
65 1 0
65 1 151
65 1 480
65 1 119
65 1 28
65 1 0
66 1 0
66 1 943
66 1 941
66 1 413
66 1 214
66 1 0
66 1 0
66 1 568
66 1 135
66 1 309
66 1 0
67 1 0
67 1 686
67 1 175
67 1 376
67 1 601
67 1 0
67 1 0
67 1 0
68 1 0
68 1 321
68 1 655
68 1 0
68 1 0
68 1 748
68 1 936
68 1 630
68 1 0
68 1 0
68 1 0
69 2 0
69 2 186
69 2 894
69 2 172
69 2 595
69 2 211
69 2 0
70 1 0
70 1 756
70 1 420
70 1 998
70 1 554
70 1 79
70 1 586
70 1 904
70 1 624
70 1 0
70 1 0
70 1 0
70 1 0
71 2 0
71 2 854
71 2 59
71 2 659
71 2 173
71 2 848
71 2 750
71 2 0
71 2 0
71 2 0
72 2 0
72 2 430
72 2 764
72 2 730
72 2 0
72 2 0
72 2 694
72 2 481
72 2 27
72 2 0
73 1 0
73 1 328
73 1 126
73 1 683
73 1 0
73 1 0
73 1 0
74 2 0
74 2 183
74 2 393
74 2 457
74 2 960
74 2 536
74 2 0
75 2 0
75 2 226
75 2 656
75 2 672
75 2 824
75 2 0
75 2 0
75 2 0
76 1 0
76 1 411
76 1 0
77 2 0
77 2 757
77 2 776
77 2 668
77 2 0
78 2 0
78 2 18
78 2 458
78 2 792
78 2 613
78 2 187
78 2 0
78 2 0
78 2 95
78 2 311
78 2 0
79 2 0
79 2 564
79 2 695
79 2 657
79 2 0
79 2 0
79 2 177
79 2 701
79 2 515
79 2 847
79 2 0
80 2 0
80 2 425
80 2 15
80 2 432
80 2 34
80 2 339
80 2 928
80 2 0
80 2 0
81 2 0
81 2 30
81 2 805
81 2 466
81 2 484
81 2 948
81 2 587
81 2 0
82 1 0
82 1 404
82 1 0
82 1 0
82 1 0
83 2 0
83 2 718
83 2 0
83 2 0
83 2 0
84 1 0
84 1 557
84 1 812
84 1 0
85 1 0
85 1 366
85 1 81
85 1 778
85 1 0
85 1 0
85 1 330
85 1 0
86 2 0
86 2 697
86 2 797
86 2 25
86 2 582
86 2 726
86 2 201
86 2 0
86 2 0
86 2 24
86 2 0
87 2 0
87 2 640
87 2 788
87 2 196
87 2 448
87 2 653
87 2 0
87 2 0
87 2 130
87 2 669
87 2 857
87 2 0
88 2 0
88 2 167
88 2 782
88 2 596
88 2 819
88 2 0
88 2 0
88 2 705
88 2 91
88 2 23
88 2 607
88 2 0
89 1 0
89 1 999
89 1 622
89 1 332
89 1 488
89 1 995
89 1 0
89 1 0
89 1 0
89 1 0
90 1 0
90 1 429
90 1 927
90 1 318
90 1 0
90 1 0
90 1 944
90 1 558
90 1 983
90 1 0
91 1 0
91 1 85
91 1 800
91 1 493
91 1 465
91 1 881
91 1 0
91 1 0
91 1 0
92 1 0
92 1 282
92 1 341
92 1 0
92 1 0
92 1 877
92 1 298
92 1 0
93 2 0
93 2 31
93 2 849
93 2 660
93 2 402
93 2 875
93 2 122
93 2 905
93 2 890
93 2 579
93 2 0
93 2 0
94 1 0
94 1 662
94 1 619
94 1 895
94 1 0
94 1 0
95 1 0
95 1 746
95 1 988
95 1 842
95 1 0
96 1 0
96 1 247
96 1 908
96 1 728
96 1 498
96 1 0
96 1 0
96 1 0
96 1 479
96 1 0
96 1 0
96 1 0
97 1 0
97 1 874
97 1 828
97 1 555
97 1 0
97 1 0
97 1 661
97 1 0
97 1 0
97 1 0
98 2 0
98 2 991
98 2 627
98 2 703
98 2 144
98 2 951
98 2 0
98 2 0
98 2 47
98 2 789
98 2 0
99 2 0
99 2 97
99 2 467
99 2 82
99 2 0
99 2 0
99 2 0
100 1 0
100 1 365
100 1 414
100 1 0
100 1 0
100 1 0
101 1 0
101 1 830
101 1 862
101 1 364
101 1 0
101 1 0
101 1 218
101 1 140
101 1 526
101 1 0
101 1 0
102 1 0
102 1 149
102 1 534
102 1 634
102 1 825
102 1 0
102 1 0
102 1 0
102 1 496
102 1 0
102 1 0
102 1 0
103 2 0
103 2 294
103 2 950
103 2 10
103 2 406
103 2 0
103 2 0
103 2 0
104 2 0
104 2 642
104 2 190
104 2 615
104 2 327
104 2 617
104 2 503
104 2 0
105 1 0
105 1 78
105 1 245
105 1 823
105 1 505
105 1 0
105 1 0
105 1 0
105 1 0
106 1 0
106 1 546
106 1 706
106 1 83
106 1 0
106 1 0
107 2 0
107 2 445
107 2 387
107 2 523
107 2 0
107 2 0
107 2 0
108 1 0
108 1 665
108 1 559
108 1 522
108 1 331
108 1 326
108 1 373
108 1 0
108 1 0
108 1 0
108 1 0
109 1 0
109 1 898
109 1 182
109 1 0
110 1 0
110 1 251
110 1 773
110 1 98
110 1 635
110 1 0
110 1 0
110 1 0
110 1 530
110 1 0
111 2 0
111 2 720
111 2 986
111 2 464
111 2 0
111 2 0
111 2 367
111 2 301
111 2 786
111 2 0
111 2 0
111 2 0
112 2 0
112 2 313
112 2 903
112 2 502
112 2 303
112 2 450
112 2 959
112 2 308
112 2 49
112 2 0
112 2 0
112 2 0
112 2 0
113 2 0
113 2 719
113 2 839
113 2 966
113 2 859
113 2 6
113 2 912
113 2 104
113 2 461
113 2 346
113 2 0
113 2 0
114 2 0
114 2 109
114 2 853
114 2 972
114 2 316
114 2 978
114 2 0
114 2 0
114 2 221
114 2 0
115 1 0
115 1 712
115 1 240
115 1 0
115 1 0
115 1 94
115 1 0
115 1 0
115 1 0
116 2 0
116 2 142
116 2 320
116 2 460
116 2 725
116 2 0
116 2 0
116 2 818
116 2 0
116 2 0
116 2 0
117 2 0
117 2 296
117 2 145
117 2 917
117 2 0
117 2 0
117 2 994
117 2 626
117 2 0
117 2 0
117 2 0
118 1 0
118 1 271
118 1 827
118 1 156
118 1 73
118 1 548
118 1 53
118 1 0
118 1 0
118 1 0
118 1 0
119 2 0
119 2 976
119 2 832
119 2 0
119 2 0
119 2 920
119 2 772
119 2 0
120 1 0
120 1 385
120 1 35
120 1 253
120 1 760
120 1 834
120 1 381
120 1 0
120 1 0
120 1 0
120 1 0
121 2 0
121 2 407
121 2 740
121 2 0
122 2 0
122 2 348
122 2 325
122 2 176
122 2 5
122 2 1000
122 2 0
122 2 0
122 2 0
123 1 0
123 1 42
123 1 698
123 1 263
123 1 651
123 1 297
123 1 845
123 1 829
123 1 0
123 1 0
123 1 0
123 1 0
124 1 0
124 1 811
124 1 317
124 1 0
124 1 0
124 1 0
125 1 0
125 1 32
125 1 60
125 1 433
125 1 491
125 1 299
125 1 882
125 1 0
125 1 0
126 1 0
126 1 670
126 1 914
126 1 123
126 1 0
126 1 0
127 2 0
127 2 409
127 2 743
127 2 860
127 2 723
127 2 236
127 2 46
127 2 382
127 2 90
127 2 146
127 2 0
127 2 0
127 2 0
127 2 0
128 2 0
128 2 69
128 2 569
128 2 305
128 2 68
128 2 0
129 2 0
129 2 744
129 2 625
129 2 981
129 2 507
129 2 649
129 2 378
129 2 599
129 2 0
129 2 0
129 2 0
129 2 0
130 1 0
130 1 638
130 1 556
130 1 0
130 1 0
130 1 0
131 2 0
131 2 384
131 2 238
131 2 416
131 2 900
131 2 667
131 2 0
131 2 0
131 2 0
131 2 0
132 2 0
132 2 127
132 2 222
132 2 0
132 2 0
132 2 0
133 1 0
133 1 573
133 1 924
133 1 0
133 1 0
133 1 412
133 1 55
133 1 252
133 1 915
133 1 0
133 1 0
134 2 0
134 2 514
134 2 916
134 2 162
134 2 691
134 2 962
134 2 633
134 2 984
134 2 795
134 2 0
134 2 0
134 2 0
134 2 0
135 1 0
135 1 681
135 1 598
135 1 116
135 1 0
135 1 0
135 1 0
135 1 0
136 2 0
136 2 722
136 2 61
136 2 733
136 2 636
136 2 632
136 2 0
136 2 0
136 2 0
136 2 0
137 2 0
137 2 765
137 2 913
137 2 87
137 2 0
137 2 0
137 2 0
138 2 0
138 2 982
138 2 953
138 2 357
138 2 56
138 2 739
138 2 0
138 2 0
138 2 0
138 2 0
139 2 0
139 2 374
139 2 770
139 2 137
139 2 872
139 2 377
139 2 0
139 2 0
139 2 0
139 2 0
140 2 0
140 2 22
140 2 884
140 2 867
140 2 618
140 2 0
140 2 0
140 2 588
140 2 415
140 2 0
141 2 0
141 2 277
141 2 690
141 2 560
141 2 858
141 2 0
141 2 0
142 1 0
142 1 202
142 1 372
142 1 0
142 1 0
142 1 0
143 2 0
143 2 566
143 2 0
143 2 0
143 2 195
143 2 993
143 2 506
143 2 0
144 1 0
144 1 449
144 1 893
144 1 0
144 1 0
144 1 0
144 1 165
144 1 0
144 1 0
144 1 0
145 1 0
145 1 243
145 1 684
145 1 0
145 1 0
145 1 0
145 1 0
146 1 0
146 1 184
146 1 194
146 1 747
146 1 0
146 1 0
146 1 0
146 1 0
147 1 0
147 1 224
147 1 129
147 1 227
147 1 117
147 1 0
147 1 0
147 1 0
147 1 0
148 2 0
148 2 643
148 2 674
148 2 597
148 2 623
148 2 286
148 2 0
148 2 0
148 2 0
148 2 0
149 2 0
149 2 370
149 2 244
149 2 946
149 2 353
149 2 361
149 2 0
149 2 0
149 2 0
149 2 0
150 1 0
150 1 0
151 2 0
151 2 745
151 2 0
151 2 0
151 2 362
151 2 386
151 2 0
152 1 0
152 1 198
152 1 901
152 1 159
152 1 671
152 1 105
152 1 629
152 1 0
152 1 0
152 1 0
152 1 0
153 2 0
153 2 155
153 2 267
153 2 0
153 2 0
153 2 112
153 2 0
154 1 0
154 1 131
154 1 249
154 1 517
154 1 0
154 1 0
154 1 0
154 1 451
154 1 0
155 2 0
155 2 368
155 2 174
155 2 769
155 2 533
155 2 963
155 2 443
155 2 427
155 2 0
155 2 0
155 2 0
155 2 0
156 2 0
156 2 120
156 2 21
156 2 851
156 2 931
156 2 358
156 2 696
156 2 0
156 2 0
156 2 0
156 2 0
157 2 0
157 2 482
157 2 379
157 2 768
157 2 350
157 2 0
157 2 0
157 2 0
157 2 0
158 1 0
158 1 268
158 1 197
158 1 241
158 1 552
158 1 0
158 1 0
158 1 0
158 1 0
159 1 0
159 1 210
159 1 878
159 1 206
159 1 879
159 1 836
159 1 585
159 1 0
159 1 0
159 1 0
159 1 0
160 2 0
160 2 333
160 2 363
160 2 892
160 2 139
160 2 138
160 2 375
160 2 0
160 2 0
161 2 0
161 2 72
161 2 961
161 2 639
161 2 0
161 2 0
162 2 0
162 2 737
162 2 704
162 2 75
162 2 0
162 2 0
163 2 0
163 2 322
163 2 979
163 2 499
163 2 0
163 2 0
164 1 0
164 1 242
164 1 169
164 1 0
164 1 0
164 1 0
164 1 0
165 1 0
165 1 103
165 1 631
165 1 52
165 1 343
165 1 1
165 1 0
165 1 0
165 1 0
165 1 0
166 1 0
166 1 100
166 1 347
166 1 926
166 1 519
166 1 0
166 1 0
166 1 0
166 1 0
167 1 0
167 1 209
167 1 96
167 1 76
167 1 0
167 1 0
168 2 0
168 2 256
168 2 215
168 2 567
168 2 528
168 2 228
168 2 0
168 2 0
168 2 0
168 2 0
169 1 0
169 1 549
169 1 687
169 1 833
169 1 537
169 1 0
169 1 0
169 1 0
169 1 0
170 1 0
170 1 486
170 1 3
170 1 896
170 1 547
170 1 231
170 1 0
170 1 0
170 1 0
170 1 0
171 2 0
171 2 483
171 2 575
171 2 933
171 2 637
171 2 0
171 2 0
171 2 0
171 2 295
171 2 0
172 1 0
172 1 115
172 1 821
172 1 452
172 1 62
172 1 121
172 1 285
172 1 0
172 1 0
172 1 0
172 1 0
173 1 0
173 1 711
173 1 0
173 1 0
173 1 0
173 1 0
174 1 0
174 1 344
174 1 65
174 1 787
174 1 431
174 1 0
174 1 0
175 1 0
175 1 713
175 1 774
175 1 315
175 1 0
175 1 0
176 1 0
176 1 952
176 1 0
176 1 0
176 1 0
176 1 0
177 1 0
177 1 403
177 1 302
177 1 48
177 1 658
177 1 0
177 1 0
177 1 0
177 1 66
177 1 0
178 1 0
178 1 203
178 1 405
178 1 390
178 1 239
178 1 583
178 1 0
178 1 0
178 1 0
178 1 0
179 1 0
179 1 261
179 1 886
179 1 766
179 1 0
179 1 0
179 1 0
179 1 280
179 1 594
179 1 0
179 1 0
179 1 0
179 1 0
180 1 0
180 1 20
180 1 132
180 1 444
180 1 147
180 1 0
180 1 0
180 1 0
180 1 43
180 1 0
181 2 0
181 2 111
181 2 804
181 2 0
181 2 0
181 2 0
181 2 864
181 2 110
181 2 0
181 2 0
182 2 0
182 2 422
182 2 312
182 2 225
182 2 620
182 2 0
182 2 0
183 1 0
183 1 258
183 1 968
183 1 729
183 1 0
183 1 0
183 1 0
183 1 108
183 1 439
183 1 0
183 1 0
184 2 0
184 2 70
184 2 67
184 2 540
184 2 935
184 2 337
184 2 300
184 2 0
184 2 0
184 2 0
184 2 0
185 1 0
185 1 16
185 1 388
185 1 736
185 1 702
185 1 0
185 1 0
185 1 0
185 1 0
186 2 0
186 2 592
186 2 775
186 2 213
186 2 192
186 2 762
186 2 469
186 2 0
186 2 0
186 2 0
186 2 0
187 2 0
187 2 355
187 2 306
187 2 39
187 2 889
187 2 572
187 2 235
187 2 0
187 2 0
187 2 0
187 2 0
188 1 0
188 1 234
188 1 956
188 1 987
188 1 0
188 1 0
188 1 0
188 1 260
188 1 0
188 1 0
189 2 0
189 2 487
189 2 500
189 2 958
189 2 51
189 2 19
189 2 527
189 2 0
189 2 0
189 2 0
189 2 0
190 2 0
190 2 262
190 2 780
190 2 50
190 2 0
190 2 0
190 2 0
190 2 822
190 2 0
190 2 0
190 2 0
190 2 0
191 2 0
191 2 589
191 2 26
191 2 278
191 2 0
191 2 0
191 2 0
191 2 0
192 1 0
192 1 614
192 1 731
192 1 584
192 1 0
192 1 0
193 1 0
193 1 551
193 1 957
193 1 77
193 1 0
193 1 0
194 1 0
194 1 888
194 1 0
194 1 0
194 1 0
194 1 0
195 2 0
195 2 688
195 2 179
195 2 985
195 2 421
195 2 0
195 2 0
195 2 0
195 2 0
196 1 0
196 1 143
196 1 474
196 1 359
196 1 0
196 1 0
196 1 0
196 1 0
197 1 0
197 1 521
197 1 869
197 1 708
197 1 0
197 1 0
198 2 0
198 2 424
198 2 395
198 2 371
198 2 0
198 2 0
198 2 0
198 2 0
199 2 0
199 2 185
199 2 274
199 2 0
199 2 0
200 2 0
200 2 270
200 2 219
200 2 0
200 2 0
201 2 0
201 2 152
201 2 12
201 2 0
201 2 0
202 1 0
202 1 89
202 1 0
203 2 0
203 2 33
203 2 0
204 2 0
204 2 29
204 2 0
205 1 0
205 1 13
205 1 0
205 1 0
206 1 0
206 1 2
206 1 0
