total cost: 339559
1 2 0
1 2 553
1 2 288
1 2 767
1 2 0
1 2 0
1 2 307
1 2 793
1 2 0
1 2 0
1 2 141
1 2 0
2 1 0
2 1 220
2 1 802
2 1 577
2 1 254
2 1 0
2 1 0
2 1 180
2 1 257
2 1 932
2 1 0
3 1 0
3 1 616
3 1 161
3 1 652
3 1 0
3 1 0
3 1 0
4 1 0
4 1 954
4 1 654
4 1 520
4 1 0
5 2 0
5 2 463
5 2 539
5 2 459
5 2 693
5 2 454
5 2 0
5 2 0
5 2 790
5 2 0
5 2 0
5 2 0
6 1 0
6 1 408
6 1 801
6 1 754
6 1 593
6 1 475
6 1 510
6 1 356
6 1 0
7 1 0
7 1 645
7 1 865
7 1 189
7 1 442
7 1 92
7 1 0
7 1 0
7 1 612
7 1 0
8 1 0
8 1 605
8 1 974
8 1 401
8 1 229
8 1 0
9 2 0
9 2 57
9 2 281
9 2 843
9 2 170
9 2 749
9 2 689
9 2 525
9 2 476
9 2 0
10 1 0
10 1 856
10 1 4
10 1 501
10 1 250
10 1 911
10 1 468
10 1 700
10 1 0
10 1 0
10 1 230
10 1 0
11 2 0
11 2 354
11 2 154
11 2 0
11 2 0
11 2 319
11 2 8
11 2 0
12 2 0
12 2 164
12 2 717
12 2 532
12 2 423
12 2 0
13 2 0
13 2 37
13 2 389
13 2 855
13 2 808
13 2 512
13 2 397
13 2 212
13 2 0
14 2 0
14 2 124
14 2 919
14 2 799
14 2 148
14 2 0
15 1 0
15 1 462
15 1 813
15 1 478
15 1 0
15 1 0
15 1 591
15 1 504
15 1 0
16 2 0
16 2 947
16 2 716
16 2 400
16 2 380
16 2 798
16 2 641
16 2 742
16 2 0
17 2 0
17 2 763
17 2 831
17 2 602
17 2 284
17 2 759
17 2 0
17 2 0
17 2 561
17 2 535
17 2 0
18 2 0
18 2 710
18 2 440
18 2 216
18 2 650
18 2 95
18 2 323
18 2 178
18 2 0
19 2 0
19 2 544
19 2 64
19 2 304
19 2 205
19 2 114
19 2 0
20 1 0
20 1 391
20 1 94
20 1 732
20 1 600
20 1 0
20 1 0
20 1 0
21 1 0
21 1 714
21 1 248
21 1 0
22 2 0
22 2 841
22 2 7
22 2 101
22 2 543
22 2 437
22 2 992
22 2 923
22 2 436
22 2 0
22 2 0
22 2 0
23 2 0
23 2 570
23 2 975
23 2 810
23 2 276
23 2 0
23 2 0
23 2 0
24 1 0
24 1 565
24 1 871
24 1 850
24 1 58
24 1 0
24 1 0
24 1 283
24 1 590
24 1 269
24 1 0
25 1 0
25 1 899
25 1 237
25 1 541
25 1 158
25 1 338
25 1 0
25 1 0
25 1 352
25 1 678
25 1 967
25 1 0
26 1 0
26 1 428
26 1 820
26 1 128
26 1 0
26 1 0
26 1 43
26 1 0
27 1 0
27 1 473
27 1 738
27 1 609
27 1 863
27 1 0
27 1 0
27 1 107
27 1 0
28 2 0
28 2 291
28 2 542
28 2 707
28 2 246
28 2 40
28 2 360
28 2 990
28 2 223
28 2 0
28 2 0
28 2 0
29 2 0
29 2 866
29 2 9
29 2 741
29 2 721
29 2 0
30 2 0
30 2 682
30 2 922
30 2 531
30 2 217
30 2 470
30 2 783
30 2 815
30 2 508
30 2 0
31 1 0
31 1 846
31 1 335
31 1 807
31 1 0
32 2 0
32 2 816
32 2 113
32 2 910
32 2 524
32 2 63
32 2 279
32 2 99
32 2 550
32 2 784
32 2 964
32 2 0
33 1 0
33 1 54
33 1 925
33 1 418
33 1 902
33 1 84
33 1 885
33 1 398
33 1 208
33 1 0
34 1 0
34 1 14
34 1 538
34 1 446
34 1 495
34 1 949
34 1 692
34 1 852
34 1 0
35 1 0
35 1 868
35 1 603
35 1 796
35 1 0
36 1 0
36 1 826
36 1 106
36 1 897
36 1 345
36 1 0
36 1 0
36 1 0
37 2 0
37 2 939
37 2 36
37 2 264
37 2 204
37 2 940
37 2 314
37 2 125
37 2 0
37 2 0
37 2 0
38 2 0
38 2 907
38 2 349
38 2 0
38 2 0
38 2 293
38 2 513
38 2 906
38 2 0
39 1 0
39 1 529
39 1 0
40 1 0
40 1 606
40 1 955
40 1 562
40 1 266
40 1 399
40 1 680
40 1 873
40 1 844
40 1 438
40 1 0
40 1 0
40 1 0
40 1 0
41 2 0
41 2 153
41 2 394
41 2 580
41 2 666
41 2 207
41 2 676
41 2 168
41 2 803
41 2 0
41 2 0
41 2 0
42 1 0
42 1 441
42 1 644
42 1 0
43 2 0
43 2 715
43 2 188
43 2 781
43 2 425
43 2 776
43 2 668
43 2 0
44 2 0
44 2 17
44 2 511
44 2 292
44 2 38
44 2 0
44 2 0
44 2 477
44 2 0
45 2 0
45 2 489
45 2 133
45 2 752
45 2 664
45 2 0
45 2 0
45 2 0
46 2 0
46 2 232
46 2 969
46 2 44
46 2 516
46 2 0
47 2 0
47 2 791
47 2 945
47 2 191
47 2 259
47 2 0
48 2 0
48 2 785
48 2 472
48 2 679
48 2 0
49 2 0
49 2 837
49 2 909
49 2 0
50 2 0
50 2 677
50 2 880
50 2 136
50 2 0
51 2 0
51 2 563
51 2 181
51 2 417
51 2 918
51 2 309
51 2 0
51 2 0
51 2 0
52 1 0
52 1 456
52 1 102
52 1 351
52 1 0
52 1 0
52 1 255
52 1 980
52 1 74
52 1 724
52 1 0
53 2 0
53 2 921
53 2 876
53 2 753
53 2 0
54 2 0
54 2 45
54 2 809
54 2 430
54 2 328
54 2 977
54 2 396
54 2 685
54 2 936
54 2 581
54 2 0
54 2 0
54 2 0
55 2 0
55 2 336
55 2 369
55 2 854
55 2 426
55 2 0
55 2 0
55 2 171
55 2 200
55 2 0
56 1 0
56 1 817
56 1 157
56 1 199
56 1 324
56 1 0
56 1 0
56 1 0
57 1 0
57 1 806
57 1 814
57 1 93
57 1 41
57 1 568
57 1 135
57 1 289
57 1 0
58 1 0
58 1 0
59 1 0
59 1 0
60 1 0
60 1 0
61 2 0
61 2 608
61 2 447
61 2 705
61 2 0
61 2 0
61 2 0
62 2 0
62 2 518
62 2 497
62 2 404
62 2 642
62 2 0
62 2 0
62 2 435
62 2 835
62 2 0
63 2 0
63 2 611
63 2 647
63 2 130
63 2 576
63 2 0
63 2 0
63 2 0
64 2 0
64 2 455
64 2 0
64 2 0
64 2 86
64 2 0
65 1 0
65 1 648
65 1 290
65 1 151
65 1 970
65 1 0
65 1 0
65 1 0
66 1 0
66 1 699
66 1 996
66 1 697
66 1 81
66 1 628
66 1 937
66 1 211
66 1 0
66 1 0
67 1 0
67 1 340
67 1 756
67 1 686
67 1 0
67 1 0
67 1 163
67 1 545
67 1 0
68 1 0
68 1 646
68 1 392
68 1 366
68 1 0
68 1 0
68 1 160
68 1 183
68 1 490
68 1 471
68 1 0
69 1 0
69 1 989
69 1 751
69 1 673
69 1 485
69 1 0
69 1 0
69 1 166
69 1 11
69 1 27
69 1 434
69 1 0
70 1 0
70 1 410
70 1 943
70 1 310
70 1 941
70 1 0
70 1 0
70 1 47
70 1 604
70 1 383
70 1 0
71 1 0
71 1 321
71 1 233
71 1 701
71 1 177
71 1 494
71 1 0
72 2 0
72 2 275
72 2 771
72 2 509
72 2 630
72 2 0
73 1 0
73 1 748
73 1 481
73 1 0
74 2 0
74 2 186
74 2 948
74 2 0
75 2 0
75 2 971
75 2 965
75 2 734
75 2 480
75 2 28
75 2 0
76 2 0
76 2 150
76 2 944
76 2 669
76 2 857
76 2 0
77 2 0
77 2 794
77 2 134
77 2 175
77 2 376
77 2 601
77 2 140
77 2 515
77 2 847
77 2 0
77 2 0
77 2 0
78 2 0
78 2 193
78 2 840
78 2 929
78 2 91
78 2 0
78 2 0
78 2 0
79 1 0
79 1 0
80 1 0
80 1 0
81 2 0
81 2 718
81 2 0
81 2 0
81 2 0
82 1 0
82 1 226
82 1 887
82 1 0
82 1 0
82 1 694
82 1 0
83 2 0
83 2 411
83 2 574
83 2 419
83 2 976
83 2 0
84 1 0
84 1 960
84 1 24
84 1 0
85 1 0
85 1 610
85 1 894
85 1 660
85 1 25
85 1 726
85 1 706
85 1 983
85 1 0
85 1 0
86 2 0
86 2 709
86 2 757
86 2 0
87 1 0
87 1 930
87 1 764
87 1 492
87 1 413
87 1 479
87 1 0
87 1 0
87 1 0
88 2 0
88 2 18
88 2 341
88 2 891
88 2 0
88 2 0
88 2 33
88 2 675
88 2 779
88 2 0
89 1 0
89 1 564
89 1 695
89 1 0
90 1 0
90 1 329
90 1 453
90 1 991
90 1 88
90 1 78
90 1 71
90 1 0
90 1 0
90 1 0
91 1 0
91 1 273
91 1 746
91 1 429
91 1 735
91 1 172
91 1 761
91 1 0
91 1 0
91 1 0
92 2 0
92 2 934
92 2 578
92 2 365
92 2 23
92 2 0
92 2 0
92 2 0
93 1 0
93 1 30
93 1 805
93 1 466
93 1 595
93 1 758
93 1 587
93 1 0
94 1 0
94 1 861
94 1 393
94 1 457
94 1 119
94 1 0
95 2 0
95 2 80
95 2 311
95 2 0
95 2 0
95 2 0
96 2 0
96 2 973
96 2 118
96 2 672
96 2 0
96 2 0
96 2 0
97 2 0
97 2 85
97 2 800
97 2 493
97 2 778
97 2 881
97 2 298
97 2 0
97 2 0
97 2 0
98 1 0
98 1 640
98 1 777
98 1 0
98 1 0
98 1 557
98 1 0
99 2 0
99 2 334
99 2 938
99 2 755
99 2 997
99 2 97
99 2 465
99 2 0
99 2 0
99 2 0
100 2 0
100 2 167
100 2 782
100 2 294
100 2 842
100 2 877
100 2 0
101 2 0
101 2 59
101 2 173
101 2 848
101 2 838
101 2 342
101 2 607
101 2 0
102 2 0
102 2 870
102 2 272
102 2 0
102 2 0
102 2 586
102 2 79
102 2 904
102 2 812
102 2 287
102 2 0
102 2 0
102 2 0
103 1 0
103 1 999
103 1 719
103 1 622
103 1 573
103 1 883
103 1 942
103 1 994
103 1 824
103 1 265
103 1 0
103 1 0
103 1 0
103 1 0
104 1 0
104 1 797
104 1 988
104 1 927
104 1 318
104 1 0
104 1 0
104 1 661
104 1 182
104 1 0
105 1 0
105 1 31
105 1 849
105 1 582
105 1 402
105 1 83
105 1 415
105 1 201
105 1 0
105 1 0
106 2 0
106 2 282
106 2 819
106 2 730
106 2 0
106 2 0
106 2 330
106 2 0
107 2 0
107 2 663
107 2 554
107 2 218
107 2 0
108 1 0
108 1 484
108 1 0
109 2 0
109 2 656
109 2 727
109 2 0
109 2 0
109 2 0
110 2 0
110 2 621
110 2 951
110 2 659
110 2 0
110 2 0
110 2 0
111 2 0
111 2 247
111 2 908
111 2 144
111 2 245
111 2 414
111 2 789
111 2 0
112 1 0
112 1 874
112 1 828
112 1 0
112 1 0
112 1 662
112 1 558
112 1 0
113 2 0
113 2 655
113 2 712
113 2 653
113 2 0
113 2 0
113 2 496
113 2 301
113 2 0
114 1 0
114 1 458
114 1 534
114 1 792
114 1 613
114 1 488
114 1 187
114 1 0
114 1 0
114 1 0
114 1 0
115 1 0
115 1 0
116 2 0
116 2 657
116 2 0
116 2 0
116 2 546
116 2 750
116 2 0
117 2 0
117 2 830
117 2 596
117 2 683
117 2 0
117 2 0
117 2 66
117 2 0
118 2 0
118 2 149
118 2 332
118 2 142
118 2 320
118 2 0
118 2 0
118 2 367
118 2 127
118 2 626
118 2 0
118 2 0
118 2 0
119 2 0
119 2 420
119 2 998
119 2 559
119 2 555
119 2 34
119 2 432
119 2 339
119 2 928
119 2 0
119 2 0
120 1 0
120 1 126
120 1 0
120 1 0
120 1 445
120 1 920
120 1 638
120 1 772
120 1 0
120 1 0
120 1 0
120 1 0
121 2 0
121 2 665
121 2 249
121 2 522
121 2 499
121 2 979
121 2 0
121 2 0
121 2 0
121 2 0
122 1 0
122 1 10
122 1 82
122 1 0
122 1 0
122 1 0
123 2 0
123 2 898
123 2 0
124 1 0
124 1 214
124 1 0
124 1 0
124 1 530
124 1 165
124 1 0
125 2 0
125 2 251
125 2 720
125 2 346
125 2 461
125 2 90
125 2 0
126 1 0
126 1 703
126 1 627
126 1 221
126 1 0
127 2 0
127 2 950
127 2 467
127 2 382
127 2 46
127 2 104
127 2 0
128 1 0
128 1 313
128 1 903
128 1 0
128 1 0
128 1 190
128 1 0
129 1 0
129 1 109
129 1 853
129 1 387
129 1 0
129 1 0
129 1 571
129 1 406
129 1 202
129 1 0
129 1 0
129 1 0
130 1 0
130 1 296
130 1 0
130 1 0
130 1 818
130 1 0
130 1 0
130 1 0
131 2 0
131 2 862
131 2 744
131 2 145
131 2 839
131 2 60
131 2 6
131 2 89
131 2 0
131 2 0
132 1 0
132 1 502
132 1 986
132 1 98
132 1 0
132 1 0
132 1 0
132 1 536
132 1 0
133 1 0
133 1 364
133 1 743
133 1 860
133 1 723
133 1 236
133 1 0
133 1 0
133 1 0
133 1 0
134 1 0
134 1 271
134 1 53
134 1 619
134 1 895
134 1 0
134 1 0
134 1 0
134 1 0
135 2 0
135 2 407
135 2 827
135 2 156
135 2 823
135 2 548
135 2 503
135 2 381
135 2 617
135 2 0
135 2 0
135 2 0
135 2 0
136 1 0
136 1 385
136 1 832
136 1 253
136 1 615
136 1 0
136 1 0
136 1 0
136 1 0
137 1 0
137 1 523
137 1 348
137 1 1000
137 1 913
137 1 0
137 1 0
137 1 0
137 1 0
138 2 0
138 2 634
138 2 825
138 2 972
138 2 978
138 2 325
138 2 0
138 2 0
138 2 505
138 2 0
139 1 0
139 1 42
139 1 327
139 1 357
139 1 498
139 1 0
139 1 0
140 2 0
140 2 240
140 2 15
140 2 624
140 2 526
140 2 0
141 1 0
141 1 875
141 1 122
141 1 905
141 1 890
141 1 845
141 1 295
141 1 0
141 1 0
142 1 0
142 1 32
142 1 917
142 1 912
142 1 0
143 1 0
143 1 811
143 1 317
143 1 0
143 1 0
143 1 0
144 2 0
144 2 670
144 2 698
144 2 35
144 2 263
144 2 760
144 2 651
144 2 0
144 2 0
145 1 0
145 1 409
145 1 384
145 1 362
145 1 0
145 1 0
146 2 0
146 2 69
146 2 765
146 2 68
146 2 0
147 1 0
147 1 728
147 1 123
147 1 914
147 1 834
147 1 73
147 1 0
147 1 0
147 1 0
147 1 412
147 1 0
148 1 0
148 1 514
148 1 690
148 1 740
148 1 0
148 1 0
148 1 0
148 1 0
149 2 0
149 2 995
149 2 786
149 2 0
149 2 0
149 2 0
150 2 0
150 2 588
150 2 993
150 2 0
150 2 0
150 2 0
151 2 0
151 2 448
151 2 196
151 2 872
151 2 377
151 2 326
151 2 373
151 2 556
151 2 0
151 2 0
151 2 0
151 2 0
152 1 0
152 1 681
152 1 598
152 1 331
152 1 116
152 1 322
152 1 0
152 1 0
153 2 0
153 2 722
153 2 981
153 2 72
153 2 308
153 2 105
153 2 961
153 2 0
153 2 0
154 1 0
154 1 982
154 1 368
154 1 579
154 1 984
154 1 829
154 1 0
154 1 0
155 1 0
155 1 374
155 1 788
155 1 137
155 1 305
155 1 0
155 1 0
156 2 0
156 2 22
156 2 316
156 2 176
156 2 566
156 2 267
156 2 0
156 2 0
156 2 222
156 2 0
156 2 0
156 2 0
157 2 0
157 2 773
157 2 635
157 2 464
157 2 632
157 2 737
157 2 0
157 2 0
157 2 0
157 2 0
158 2 0
158 2 277
158 2 916
158 2 56
158 2 162
158 2 633
158 2 795
158 2 713
158 2 0
158 2 0
159 1 0
159 1 195
159 1 506
159 1 0
160 1 0
160 1 449
160 1 460
160 1 0
160 1 0
160 1 372
160 1 0
160 1 0
160 1 0
161 1 0
161 1 450
161 1 303
161 1 959
161 1 671
161 1 209
161 1 49
161 1 386
161 1 0
161 1 0
162 1 0
162 1 5
162 1 867
162 1 0
162 1 0
162 1 0
162 1 0
163 1 0
163 1 725
163 1 0
164 2 0
164 2 243
164 2 884
164 2 0
164 2 0
164 2 112
164 2 704
164 2 0
165 2 0
165 2 625
165 2 224
165 2 238
165 2 966
165 2 859
165 2 882
165 2 299
165 2 0
165 2 0
165 2 0
165 2 0
166 1 0
166 1 370
166 1 636
166 1 244
166 1 567
166 1 361
166 1 858
166 1 560
166 1 0
166 1 0
167 2 0
167 2 184
167 2 893
167 2 747
167 2 674
167 2 517
167 2 0
167 2 0
167 2 0
167 2 87
167 2 0
167 2 0
167 2 0
168 2 0
168 2 733
168 2 61
168 2 528
168 2 946
168 2 0
168 2 0
168 2 0
168 2 0
169 1 0
169 1 643
169 1 0
169 1 0
169 1 0
170 2 0
170 2 745
170 2 0
170 2 0
170 2 569
170 2 0
171 2 0
171 2 198
171 2 416
171 2 507
171 2 900
171 2 433
171 2 491
171 2 242
171 2 0
171 2 0
171 2 0
171 2 0
172 1 0
172 1 155
172 1 0
172 1 0
172 1 451
172 1 252
172 1 915
172 1 0
172 1 0
173 1 0
173 1 131
173 1 618
173 1 0
173 1 0
173 1 0
173 1 29
173 1 0
174 1 0
174 1 684
174 1 120
174 1 268
174 1 0
174 1 0
174 1 0
174 1 2
174 1 0
175 1 0
175 1 194
175 1 597
175 1 549
175 1 286
175 1 486
175 1 552
175 1 241
175 1 0
175 1 0
175 1 0
175 1 0
176 2 0
176 2 924
176 2 649
176 2 878
176 2 378
176 2 280
176 2 0
176 2 0
176 2 0
176 2 0
177 1 0
177 1 482
177 1 379
177 1 768
177 1 159
177 1 629
177 1 952
177 1 0
177 1 0
177 1 0
177 1 0
178 2 0
178 2 210
178 2 667
178 2 96
178 2 76
178 2 146
178 2 0
178 2 0
179 1 0
179 1 333
179 1 55
179 1 0
179 1 0
180 1 0
180 1 103
180 1 631
180 1 353
180 1 443
180 1 427
180 1 963
180 1 0
180 1 0
180 1 0
180 1 0
181 1 0
181 1 770
181 1 422
181 1 0
181 1 0
181 1 0
181 1 297
181 1 0
181 1 0
182 1 0
182 1 129
182 1 227
182 1 347
182 1 225
182 1 0
182 1 0
182 1 0
182 1 639
182 1 0
182 1 0
183 2 0
183 2 256
183 2 215
183 2 691
183 2 306
183 2 962
183 2 739
183 2 0
183 2 0
183 2 0
183 2 0
184 1 0
184 1 953
184 1 174
184 1 355
184 1 769
184 1 0
184 1 0
184 1 0
184 1 0
185 1 0
185 1 117
185 1 623
185 1 100
185 1 197
185 1 0
185 1 0
186 1 0
186 1 901
186 1 206
186 1 585
186 1 879
186 1 836
186 1 0
186 1 0
186 1 0
186 1 0
187 1 0
187 1 711
187 1 344
187 1 439
187 1 0
187 1 0
188 2 0
188 2 483
188 2 343
188 2 452
188 2 285
188 2 0
188 2 0
189 2 0
189 2 52
189 2 592
189 2 575
189 2 1
189 2 521
189 2 0
189 2 0
190 2 0
190 2 115
190 2 821
190 2 258
190 2 926
190 2 696
190 2 0
190 2 0
190 2 0
190 2 0
191 1 0
191 1 228
191 1 350
191 1 0
191 1 0
191 1 0
191 1 0
192 2 0
192 2 403
192 2 21
192 2 851
192 2 931
192 2 363
192 2 892
192 2 139
192 2 260
192 2 0
192 2 0
193 2 0
193 2 20
193 2 132
193 2 444
193 2 147
193 2 278
193 2 589
193 2 0
193 2 0
193 2 0
193 2 0
194 1 0
194 1 203
194 1 358
194 1 599
194 1 375
194 1 138
194 1 0
194 1 0
194 1 0
194 1 0
195 1 0
195 1 261
195 1 533
195 1 637
195 1 0
195 1 0
195 1 0
195 1 864
195 1 3
195 1 0
195 1 0
196 1 0
196 1 111
196 1 519
196 1 121
196 1 896
196 1 547
196 1 0
196 1 0
196 1 0
196 1 0
197 1 0
197 1 312
197 1 302
197 1 687
197 1 833
197 1 300
197 1 0
197 1 0
197 1 0
197 1 0
198 1 0
198 1 16
198 1 388
198 1 736
198 1 766
198 1 0
198 1 0
198 1 0
198 1 75
198 1 0
198 1 0
199 1 0
199 1 70
199 1 67
199 1 658
199 1 537
199 1 0
199 1 0
199 1 0
199 1 0
200 2 0
200 2 262
200 2 0
200 2 0
200 2 0
200 2 219
200 2 110
200 2 620
200 2 0
200 2 0
201 1 0
201 1 804
201 1 0
201 1 0
201 1 0
201 1 169
201 1 594
201 1 0
201 1 0
202 1 0
202 1 487
202 1 933
202 1 500
202 1 469
202 1 0
202 1 0
202 1 0
202 1 0
203 2 0
203 2 234
203 2 405
203 2 239
203 2 337
203 2 390
203 2 0
203 2 0
203 2 0
203 2 822
203 2 0
203 2 0
204 1 0
204 1 62
204 1 968
204 1 729
204 1 584
204 1 0
204 1 0
205 2 0
205 2 213
205 2 775
205 2 935
205 2 583
205 2 731
205 2 0
205 2 0
205 2 0
205 2 0
206 1 0
206 1 65
206 1 787
206 1 889
206 1 0
206 1 0
206 1 0
206 1 0
207 2 0
207 2 431
207 2 774
207 2 315
207 2 888
207 2 0
207 2 0
208 2 0
208 2 702
208 2 572
208 2 395
208 2 551
208 2 0
208 2 0
209 1 0
209 1 886
209 1 987
209 1 762
209 1 0
209 1 0
209 1 0
209 1 231
209 1 0
209 1 0
210 1 0
210 1 614
210 1 48
210 1 270
210 1 0
210 1 0
210 1 0
210 1 0
211 1 0
211 1 688
211 1 540
211 1 424
211 1 421
211 1 0
211 1 0
211 1 0
211 1 0
212 2 0
212 2 143
212 2 26
212 2 39
212 2 359
212 2 235
212 2 957
212 2 869
212 2 0
212 2 0
213 2 0
213 2 185
213 2 958
213 2 985
213 2 51
213 2 708
213 2 274
213 2 0
213 2 0
213 2 0
213 2 0
214 2 0
214 2 780
214 2 192
214 2 50
214 2 527
214 2 77
214 2 0
214 2 0
215 1 0
215 1 956
215 1 474
215 1 0
215 1 0
215 1 0
215 1 19
215 1 371
215 1 0
215 1 0
216 1 0
216 1 179
216 1 0
216 1 152
216 1 0
216 1 0
217 1 0
217 1 108
217 1 12
217 1 0
217 1 0
218 1 0
218 1 13
218 1 0
218 1 0
