total cost: 344188
1 2 0
1 2 553
1 2 288
1 2 767
1 2 0
1 2 0
1 2 307
1 2 793
1 2 0
1 2 0
1 2 141
1 2 0
2 2 0
2 2 220
2 2 802
2 2 577
2 2 254
2 2 749
2 2 0
2 2 0
2 2 180
2 2 257
2 2 932
2 2 0
3 2 0
3 2 616
3 2 161
3 2 652
3 2 0
3 2 0
3 2 0
4 2 0
4 2 954
4 2 654
4 2 520
4 2 0
5 1 0
5 1 463
5 1 539
5 1 459
5 1 693
5 1 454
5 1 0
5 1 0
5 1 790
5 1 0
5 1 0
5 1 0
6 2 0
6 2 408
6 2 801
6 2 754
6 2 593
6 2 475
6 2 510
6 2 356
6 2 0
7 2 0
7 2 645
7 2 865
7 2 189
7 2 442
7 2 92
7 2 710
7 2 717
7 2 0
7 2 0
7 2 0
8 1 0
8 1 605
8 1 974
8 1 401
8 1 229
8 1 0
9 1 0
9 1 57
9 1 843
9 1 170
9 1 689
9 1 525
9 1 476
9 1 0
10 1 0
10 1 281
10 1 423
10 1 532
10 1 544
10 1 798
10 1 380
10 1 0
11 2 0
11 2 856
11 2 4
11 2 501
11 2 250
11 2 911
11 2 468
11 2 700
11 2 783
11 2 477
11 2 0
12 1 0
12 1 354
12 1 37
12 1 0
13 2 0
13 2 319
13 2 716
13 2 0
14 2 0
14 2 124
14 2 919
14 2 799
14 2 148
14 2 0
15 1 0
15 1 612
15 1 0
16 2 0
16 2 164
16 2 391
16 2 440
16 2 216
16 2 650
16 2 0
17 2 0
17 2 154
17 2 0
17 2 0
17 2 591
17 2 504
17 2 0
18 2 0
18 2 462
18 2 813
18 2 478
18 2 570
18 2 0
18 2 0
18 2 8
18 2 561
18 2 535
18 2 0
19 1 0
19 1 763
19 1 831
19 1 759
19 1 0
19 1 0
19 1 283
19 1 590
19 1 269
19 1 0
20 2 0
20 2 947
20 2 400
20 2 682
20 2 826
20 2 641
20 2 171
20 2 742
20 2 0
21 2 0
21 2 602
21 2 939
21 2 975
21 2 810
21 2 276
21 2 0
22 2 0
22 2 714
22 2 248
22 2 0
23 2 0
23 2 841
23 2 543
23 2 101
23 2 531
23 2 217
23 2 470
23 2 897
23 2 345
23 2 880
23 2 0
24 1 0
24 1 565
24 1 850
24 1 58
24 1 237
24 1 338
24 1 791
24 1 945
24 1 0
24 1 0
24 1 0
25 2 0
25 2 428
25 2 820
25 2 54
25 2 732
25 2 600
25 2 0
26 2 0
26 2 284
26 2 106
26 2 815
26 2 360
26 2 990
26 2 223
26 2 0
27 1 0
27 1 489
27 1 741
27 1 107
27 1 0
28 2 0
28 2 304
28 2 205
28 2 678
28 2 967
28 2 0
29 1 0
29 1 899
29 1 922
29 1 45
29 1 809
29 1 814
29 1 93
29 1 259
29 1 181
29 1 314
29 1 964
29 1 125
29 1 0
29 1 0
29 1 0
29 1 0
30 1 0
30 1 64
30 1 352
30 1 114
30 1 508
30 1 0
31 2 0
31 2 291
31 2 7
31 2 992
31 2 437
31 2 923
31 2 436
31 2 0
31 2 0
31 2 0
32 1 0
32 1 473
32 1 738
32 1 609
32 1 863
32 1 0
32 1 0
32 1 230
32 1 0
33 1 0
33 1 128
33 1 925
33 1 9
33 1 721
33 1 0
34 1 0
34 1 866
34 1 17
34 1 418
34 1 292
34 1 208
34 1 38
34 1 0
35 2 0
35 2 846
35 2 335
35 2 807
35 2 0
36 2 0
36 2 816
36 2 113
36 2 910
36 2 524
36 2 63
36 2 279
36 2 99
36 2 550
36 2 784
36 2 86
36 2 0
36 2 0
36 2 0
37 2 0
37 2 158
37 2 871
37 2 36
37 2 264
37 2 204
37 2 563
37 2 0
37 2 0
37 2 0
38 1 0
38 1 868
38 1 603
38 1 796
38 1 0
39 2 0
39 2 389
39 2 580
39 2 441
39 2 855
39 2 232
39 2 808
39 2 512
39 2 397
39 2 212
39 2 0
40 1 0
40 1 907
40 1 349
40 1 0
41 1 0
41 1 541
41 1 611
41 1 647
41 1 255
41 1 0
41 1 0
41 1 293
41 1 0
42 1 0
42 1 606
42 1 955
42 1 542
42 1 707
42 1 246
42 1 40
42 1 2
42 1 694
42 1 844
42 1 0
43 1 0
43 1 153
43 1 538
43 1 446
43 1 666
43 1 495
43 1 969
43 1 852
43 1 0
43 1 0
43 1 0
44 1 0
44 1 529
44 1 0
45 1 0
45 1 715
45 1 902
45 1 425
45 1 776
45 1 0
46 1 0
46 1 14
46 1 207
46 1 168
46 1 803
46 1 66
46 1 516
46 1 0
46 1 0
46 1 0
47 2 0
47 2 133
47 2 399
47 2 680
47 2 873
47 2 200
47 2 136
47 2 0
48 1 0
48 1 472
48 1 785
48 1 0
48 1 0
48 1 0
49 1 0
49 1 677
49 1 940
49 1 0
50 2 0
50 2 837
50 2 909
50 2 0
51 2 0
51 2 949
51 2 692
51 2 0
52 2 0
52 2 163
52 2 513
52 2 906
52 2 545
52 2 0
53 2 0
53 2 456
53 2 102
53 2 351
53 2 921
53 2 0
53 2 0
53 2 130
53 2 576
53 2 0
54 1 0
54 1 336
54 1 369
54 1 854
54 1 0
54 1 0
54 1 679
54 1 47
54 1 0
55 2 0
55 2 817
55 2 157
55 2 199
55 2 324
55 2 648
55 2 290
55 2 0
55 2 0
55 2 0
56 2 0
56 2 806
56 2 430
56 2 977
56 2 396
56 2 438
56 2 481
56 2 0
56 2 0
56 2 0
57 2 0
57 2 608
57 2 447
57 2 929
57 2 0
57 2 0
57 2 0
58 2 0
58 2 394
58 2 453
58 2 88
58 2 78
58 2 71
58 2 44
58 2 383
58 2 604
58 2 0
59 1 0
59 1 435
59 1 686
59 1 160
59 1 183
59 1 835
59 1 490
59 1 471
59 1 0
60 1 0
60 1 518
60 1 497
60 1 404
60 1 642
60 1 0
60 1 0
60 1 95
60 1 323
60 1 178
60 1 0
61 2 0
61 2 562
61 2 266
61 2 664
61 2 410
61 2 151
61 2 752
61 2 970
61 2 27
61 2 434
61 2 0
62 1 0
62 1 455
62 1 980
62 1 724
62 1 74
62 1 0
63 2 0
63 2 41
63 2 417
63 2 918
63 2 309
63 2 0
63 2 0
63 2 0
64 2 0
64 2 699
64 2 646
64 2 392
64 2 30
64 2 628
64 2 937
64 2 289
64 2 135
64 2 0
64 2 0
64 2 0
65 2 0
65 2 340
65 2 781
65 2 188
65 2 84
65 2 709
65 2 885
65 2 398
65 2 0
66 2 0
66 2 876
66 2 753
66 2 0
67 1 0
67 1 989
67 1 751
67 1 673
67 1 485
67 1 0
67 1 0
67 1 191
67 1 675
67 1 0
68 2 0
68 2 996
68 2 870
68 2 272
68 2 0
68 2 0
68 2 166
68 2 11
68 2 0
69 1 0
69 1 644
69 1 329
69 1 991
69 1 578
69 1 0
69 1 0
69 1 568
69 1 0
70 1 0
70 1 511
70 1 757
70 1 668
70 1 0
71 1 0
71 1 943
71 1 310
71 1 941
71 1 685
71 1 936
71 1 656
71 1 0
71 1 0
71 1 0
72 1 0
72 1 321
72 1 233
72 1 701
72 1 177
72 1 80
72 1 494
72 1 0
73 2 0
73 2 275
73 2 771
73 2 509
73 2 630
73 2 0
73 2 0
73 2 0
74 1 0
74 1 748
74 1 581
74 1 0
75 2 0
75 2 186
75 2 484
75 2 172
75 2 761
75 2 595
75 2 758
75 2 587
75 2 0
76 1 0
76 1 756
76 1 134
76 1 175
76 1 376
76 1 601
76 1 140
76 1 515
76 1 0
76 1 0
76 1 0
76 1 0
77 2 0
77 2 971
77 2 965
77 2 734
77 2 480
77 2 28
77 2 0
78 1 0
78 1 150
78 1 944
78 1 669
78 1 857
78 1 0
79 1 0
79 1 676
79 1 365
79 1 705
79 1 0
79 1 0
79 1 0
80 2 0
80 2 794
80 2 874
80 2 828
80 2 0
80 2 0
80 2 94
80 2 311
80 2 0
80 2 0
80 2 0
81 1 0
81 1 328
81 1 334
81 1 755
81 1 997
81 1 493
81 1 778
81 1 0
81 1 0
81 1 0
82 2 0
82 2 193
82 2 426
82 2 0
82 2 0
82 2 718
82 2 0
82 2 0
82 2 0
83 2 0
83 2 411
83 2 574
83 2 419
83 2 976
83 2 0
84 1 0
84 1 226
84 1 887
84 1 0
84 1 0
84 1 960
84 1 24
84 1 0
85 1 0
85 1 930
85 1 764
85 1 492
85 1 413
85 1 479
85 1 0
85 1 0
85 1 0
86 1 0
86 1 610
86 1 894
86 1 25
86 1 582
86 1 726
86 1 83
86 1 0
86 1 0
86 1 0
86 1 0
87 1 0
87 1 18
87 1 341
87 1 891
87 1 0
87 1 0
87 1 43
87 1 0
88 2 0
88 2 564
88 2 695
88 2 657
88 2 173
88 2 848
88 2 0
88 2 0
88 2 0
89 2 0
89 2 273
89 2 746
89 2 660
89 2 558
89 2 983
89 2 706
89 2 0
90 1 0
90 1 934
90 1 23
90 1 91
90 1 838
90 1 342
90 1 607
90 1 0
90 1 0
91 1 0
91 1 840
91 1 898
91 1 0
91 1 0
91 1 0
92 1 0
92 1 861
92 1 393
92 1 457
92 1 119
92 1 0
93 1 0
93 1 366
93 1 800
93 1 97
93 1 881
93 1 0
93 1 0
93 1 0
94 2 0
94 2 697
94 2 797
94 2 429
94 2 735
94 2 211
94 2 948
94 2 0
95 1 0
95 1 973
95 1 118
95 1 571
95 1 672
95 1 0
95 1 0
95 1 0
96 2 0
96 2 85
96 2 877
96 2 298
96 2 0
97 1 0
97 1 640
97 1 777
97 1 0
97 1 0
97 1 81
97 1 779
97 1 0
98 2 0
98 2 167
98 2 938
98 2 950
98 2 467
98 2 346
98 2 461
98 2 90
98 2 0
99 2 0
99 2 59
99 2 627
99 2 750
99 2 221
99 2 789
99 2 0
100 2 0
100 2 586
100 2 79
100 2 904
100 2 812
100 2 287
100 2 0
100 2 0
100 2 0
101 2 0
101 2 661
101 2 182
101 2 0
102 2 0
102 2 999
102 2 719
102 2 622
102 2 573
102 2 883
102 2 942
102 2 994
102 2 824
102 2 0
102 2 0
102 2 0
103 2 0
103 2 282
103 2 819
103 2 730
103 2 0
103 2 0
103 2 557
103 2 0
104 1 0
104 1 31
104 1 849
104 1 832
104 1 190
104 1 621
104 1 0
104 1 0
104 1 0
104 1 0
105 2 0
105 2 663
105 2 218
105 2 432
105 2 847
105 2 0
105 2 0
105 2 0
106 1 0
106 1 247
106 1 908
106 1 144
106 1 951
106 1 659
106 1 0
106 1 0
106 1 0
106 1 0
107 2 0
107 2 655
107 2 712
107 2 653
107 2 0
107 2 0
107 2 496
107 2 301
107 2 0
108 2 0
108 2 782
108 2 830
108 2 126
108 2 683
108 2 0
108 2 0
108 2 662
108 2 112
108 2 0
109 2 0
109 2 458
109 2 534
109 2 792
109 2 613
109 2 488
109 2 187
109 2 0
109 2 0
109 2 0
110 2 0
110 2 420
110 2 554
110 2 559
110 2 555
110 2 34
110 2 339
110 2 526
110 2 928
110 2 0
110 2 0
111 2 0
111 2 149
111 2 332
111 2 142
111 2 320
111 2 0
111 2 0
111 2 546
111 2 0
112 1 0
112 1 294
112 1 596
112 1 214
112 1 0
112 1 0
112 1 530
112 1 920
112 1 0
113 2 0
113 2 842
113 2 0
114 1 0
114 1 10
114 1 727
114 1 0
114 1 0
114 1 0
115 2 0
115 2 445
115 2 348
115 2 0
116 2 0
116 2 665
116 2 998
116 2 15
116 2 624
116 2 0
117 1 0
117 1 805
117 1 988
117 1 927
117 1 318
117 1 0
117 1 0
117 1 367
117 1 265
117 1 0
117 1 0
117 1 0
118 2 0
118 2 251
118 2 720
118 2 466
118 2 588
118 2 201
118 2 415
118 2 0
118 2 0
119 1 0
119 1 703
119 1 407
119 1 245
119 1 414
119 1 53
119 1 619
119 1 895
119 1 0
119 1 0
119 1 0
119 1 0
120 1 0
120 1 465
120 1 82
120 1 0
120 1 0
120 1 0
121 1 0
121 1 313
121 1 903
121 1 0
121 1 0
121 1 536
121 1 0
122 1 0
122 1 109
122 1 853
122 1 825
122 1 0
122 1 0
122 1 330
122 1 0
123 1 0
123 1 296
123 1 0
123 1 0
123 1 818
123 1 0
123 1 0
123 1 0
124 2 0
124 2 862
124 2 364
124 2 409
124 2 860
124 2 236
124 2 104
124 2 46
124 2 0
124 2 0
124 2 0
125 1 0
125 1 502
125 1 986
125 1 98
125 1 0
125 1 0
125 1 0
125 1 638
125 1 772
125 1 0
125 1 0
125 1 0
126 2 0
126 2 271
126 2 827
126 2 156
126 2 728
126 2 823
126 2 0
126 2 0
126 2 0
127 1 0
127 1 145
127 1 917
127 1 60
127 1 6
127 1 89
127 1 0
127 1 0
128 1 0
128 1 385
128 1 122
128 1 905
128 1 890
128 1 845
128 1 295
128 1 0
128 1 0
129 1 0
129 1 505
129 1 503
129 1 0
130 1 0
130 1 523
130 1 995
130 1 0
131 1 0
131 1 634
131 1 387
131 1 566
131 1 0
131 1 0
131 1 0
131 1 202
131 1 412
131 1 0
131 1 0
131 1 0
132 1 0
132 1 42
132 1 615
132 1 327
132 1 617
132 1 381
132 1 0
132 1 0
133 2 0
133 2 240
133 2 249
133 2 522
133 2 0
133 2 0
133 2 811
133 2 317
133 2 0
134 2 0
134 2 875
134 2 506
134 2 993
134 2 0
134 2 0
134 2 0
135 1 0
135 1 32
135 1 839
135 1 406
135 1 912
135 1 0
135 1 0
136 2 0
136 2 670
136 2 698
136 2 35
136 2 253
136 2 760
136 2 651
136 2 0
136 2 0
137 2 0
137 2 69
137 2 1000
137 2 913
137 2 0
138 2 0
138 2 744
138 2 625
138 2 981
138 2 723
138 2 433
138 2 242
138 2 0
138 2 0
138 2 0
138 2 0
139 2 0
139 2 384
139 2 743
139 2 382
139 2 0
140 2 0
140 2 127
140 2 626
140 2 0
140 2 0
140 2 0
141 2 0
141 2 514
141 2 498
141 2 123
141 2 73
141 2 548
141 2 740
141 2 0
141 2 0
141 2 0
141 2 0
142 1 0
142 1 402
142 1 636
142 1 733
142 1 635
142 1 632
142 1 737
142 1 0
142 1 0
142 1 0
142 1 0
143 1 0
143 1 448
143 1 196
143 1 872
143 1 377
143 1 326
143 1 0
143 1 0
143 1 0
143 1 0
144 2 0
144 2 681
144 2 598
144 2 331
144 2 373
144 2 116
144 2 322
144 2 0
144 2 0
144 2 0
144 2 0
145 2 0
145 2 722
145 2 773
145 2 464
145 2 370
145 2 450
145 2 959
145 2 308
145 2 0
145 2 0
145 2 0
145 2 0
146 1 0
146 1 765
146 1 68
146 1 0
147 1 0
147 1 982
147 1 368
147 1 914
147 1 834
147 1 263
147 1 0
147 1 0
147 1 0
147 1 305
147 1 0
148 2 0
148 2 374
148 2 788
148 2 131
148 2 0
148 2 0
148 2 222
148 2 0
148 2 0
148 2 0
149 2 0
149 2 22
149 2 316
149 2 978
149 2 972
149 2 325
149 2 5
149 2 569
149 2 0
149 2 0
149 2 0
149 2 0
150 2 0
150 2 277
150 2 916
150 2 56
150 2 162
150 2 633
150 2 984
150 2 579
150 2 829
150 2 0
150 2 0
151 2 0
151 2 690
151 2 256
151 2 713
151 2 795
151 2 0
151 2 0
152 1 0
152 1 786
152 1 0
152 1 0
152 1 0
153 1 0
153 1 195
153 1 0
154 1 0
154 1 449
154 1 460
154 1 0
154 1 0
154 1 372
154 1 0
154 1 0
154 1 0
155 1 0
155 1 357
155 1 691
155 1 306
155 1 962
155 1 858
155 1 0
155 1 0
155 1 0
155 1 0
156 2 0
156 2 725
156 2 0
156 2 0
156 2 165
156 2 87
156 2 0
156 2 0
156 2 0
157 2 0
157 2 243
157 2 884
157 2 867
157 2 0
157 2 0
157 2 745
157 2 0
157 2 0
157 2 0
158 1 0
158 1 303
158 1 482
158 1 72
158 1 671
158 1 961
158 1 0
158 1 0
159 2 0
159 2 184
159 2 893
159 2 747
159 2 674
159 2 517
159 2 0
159 2 0
159 2 0
159 2 0
160 1 0
160 1 224
160 1 238
160 1 198
160 1 507
160 1 900
160 1 0
160 1 0
160 1 0
160 1 0
161 1 0
161 1 643
161 1 0
161 1 0
161 1 556
161 1 979
161 1 499
161 1 0
161 1 0
161 1 0
161 1 0
162 2 0
162 2 176
162 2 268
162 2 0
162 2 0
162 2 33
162 2 0
163 1 0
163 1 137
163 1 267
163 1 0
163 1 0
163 1 0
163 1 451
163 1 252
163 1 915
163 1 0
163 1 0
164 2 0
164 2 966
164 2 859
164 2 924
164 2 882
164 2 299
164 2 491
164 2 146
164 2 0
164 2 0
165 2 0
165 2 618
165 2 333
165 2 155
165 2 0
165 2 0
165 2 0
166 1 0
166 1 684
166 1 120
166 1 549
166 1 286
166 1 486
166 1 552
166 1 241
166 1 0
166 1 0
167 1 0
167 1 416
167 1 129
167 1 649
167 1 117
167 1 378
167 1 280
167 1 0
167 1 0
167 1 0
167 1 0
168 2 0
168 2 194
168 2 623
168 2 347
168 2 878
168 2 585
168 2 879
168 2 836
168 2 3
168 2 0
168 2 0
169 1 0
169 1 210
169 1 901
169 1 667
169 1 96
169 1 76
169 1 75
169 1 0
169 1 0
170 2 0
170 2 704
170 2 49
170 2 386
170 2 0
171 1 0
171 1 55
171 1 0
172 2 0
172 2 362
172 2 639
172 2 0
173 1 0
173 1 61
173 1 528
173 1 244
173 1 567
173 1 361
173 1 353
173 1 0
173 1 0
173 1 0
173 1 0
174 1 0
174 1 103
174 1 946
174 1 631
174 1 443
174 1 427
174 1 963
174 1 0
174 1 0
174 1 0
174 1 0
175 2 0
175 2 100
175 2 227
175 2 452
175 2 206
175 2 0
175 2 0
175 2 0
175 2 0
176 2 0
176 2 770
176 2 422
176 2 21
176 2 197
176 2 139
176 2 0
176 2 0
176 2 0
176 2 0
177 1 0
177 1 597
177 1 403
177 1 851
177 1 931
177 1 363
177 1 0
177 1 0
177 1 0
177 1 0
178 2 0
178 2 297
178 2 0
179 2 0
179 2 379
179 2 159
179 2 629
179 2 952
179 2 0
179 2 0
180 1 0
180 1 953
180 1 174
180 1 355
180 1 278
180 1 0
180 1 0
180 1 0
180 1 0
181 2 0
181 2 711
181 2 560
181 2 0
182 2 0
182 2 105
182 2 768
182 2 350
182 2 0
182 2 0
182 2 0
182 2 0
183 2 0
183 2 209
183 2 0
184 1 0
184 1 483
184 1 343
184 1 575
184 1 0
184 1 0
184 1 0
184 1 169
184 1 0
184 1 0
185 2 0
185 2 115
185 2 821
185 2 258
185 2 926
185 2 696
185 2 0
185 2 0
185 2 0
185 2 0
186 1 0
186 1 215
186 1 769
186 1 533
186 1 228
186 1 0
186 1 0
186 1 0
186 1 0
187 2 0
187 2 52
187 2 592
187 2 285
187 2 0
187 2 0
187 2 0
187 2 0
188 1 0
188 1 20
188 1 132
188 1 444
188 1 147
188 1 0
188 1 0
188 1 0
188 1 29
188 1 0
189 2 0
189 2 261
189 2 16
189 2 736
189 2 388
189 2 702
189 2 774
189 2 787
189 2 0
189 2 0
189 2 0
189 2 0
190 1 0
190 1 203
190 1 358
190 1 225
190 1 519
190 1 0
190 1 0
190 1 0
190 1 0
191 1 0
191 1 599
191 1 375
191 1 892
191 1 138
191 1 0
191 1 0
192 1 0
192 1 111
192 1 62
192 1 405
192 1 239
192 1 620
192 1 0
192 1 0
192 1 0
192 1 0
193 1 0
193 1 312
193 1 302
193 1 687
193 1 614
193 1 833
193 1 0
193 1 0
193 1 0
193 1 0
194 2 0
194 2 739
194 2 344
194 2 65
194 2 889
194 2 0
194 2 0
194 2 0
194 2 0
195 1 0
195 1 70
195 1 67
195 1 658
195 1 537
195 1 300
195 1 0
195 1 864
195 1 0
195 1 0
196 1 0
196 1 121
196 1 896
196 1 547
196 1 231
196 1 0
196 1 0
196 1 0
196 1 0
197 1 0
197 1 439
197 1 0
197 1 0
198 1 0
198 1 262
198 1 0
198 1 0
198 1 0
198 1 260
198 1 110
198 1 0
198 1 0
199 1 0
199 1 1
199 1 0
199 1 0
199 1 0
199 1 219
199 1 0
199 1 0
200 2 0
200 2 804
200 2 933
200 2 0
200 2 0
200 2 0
200 2 152
200 2 0
201 2 0
201 2 637
201 2 886
201 2 766
201 2 315
201 2 572
201 2 888
201 2 395
201 2 0
201 2 0
201 2 0
201 2 0
202 1 0
202 1 487
202 1 775
202 1 729
202 1 390
202 1 0
202 1 0
202 1 0
202 1 594
202 1 0
202 1 0
203 2 0
203 2 234
203 2 688
203 2 968
203 2 337
203 2 935
203 2 0
203 2 0
203 2 0
203 2 822
203 2 0
203 2 0
203 2 0
203 2 0
204 2 0
204 2 213
204 2 500
204 2 469
204 2 19
204 2 0
204 2 0
205 1 0
205 1 589
205 1 39
205 1 359
205 1 0
205 1 0
205 1 0
205 1 0
206 2 0
206 2 551
206 2 0
206 2 0
207 1 0
207 1 521
207 1 0
207 1 0
208 2 0
208 2 143
208 2 26
208 2 235
208 2 527
208 2 869
208 2 274
208 2 0
208 2 0
209 1 0
209 1 584
209 1 371
209 1 0
209 1 0
209 1 0
209 1 0
210 1 0
210 1 192
210 1 762
210 1 0
210 1 0
211 1 0
211 1 424
211 1 540
211 1 583
211 1 421
211 1 0
211 1 0
211 1 0
211 1 0
212 1 0
212 1 185
212 1 958
212 1 987
212 1 0
212 1 0
212 1 0
212 1 431
212 1 77
212 1 0
212 1 0
213 2 0
213 2 780
213 2 179
213 2 51
213 2 957
213 2 708
213 2 12
213 2 0
213 2 0
214 1 0
214 1 48
214 1 731
214 1 0
214 1 0
215 1 0
215 1 956
215 1 474
215 1 0
215 1 0
215 1 0
215 1 270
215 1 0
215 1 0
216 1 0
216 1 985
216 1 50
216 1 0
216 1 108
216 1 0
217 1 0
217 1 13
217 1 0
217 1 0
