total cost: 336829
1 2 0
1 2 553
1 2 288
1 2 767
1 2 0
1 2 0
1 2 307
1 2 793
1 2 0
1 2 0
1 2 141
1 2 0
2 2 0
2 2 220
2 2 802
2 2 577
2 2 254
2 2 749
2 2 0
2 2 0
2 2 180
2 2 257
2 2 932
2 2 0
3 1 0
3 1 616
3 1 161
3 1 652
3 1 0
3 1 0
3 1 0
4 2 0
4 2 954
4 2 654
4 2 520
4 2 0
5 1 0
5 1 463
5 1 539
5 1 459
5 1 693
5 1 454
5 1 0
5 1 0
5 1 790
5 1 0
5 1 0
5 1 0
6 1 0
6 1 408
6 1 801
6 1 754
6 1 593
6 1 475
6 1 510
6 1 356
6 1 0
7 1 0
7 1 645
7 1 865
7 1 189
7 1 442
7 1 92
7 1 0
7 1 0
7 1 612
7 1 0
8 1 0
8 1 605
8 1 974
8 1 401
8 1 229
8 1 0
9 1 0
9 1 57
9 1 281
9 1 843
9 1 170
9 1 689
9 1 525
9 1 476
9 1 0
10 1 0
10 1 856
10 1 4
10 1 501
10 1 250
10 1 911
10 1 468
10 1 700
10 1 0
10 1 0
10 1 230
10 1 0
11 1 0
11 1 354
11 1 0
12 1 0
12 1 319
12 1 716
12 1 0
13 2 0
13 2 164
13 2 717
13 2 532
13 2 423
13 2 0
14 1 0
14 1 37
14 1 14
14 1 855
14 1 808
14 1 512
14 1 397
14 1 212
14 1 0
15 2 0
15 2 154
15 2 0
15 2 0
15 2 124
15 2 919
15 2 799
15 2 148
15 2 0
16 1 0
16 1 462
16 1 813
16 1 478
16 1 0
16 1 0
16 1 591
16 1 504
16 1 0
17 1 0
17 1 947
17 1 602
17 1 284
17 1 171
17 1 742
17 1 0
18 2 0
18 2 391
18 2 544
18 2 798
18 2 380
18 2 205
18 2 114
18 2 0
19 2 0
19 2 763
19 2 899
19 2 826
19 2 922
19 2 531
19 2 217
19 2 470
19 2 783
19 2 477
19 2 897
19 2 0
19 2 0
19 2 0
20 2 0
20 2 283
20 2 714
20 2 0
21 1 0
21 1 710
21 1 440
21 1 216
21 1 650
21 1 95
21 1 323
21 1 178
21 1 0
22 1 0
22 1 8
22 1 561
22 1 535
22 1 0
23 2 0
23 2 841
23 2 543
23 2 101
23 2 106
23 2 815
23 2 360
23 2 990
23 2 223
23 2 0
24 1 0
24 1 570
24 1 975
24 1 759
24 1 0
24 1 0
24 1 590
24 1 0
25 1 0
25 1 831
25 1 237
25 1 58
25 1 850
25 1 0
25 1 0
25 1 352
25 1 304
25 1 0
26 2 0
26 2 565
26 2 871
26 2 541
26 2 158
26 2 338
26 2 791
26 2 945
26 2 191
26 2 259
26 2 0
26 2 0
26 2 0
27 2 0
27 2 428
27 2 820
27 2 54
27 2 732
27 2 600
27 2 0
28 1 0
28 1 400
28 1 7
28 1 437
28 1 992
28 1 923
28 1 436
28 1 0
28 1 0
28 1 0
29 2 0
29 2 489
29 2 741
29 2 107
29 2 0
30 2 0
30 2 682
30 2 939
30 2 36
30 2 264
30 2 99
30 2 807
30 2 0
31 1 0
31 1 291
31 1 866
31 1 128
31 1 9
31 1 721
31 1 967
31 1 678
31 1 508
31 1 0
32 2 0
32 2 846
32 2 473
32 2 293
32 2 0
33 2 0
33 2 64
33 2 641
33 2 677
33 2 964
33 2 314
33 2 0
34 1 0
34 1 816
34 1 863
34 1 868
34 1 609
34 1 0
34 1 0
34 1 63
34 1 0
35 2 0
35 2 113
35 2 910
35 2 529
35 2 349
35 2 0
35 2 0
35 2 810
35 2 784
35 2 276
35 2 0
36 1 0
36 1 738
36 1 603
36 1 796
36 1 0
37 1 0
37 1 389
37 1 580
37 1 538
37 1 446
37 1 495
37 1 949
37 1 692
37 1 852
37 1 0
38 1 0
38 1 907
38 1 0
39 1 0
39 1 279
39 1 524
39 1 255
39 1 980
39 1 74
39 1 724
39 1 0
40 1 0
40 1 17
40 1 925
40 1 418
40 1 902
40 1 84
40 1 885
40 1 398
40 1 208
40 1 0
41 2 0
41 2 550
41 2 86
41 2 0
42 2 0
42 2 441
42 2 666
42 2 232
42 2 676
42 2 969
42 2 803
42 2 66
42 2 516
42 2 0
43 2 0
43 2 606
43 2 955
43 2 542
43 2 707
43 2 246
43 2 40
43 2 2
43 2 166
43 2 11
43 2 27
43 2 0
44 2 0
44 2 335
44 2 608
44 2 513
44 2 906
44 2 545
44 2 0
45 2 0
45 2 153
45 2 394
45 2 329
45 2 934
45 2 207
45 2 168
45 2 71
45 2 661
45 2 0
45 2 0
45 2 0
46 2 0
46 2 715
46 2 188
46 2 781
46 2 425
46 2 776
46 2 668
46 2 0
47 2 0
47 2 472
47 2 785
47 2 0
48 2 0
48 2 133
48 2 664
48 2 752
48 2 0
48 2 0
48 2 269
48 2 0
49 1 0
49 1 837
49 1 909
49 1 0
50 2 0
50 2 248
50 2 0
51 1 0
51 1 204
51 1 563
51 1 940
51 1 181
51 1 125
51 1 0
52 1 0
52 1 163
52 1 679
52 1 0
53 1 0
53 1 456
53 1 102
53 1 610
53 1 574
53 1 419
53 1 621
53 1 0
53 1 0
53 1 0
54 2 0
54 2 921
54 2 351
54 2 455
54 2 0
54 2 0
54 2 0
55 1 0
55 1 45
55 1 809
55 1 814
55 1 430
55 1 977
55 1 396
55 1 844
55 1 438
55 1 0
56 1 0
56 1 336
56 1 369
56 1 854
56 1 0
56 1 0
56 1 130
56 1 576
56 1 0
57 2 0
57 2 817
57 2 157
57 2 199
57 2 324
57 2 648
57 2 290
57 2 0
57 2 0
57 2 0
58 2 0
58 2 806
58 2 873
58 2 694
58 2 136
58 2 880
58 2 0
59 2 0
59 2 435
59 2 686
59 2 160
59 2 183
59 2 835
59 2 490
59 2 471
59 2 0
60 1 0
60 1 518
60 1 497
60 1 404
60 1 0
60 1 0
60 1 345
60 1 41
60 1 0
61 2 0
61 2 266
61 2 562
61 2 399
61 2 310
61 2 581
61 2 936
61 2 509
61 2 0
62 1 0
62 1 611
62 1 647
62 1 289
62 1 135
62 1 0
62 1 0
62 1 0
63 1 0
63 1 200
63 1 0
64 1 0
64 1 93
64 1 417
64 1 918
64 1 309
64 1 0
64 1 0
64 1 0
65 2 0
65 2 292
65 2 38
65 2 757
65 2 0
66 1 0
66 1 699
66 1 646
66 1 697
66 1 81
66 1 628
66 1 937
66 1 211
66 1 0
66 1 0
67 2 0
67 2 340
67 2 756
67 2 134
67 2 175
67 2 376
67 2 601
67 2 140
67 2 515
67 2 0
67 2 0
67 2 0
68 1 0
68 1 876
68 1 753
68 1 0
69 1 0
69 1 680
69 1 748
69 1 0
69 1 0
69 1 0
70 2 0
70 2 392
70 2 366
70 2 272
70 2 0
70 2 0
70 2 94
70 2 0
71 2 0
71 2 996
71 2 870
71 2 797
71 2 429
71 2 735
71 2 172
71 2 761
71 2 0
71 2 0
71 2 0
72 2 0
72 2 989
72 2 751
72 2 673
72 2 485
72 2 226
72 2 0
72 2 0
72 2 970
72 2 0
73 2 0
73 2 644
73 2 447
73 2 929
73 2 705
73 2 91
73 2 0
73 2 0
73 2 0
74 2 0
74 2 275
74 2 410
74 2 151
74 2 965
74 2 971
74 2 734
74 2 480
74 2 0
75 1 0
75 1 511
75 1 777
75 1 79
75 1 663
75 1 0
75 1 0
75 1 47
75 1 0
76 1 0
76 1 943
76 1 941
76 1 685
76 1 0
76 1 0
76 1 568
76 1 675
76 1 779
76 1 0
77 2 0
77 2 233
77 2 794
77 2 874
77 2 828
77 2 0
77 2 0
77 2 43
77 2 0
78 2 0
78 2 321
78 2 655
78 2 34
78 2 0
78 2 0
78 2 0
79 1 0
79 1 193
79 1 426
79 1 0
79 1 0
79 1 33
79 1 0
80 1 0
80 1 328
80 1 334
80 1 755
80 1 997
80 1 493
80 1 778
80 1 0
80 1 0
80 1 0
81 1 0
81 1 411
81 1 150
81 1 944
81 1 669
81 1 857
81 1 0
81 1 0
81 1 0
82 1 0
82 1 186
82 1 484
82 1 948
82 1 0
83 2 0
83 2 930
83 2 771
83 2 492
83 2 413
83 2 479
83 2 630
83 2 0
83 2 0
83 2 0
84 2 0
84 2 18
84 2 887
84 2 973
84 2 0
84 2 0
84 2 709
84 2 80
84 2 494
84 2 0
85 2 0
85 2 564
85 2 840
85 2 0
85 2 0
85 2 960
85 2 24
85 2 0
86 2 0
86 2 273
86 2 894
86 2 25
86 2 582
86 2 726
86 2 758
86 2 595
86 2 587
86 2 0
87 1 0
87 1 30
87 1 805
87 1 466
87 1 0
88 2 0
88 2 177
88 2 701
88 2 218
88 2 847
88 2 287
88 2 0
88 2 0
88 2 0
89 1 0
89 1 0
90 2 0
90 2 718
90 2 0
90 2 0
90 2 0
91 2 0
91 2 861
91 2 393
91 2 457
91 2 119
91 2 28
91 2 0
92 2 0
92 2 604
92 2 383
92 2 44
92 2 0
93 2 0
93 2 557
93 2 0
94 1 0
94 1 85
94 1 800
94 1 97
94 1 881
94 1 842
94 1 298
94 1 0
94 1 0
94 1 0
95 1 0
95 1 481
95 1 434
95 1 0
96 1 0
96 1 640
96 1 420
96 1 998
96 1 554
96 1 586
96 1 904
96 1 624
96 1 0
96 1 0
96 1 0
96 1 0
97 2 0
97 2 167
97 2 938
97 2 950
97 2 467
97 2 346
97 2 461
97 2 90
97 2 0
98 2 0
98 2 695
98 2 657
98 2 703
98 2 0
98 2 0
98 2 118
98 2 656
98 2 265
98 2 0
99 1 0
99 1 999
99 1 891
99 1 819
99 1 730
99 1 0
99 1 0
99 1 877
99 1 0
100 1 0
100 1 282
100 1 126
100 1 683
100 1 0
100 1 0
100 1 330
100 1 812
100 1 0
101 1 0
101 1 341
101 1 719
101 1 622
101 1 573
101 1 883
101 1 942
101 1 994
101 1 824
101 1 0
101 1 0
101 1 0
101 1 0
102 1 0
102 1 764
102 1 294
102 1 465
102 1 0
102 1 0
102 1 311
102 1 0
102 1 0
102 1 0
103 2 0
103 2 31
103 2 746
103 2 660
103 2 558
103 2 983
103 2 706
103 2 0
104 2 0
104 2 59
104 2 173
104 2 659
104 2 848
104 2 838
104 2 750
104 2 342
104 2 0
105 1 0
105 1 453
105 1 88
105 1 991
105 1 578
105 1 0
105 1 0
105 1 23
105 1 898
105 1 182
105 1 0
106 1 0
106 1 247
106 1 190
106 1 832
106 1 0
106 1 0
106 1 496
106 1 301
106 1 127
106 1 626
106 1 0
106 1 0
106 1 0
106 1 0
107 1 0
107 1 782
107 1 830
107 1 596
107 1 0
107 1 0
107 1 951
107 1 607
107 1 789
107 1 0
108 2 0
108 2 458
108 2 534
108 2 792
108 2 613
108 2 488
108 2 187
108 2 0
108 2 0
108 2 662
108 2 0
109 2 0
109 2 149
109 2 332
109 2 142
109 2 320
109 2 0
109 2 0
109 2 546
109 2 0
110 1 0
110 1 642
110 1 908
110 1 144
110 1 245
110 1 414
110 1 53
110 1 619
110 1 895
110 1 0
110 1 0
110 1 0
110 1 0
111 2 0
111 2 78
111 2 627
111 2 365
111 2 0
111 2 0
111 2 0
112 1 0
112 1 445
112 1 920
112 1 638
112 1 0
112 1 0
112 1 0
113 2 0
113 2 665
113 2 559
113 2 555
113 2 432
113 2 339
113 2 526
113 2 928
113 2 0
113 2 0
114 2 0
114 2 10
114 2 727
114 2 0
114 2 0
114 2 0
115 1 0
115 1 214
115 1 0
115 1 0
115 1 530
115 1 165
115 1 0
116 1 0
116 1 251
116 1 927
116 1 318
116 1 0
116 1 0
116 1 672
116 1 0
117 2 0
117 2 571
117 2 406
117 2 202
117 2 0
118 1 0
118 1 712
118 1 653
118 1 448
118 1 681
118 1 0
118 1 0
118 1 0
118 1 536
118 1 0
119 1 0
119 1 313
119 1 903
119 1 988
119 1 0
119 1 0
119 1 367
119 1 222
119 1 0
120 2 0
120 2 109
120 2 853
120 2 387
120 2 825
120 2 0
120 2 0
120 2 221
120 2 0
121 2 0
121 2 720
121 2 773
121 2 98
121 2 0
121 2 0
121 2 82
121 2 0
122 2 0
122 2 296
122 2 0
122 2 0
122 2 818
122 2 786
122 2 0
122 2 0
122 2 0
123 2 0
123 2 862
123 2 744
123 2 145
123 2 839
123 2 60
123 2 6
123 2 89
123 2 0
123 2 0
124 1 0
124 1 502
124 1 986
124 1 0
124 1 0
124 1 112
124 1 0
125 1 0
125 1 849
125 1 385
125 1 976
125 1 615
125 1 0
125 1 0
125 1 0
125 1 0
126 2 0
126 2 364
126 2 743
126 2 860
126 2 236
126 2 104
126 2 46
126 2 0
127 2 0
127 2 407
127 2 827
127 2 156
127 2 823
127 2 548
127 2 503
127 2 381
127 2 617
127 2 0
127 2 0
127 2 0
127 2 0
128 1 0
128 1 271
128 1 728
128 1 498
128 1 73
128 1 0
128 1 0
128 1 0
128 1 0
129 1 0
129 1 634
129 1 566
129 1 972
129 1 0
129 1 0
129 1 0
129 1 0
130 1 0
130 1 42
130 1 698
130 1 35
130 1 122
130 1 875
130 1 506
130 1 993
130 1 0
130 1 0
130 1 0
130 1 0
131 1 0
131 1 240
131 1 249
131 1 0
131 1 0
131 1 0
131 1 811
131 1 772
131 1 305
131 1 0
132 1 0
132 1 32
132 1 917
132 1 912
132 1 0
133 1 0
133 1 523
133 1 348
133 1 5
133 1 325
133 1 0
133 1 0
133 1 0
133 1 0
134 1 0
134 1 670
134 1 327
134 1 357
134 1 834
134 1 651
134 1 760
134 1 0
134 1 0
135 2 0
135 2 409
135 2 384
135 2 382
135 2 0
136 1 0
136 1 69
136 1 1000
136 1 913
136 1 0
136 1 0
136 1 0
136 1 0
137 2 0
137 2 15
137 2 116
137 2 0
138 1 0
138 1 514
138 1 690
138 1 123
138 1 740
138 1 0
138 1 0
138 1 0
138 1 0
139 2 0
139 2 402
139 2 733
139 2 636
139 2 83
139 2 415
139 2 201
139 2 0
139 2 0
140 1 0
140 1 995
140 1 0
141 1 0
141 1 722
141 1 981
141 1 723
141 1 433
141 1 0
141 1 0
141 1 0
141 1 0
142 2 0
142 2 765
142 2 68
142 2 0
143 2 0
143 2 982
143 2 368
143 2 914
143 2 253
143 2 0
143 2 0
143 2 0
143 2 588
143 2 0
144 1 0
144 1 374
144 1 788
144 1 522
144 1 872
144 1 0
144 1 0
144 1 0
144 1 505
144 1 0
145 2 0
145 2 277
145 2 916
145 2 890
145 2 905
145 2 845
145 2 295
145 2 0
145 2 0
146 1 0
146 1 22
146 1 316
146 1 978
146 1 867
146 1 0
146 1 0
146 1 0
146 1 412
146 1 0
147 2 0
147 2 449
147 2 460
147 2 725
147 2 0
147 2 0
147 2 372
147 2 55
147 2 252
147 2 915
147 2 0
148 1 0
148 1 450
148 1 635
148 1 632
148 1 737
148 1 704
148 1 0
148 1 0
149 2 0
149 2 377
149 2 326
149 2 373
149 2 0
149 2 0
149 2 0
150 2 0
150 2 243
150 2 884
150 2 0
150 2 0
150 2 317
150 2 556
150 2 0
151 2 0
151 2 625
151 2 224
151 2 238
151 2 966
151 2 859
151 2 882
151 2 299
151 2 0
151 2 0
151 2 0
151 2 0
152 2 0
152 2 370
152 2 464
152 2 303
152 2 72
152 2 308
152 2 105
152 2 961
152 2 0
152 2 0
153 2 0
153 2 196
153 2 137
153 2 598
153 2 331
153 2 979
153 2 499
153 2 0
153 2 0
153 2 0
153 2 0
154 1 0
154 1 184
154 1 893
154 1 747
154 1 674
154 1 0
154 1 0
154 1 0
154 1 0
155 2 0
155 2 745
155 2 0
155 2 0
155 2 195
155 2 0
156 1 0
156 1 643
156 1 0
156 1 0
156 1 176
156 1 267
156 1 0
156 1 0
156 1 0
156 1 0
157 2 0
157 2 569
157 2 0
158 2 0
158 2 198
158 2 507
158 2 900
158 2 649
158 2 491
158 2 242
158 2 146
158 2 0
158 2 0
159 1 0
159 1 451
159 1 87
159 1 0
159 1 0
160 2 0
160 2 131
160 2 268
160 2 0
160 2 0
160 2 155
160 2 0
161 1 0
161 1 924
161 1 597
161 1 517
161 1 549
161 1 286
161 1 552
161 1 241
161 1 0
161 1 0
162 1 0
162 1 618
162 1 0
162 1 0
162 1 362
162 1 49
162 1 386
162 1 0
162 1 0
163 2 0
163 2 684
163 2 120
163 2 197
163 2 21
163 2 139
163 2 260
163 2 219
163 2 0
163 2 0
164 2 0
164 2 416
164 2 129
164 2 901
164 2 667
164 2 96
164 2 76
164 2 75
164 2 0
164 2 0
165 2 0
165 2 482
165 2 379
165 2 159
165 2 671
165 2 959
165 2 639
165 2 0
165 2 0
166 2 0
166 2 194
166 2 623
166 2 347
166 2 878
166 2 378
166 2 280
166 2 169
166 2 0
166 2 0
167 2 0
167 2 210
167 2 117
167 2 206
167 2 585
167 2 879
167 2 836
167 2 3
167 2 0
167 2 0
168 2 0
168 2 333
168 2 486
168 2 599
168 2 864
168 2 375
168 2 138
168 2 0
168 2 0
169 1 0
169 1 263
169 1 56
169 1 162
169 1 633
169 1 829
169 1 579
169 1 0
169 1 0
170 1 0
170 1 322
170 1 0
170 1 0
171 2 0
171 2 61
171 2 631
171 2 946
171 2 353
171 2 443
171 2 427
171 2 0
171 2 0
172 1 0
172 1 103
172 1 244
172 1 567
172 1 528
172 1 361
172 1 962
172 1 858
172 1 0
172 1 0
172 1 0
172 1 0
173 2 0
173 2 100
173 2 227
173 2 452
173 2 285
173 2 0
173 2 0
173 2 0
173 2 0
174 1 0
174 1 770
174 1 422
174 1 0
174 1 0
174 1 0
174 1 297
174 1 713
174 1 0
174 1 0
175 2 0
175 2 256
175 2 215
175 2 355
175 2 691
175 2 278
175 2 787
175 2 65
175 2 431
175 2 0
175 2 0
176 1 0
176 1 953
176 1 174
176 1 444
176 1 147
176 1 0
176 1 0
176 1 0
176 1 29
176 1 0
177 1 0
177 1 711
177 1 560
177 1 0
177 1 0
178 2 0
178 2 483
178 2 768
178 2 350
178 2 0
178 2 0
178 2 0
178 2 0
179 2 0
179 2 115
179 2 821
179 2 258
179 2 926
179 2 696
179 2 0
179 2 0
179 2 0
179 2 0
180 2 0
180 2 52
180 2 343
180 2 575
180 2 0
180 2 0
180 2 0
180 2 152
180 2 0
181 1 0
181 1 228
181 1 963
181 1 344
181 1 739
181 1 0
181 1 0
182 2 0
182 2 403
182 2 851
182 2 931
182 2 358
182 2 519
182 2 121
182 2 0
182 2 0
182 2 0
182 2 0
183 2 0
183 2 20
183 2 132
183 2 769
183 2 388
183 2 736
183 2 315
183 2 702
183 2 0
183 2 0
183 2 0
183 2 0
184 1 0
184 1 984
184 1 795
184 1 0
184 1 0
185 1 0
185 1 203
185 1 234
185 1 405
185 1 239
185 1 620
185 1 0
185 1 0
185 1 0
185 1 0
186 2 0
186 2 261
186 2 886
186 2 766
186 2 637
186 2 0
186 2 0
186 2 0
186 2 629
186 2 0
187 1 0
187 1 533
187 1 16
187 1 262
187 1 0
187 1 0
187 1 0
187 1 108
187 1 0
188 1 0
188 1 111
188 1 62
188 1 390
188 1 0
188 1 0
188 1 0
188 1 952
188 1 439
188 1 0
188 1 0
188 1 0
188 1 0
189 1 0
189 1 312
189 1 302
189 1 687
189 1 363
189 1 0
189 1 0
189 1 0
189 1 0
190 2 0
190 2 70
190 2 67
190 2 658
190 2 833
190 2 300
190 2 537
190 2 337
190 2 0
190 2 0
191 2 0
191 2 592
191 2 933
191 2 1
191 2 213
191 2 0
191 2 0
191 2 0
191 2 0
192 2 0
192 2 306
192 2 26
192 2 889
192 2 0
192 2 0
192 2 0
192 2 0
193 1 0
193 1 804
193 1 0
193 1 0
193 1 0
193 1 892
193 1 110
193 1 231
193 1 0
193 1 0
194 2 0
194 2 487
194 2 775
194 2 729
194 2 594
194 2 584
194 2 0
194 2 0
194 2 0
194 2 0
195 2 0
195 2 225
195 2 968
195 2 583
195 2 935
195 2 731
195 2 0
195 2 0
196 2 0
196 2 896
196 2 547
196 2 0
196 2 0
197 2 0
197 2 589
197 2 39
197 2 359
197 2 235
197 2 957
197 2 869
197 2 0
197 2 0
198 2 0
198 2 774
198 2 572
198 2 888
198 2 395
198 2 0
198 2 0
199 1 0
199 1 614
199 1 48
199 1 270
199 1 0
199 1 0
199 1 0
199 1 0
200 1 0
200 1 0
201 2 0
201 2 822
201 2 0
201 2 0
201 2 0
201 2 0
202 2 0
202 2 688
202 2 540
202 2 424
202 2 762
202 2 0
202 2 0
202 2 0
202 2 551
202 2 0
202 2 0
203 1 0
203 1 500
203 1 185
203 1 987
203 1 0
203 1 0
203 1 0
203 1 209
203 1 0
203 1 0
204 2 0
204 2 143
204 2 958
204 2 985
204 2 51
204 2 708
204 2 274
204 2 0
204 2 0
204 2 0
204 2 0
205 2 0
205 2 780
205 2 192
205 2 421
205 2 469
205 2 527
205 2 371
205 2 0
205 2 0
206 1 0
206 1 956
206 1 474
206 1 0
206 1 0
206 1 0
206 1 77
206 1 12
206 1 0
206 1 0
207 1 0
207 1 179
207 1 50
207 1 0
207 1 0
207 1 0
207 1 0
208 1 0
208 1 19
208 1 521
208 1 0
208 1 0
209 1 0
209 1 13
209 1 0
209 1 0
