total cost: 342511
1 2 0
1 2 553
1 2 288
1 2 767
1 2 0
1 2 0
1 2 307
1 2 793
1 2 0
1 2 0
1 2 141
1 2 0
2 1 0
2 1 220
2 1 802
2 1 577
2 1 254
2 1 0
2 1 0
2 1 616
2 1 180
2 1 257
2 1 932
2 1 0
2 1 0
2 1 0
3 1 0
3 1 801
3 1 754
3 1 593
3 1 475
3 1 510
3 1 356
3 1 0
4 1 0
4 1 463
4 1 539
4 1 0
5 2 0
5 2 954
5 2 161
5 2 652
5 2 591
5 2 0
5 2 0
5 2 0
6 1 0
6 1 790
6 1 0
6 1 0
6 1 654
6 1 0
7 2 0
7 2 645
7 2 865
7 2 189
7 2 428
7 2 0
7 2 0
7 2 612
7 2 230
7 2 0
8 2 0
8 2 605
8 2 974
8 2 716
8 2 525
8 2 476
8 2 0
9 1 0
9 1 408
9 1 947
9 1 401
9 1 229
9 1 535
9 1 0
9 1 0
9 1 0
10 1 0
10 1 57
10 1 281
10 1 843
10 1 170
10 1 749
10 1 423
10 1 717
10 1 0
10 1 0
10 1 520
10 1 0
11 2 0
11 2 856
11 2 763
11 2 831
11 2 602
11 2 911
11 2 468
11 2 700
11 2 783
11 2 477
11 2 0
12 2 0
12 2 354
12 2 442
12 2 710
12 2 532
12 2 304
12 2 205
12 2 114
12 2 0
13 1 0
13 1 37
13 1 0
14 2 0
14 2 459
14 2 693
14 2 454
14 2 283
14 2 590
14 2 0
15 1 0
15 1 0
16 2 0
16 2 154
16 2 0
16 2 0
16 2 319
16 2 544
16 2 0
17 1 0
17 1 462
17 1 813
17 1 478
17 1 0
17 1 0
17 1 164
17 1 689
17 1 8
17 1 352
17 1 0
18 1 0
18 1 4
18 1 250
18 1 899
18 1 826
18 1 922
18 1 217
18 1 470
18 1 897
18 1 0
18 1 0
18 1 799
18 1 0
19 1 0
19 1 391
19 1 440
19 1 216
19 1 650
19 1 600
19 1 0
19 1 0
19 1 0
20 1 0
20 1 124
20 1 919
20 1 148
20 1 0
21 2 0
21 2 501
21 2 400
21 2 682
21 2 798
21 2 380
21 2 641
21 2 171
21 2 742
21 2 0
21 2 0
21 2 0
22 1 0
22 1 92
22 1 732
22 1 0
23 2 0
23 2 841
23 2 101
23 2 7
23 2 543
23 2 437
23 2 992
23 2 923
23 2 436
23 2 0
23 2 0
23 2 0
24 2 0
24 2 570
24 2 759
24 2 975
24 2 810
24 2 276
24 2 0
24 2 0
24 2 0
25 1 0
25 1 284
25 1 237
25 1 0
26 2 0
26 2 565
26 2 871
26 2 850
26 2 58
26 2 36
26 2 264
26 2 99
26 2 63
26 2 807
26 2 0
27 2 0
27 2 489
27 2 94
27 2 0
28 2 0
28 2 64
28 2 106
28 2 815
28 2 360
28 2 990
28 2 223
28 2 0
29 2 0
29 2 291
29 2 542
29 2 133
29 2 707
29 2 246
29 2 40
29 2 508
29 2 678
29 2 967
29 2 0
29 2 0
29 2 0
30 2 0
30 2 846
30 2 473
30 2 714
30 2 293
30 2 0
31 1 0
31 1 820
31 1 128
31 1 741
31 1 0
31 1 0
31 1 107
31 1 0
32 1 0
32 1 816
32 1 863
32 1 868
32 1 609
32 1 0
32 1 0
32 1 561
32 1 504
32 1 0
33 2 0
33 2 866
33 2 9
33 2 721
33 2 0
34 2 0
34 2 158
34 2 541
34 2 939
34 2 338
34 2 204
34 2 563
34 2 964
34 2 940
34 2 125
34 2 0
35 2 0
35 2 113
35 2 910
35 2 529
35 2 907
35 2 349
35 2 0
35 2 0
35 2 248
35 2 0
36 2 0
36 2 738
36 2 603
36 2 796
36 2 608
36 2 447
36 2 545
36 2 0
36 2 0
36 2 269
36 2 0
37 2 0
37 2 389
37 2 580
37 2 538
37 2 446
37 2 495
37 2 397
37 2 512
37 2 212
37 2 692
37 2 0
38 1 0
38 1 54
38 1 925
38 1 418
38 1 902
38 1 84
38 1 885
38 1 323
38 1 178
38 1 0
39 2 0
39 2 17
39 2 715
39 2 292
39 2 208
39 2 0
39 2 0
39 2 0
40 2 0
40 2 14
40 2 666
40 2 855
40 2 232
40 2 808
40 2 676
40 2 852
40 2 0
41 2 0
41 2 606
41 2 955
41 2 562
41 2 266
41 2 399
41 2 680
41 2 873
41 2 844
41 2 438
41 2 0
42 2 0
42 2 441
42 2 207
42 2 168
42 2 803
42 2 969
42 2 949
42 2 0
43 1 0
43 1 153
43 1 394
43 1 453
43 1 78
43 1 88
43 1 0
43 1 0
43 1 550
43 1 784
43 1 314
43 1 0
44 2 0
44 2 531
44 2 45
44 2 806
44 2 814
44 2 93
44 2 880
44 2 345
44 2 136
44 2 0
45 2 0
45 2 524
45 2 279
45 2 255
45 2 647
45 2 980
45 2 74
45 2 724
45 2 0
46 1 0
46 1 335
46 1 513
46 1 472
46 1 785
46 1 0
46 1 0
46 1 0
47 1 0
47 1 837
47 1 909
47 1 0
48 1 0
48 1 945
48 1 791
48 1 259
48 1 191
48 1 0
49 2 0
49 2 456
49 2 996
49 2 273
49 2 429
49 2 735
49 2 628
49 2 937
49 2 289
49 2 675
49 2 0
49 2 0
49 2 0
50 1 0
50 1 921
50 1 351
50 1 0
50 1 0
50 1 677
50 1 0
51 2 0
51 2 336
51 2 369
51 2 854
51 2 426
51 2 0
51 2 0
51 2 679
51 2 576
51 2 0
51 2 0
51 2 0
52 2 0
52 2 817
52 2 157
52 2 199
52 2 324
52 2 648
52 2 290
52 2 0
52 2 0
52 2 0
53 1 0
53 1 435
53 1 686
53 1 160
53 1 0
53 1 0
53 1 0
54 1 0
54 1 518
54 1 497
54 1 574
54 1 419
54 1 976
54 1 669
54 1 0
54 1 0
54 1 86
54 1 0
55 2 0
55 2 611
55 2 455
55 2 0
55 2 0
55 2 0
56 1 0
56 1 664
56 1 410
56 1 151
56 1 752
56 1 970
56 1 27
56 1 434
56 1 0
57 1 0
57 1 163
57 1 906
57 1 0
58 1 0
58 1 200
58 1 694
58 1 0
59 2 0
59 2 130
59 2 0
59 2 0
59 2 0
60 2 0
60 2 41
60 2 417
60 2 918
60 2 309
60 2 0
60 2 0
60 2 0
61 2 0
61 2 809
61 2 930
61 2 771
61 2 492
61 2 413
61 2 0
61 2 0
61 2 95
61 2 398
61 2 776
61 2 668
61 2 0
62 2 0
62 2 699
62 2 646
62 2 392
62 2 366
62 2 0
62 2 0
62 2 47
62 2 604
62 2 383
62 2 44
62 2 0
63 1 0
63 1 102
63 1 610
63 1 894
63 1 25
63 1 582
63 1 726
63 1 758
63 1 595
63 1 0
63 1 0
63 1 0
63 1 0
64 1 0
64 1 989
64 1 751
64 1 673
64 1 485
64 1 0
64 1 0
64 1 876
64 1 753
64 1 929
64 1 0
65 2 0
65 2 644
65 2 329
65 2 991
65 2 71
65 2 661
65 2 0
65 2 0
65 2 0
66 2 0
66 2 340
66 2 781
66 2 188
66 2 425
66 2 0
66 2 0
66 2 181
66 2 135
66 2 0
67 1 0
67 1 275
67 1 310
67 1 973
67 1 0
67 1 0
67 1 166
67 1 11
67 1 0
68 1 0
68 1 943
68 1 941
68 1 685
68 1 936
68 1 656
68 1 0
68 1 0
68 1 0
69 1 0
69 1 511
69 1 777
69 1 79
69 1 663
69 1 0
69 1 0
69 1 835
69 1 490
69 1 471
69 1 0
70 1 0
70 1 233
70 1 134
70 1 175
70 1 420
70 1 376
70 1 601
70 1 140
70 1 515
70 1 0
70 1 0
70 1 0
70 1 0
71 2 0
71 2 321
71 2 861
71 2 393
71 2 965
71 2 971
71 2 734
71 2 480
71 2 0
72 2 0
72 2 748
72 2 581
72 2 630
72 2 0
73 2 0
73 2 186
73 2 484
73 2 172
73 2 761
73 2 211
73 2 0
74 2 0
74 2 756
74 2 177
74 2 701
74 2 218
74 2 494
74 2 80
74 2 311
74 2 0
74 2 0
74 2 0
75 2 0
75 2 150
75 2 621
75 2 944
75 2 857
75 2 0
76 2 0
76 2 794
76 2 458
76 2 332
76 2 613
76 2 995
76 2 0
76 2 0
76 2 0
77 2 0
77 2 193
77 2 840
77 2 0
77 2 0
77 2 568
77 2 0
78 1 0
78 1 430
78 1 334
78 1 938
78 1 755
78 1 997
78 1 493
78 1 778
78 1 0
78 1 0
78 1 0
78 1 0
79 2 0
79 2 328
79 2 282
79 2 977
79 2 396
79 2 509
79 2 481
79 2 0
80 1 0
80 1 183
80 1 960
80 1 24
80 1 119
80 1 28
80 1 0
81 1 0
81 1 226
81 1 887
81 1 118
81 1 496
81 1 367
81 1 994
81 1 942
81 1 883
81 1 0
81 1 0
82 1 0
82 1 411
82 1 404
82 1 0
82 1 0
82 1 757
82 1 0
83 1 0
83 1 709
83 1 38
83 1 0
84 1 0
84 1 934
84 1 578
84 1 365
84 1 705
84 1 91
84 1 0
85 1 0
85 1 18
85 1 891
85 1 341
85 1 571
85 1 0
85 1 0
85 1 0
86 1 0
86 1 564
86 1 695
86 1 0
87 1 0
87 1 0
88 2 0
88 2 718
88 2 0
88 2 0
88 2 0
89 1 0
89 1 30
89 1 81
89 1 0
89 1 0
89 1 557
89 1 0
90 2 0
90 2 697
90 2 272
90 2 85
90 2 800
90 2 97
90 2 0
90 2 0
90 2 0
91 1 0
91 1 640
91 1 998
91 1 554
91 1 586
91 1 624
91 1 0
91 1 0
91 1 0
91 1 0
92 1 0
92 1 167
92 1 782
92 1 764
92 1 819
92 1 0
92 1 0
92 1 479
92 1 0
93 2 0
93 2 59
93 2 173
93 2 659
93 2 848
93 2 838
93 2 342
93 2 0
93 2 0
93 2 0
94 1 0
94 1 870
94 1 805
94 1 466
94 1 587
94 1 588
94 1 0
94 1 0
94 1 0
94 1 0
95 1 0
95 1 779
95 1 881
95 1 298
95 1 0
96 1 0
96 1 457
96 1 818
96 1 301
96 1 0
97 1 0
97 1 999
97 1 622
97 1 719
97 1 839
97 1 60
97 1 6
97 1 89
97 1 433
97 1 0
97 1 0
97 1 0
97 1 0
98 2 0
98 2 948
98 2 0
99 1 0
99 1 877
99 1 0
100 2 0
100 2 797
100 2 988
100 2 927
100 2 318
100 2 346
100 2 461
100 2 46
100 2 104
100 2 0
100 2 0
101 1 0
101 1 31
101 1 849
101 1 660
101 1 875
101 1 122
101 1 983
101 1 558
101 1 706
101 1 0
101 1 0
101 1 0
101 1 0
102 2 0
102 2 516
102 2 23
102 2 0
103 2 0
103 2 330
103 2 847
103 2 812
103 2 0
104 2 0
104 2 662
104 2 112
104 2 0
105 1 0
105 1 746
105 1 720
105 1 842
105 1 0
106 2 0
106 2 247
106 2 190
106 2 327
106 2 615
106 2 619
106 2 0
106 2 0
106 2 0
107 2 0
107 2 874
107 2 828
107 2 0
107 2 0
107 2 66
107 2 750
107 2 607
107 2 0
108 1 0
108 1 0
109 2 0
109 2 657
109 2 0
109 2 0
109 2 655
109 2 34
109 2 339
109 2 0
109 2 0
109 2 0
110 1 0
110 1 951
110 1 144
110 1 245
110 1 414
110 1 789
110 1 0
110 1 0
111 2 0
111 2 830
111 2 730
111 2 0
111 2 0
111 2 546
111 2 182
111 2 0
112 2 0
112 2 149
112 2 792
112 2 320
112 2 460
112 2 0
112 2 0
112 2 43
112 2 0
113 1 0
113 1 294
113 1 950
113 1 467
113 1 465
113 1 0
113 1 0
113 1 530
113 1 920
113 1 0
114 1 0
114 1 126
114 1 683
114 1 0
114 1 0
114 1 10
114 1 727
114 1 0
114 1 0
114 1 0
115 1 0
115 1 665
115 1 559
115 1 555
115 1 432
115 1 116
115 1 526
115 1 928
115 1 0
115 1 0
116 1 0
116 1 642
116 1 908
116 1 728
116 1 498
116 1 548
116 1 503
116 1 381
116 1 617
116 1 0
116 1 0
116 1 0
116 1 0
117 1 0
117 1 445
117 1 387
117 1 348
117 1 0
117 1 0
117 1 0
118 1 0
118 1 214
118 1 0
118 1 0
118 1 898
118 1 0
119 2 0
119 2 251
119 2 502
119 2 0
120 2 0
120 2 703
120 2 627
120 2 505
120 2 0
121 2 0
121 2 672
121 2 265
121 2 824
121 2 0
121 2 0
121 2 0
122 1 0
122 1 536
122 1 0
123 2 0
123 2 904
123 2 287
123 2 0
123 2 0
123 2 0
124 1 0
124 1 313
124 1 903
124 1 0
124 1 0
124 1 221
124 1 0
125 1 0
125 1 109
125 1 853
125 1 825
125 1 972
125 1 0
125 1 0
125 1 0
125 1 33
125 1 0
125 1 0
125 1 0
126 2 0
126 2 596
126 2 364
126 2 145
126 2 0
126 2 0
126 2 82
126 2 406
126 2 0
127 1 0
127 1 142
127 1 634
127 1 566
127 1 176
127 1 978
127 1 0
127 1 0
127 1 0
127 1 0
128 1 0
128 1 534
128 1 488
128 1 187
128 1 573
128 1 0
128 1 0
128 1 0
128 1 0
129 2 0
129 2 712
129 2 653
129 2 448
129 2 681
129 2 373
129 2 0
129 2 0
129 2 0
130 2 0
130 2 862
130 2 744
130 2 296
130 2 0
130 2 0
130 2 638
130 2 772
130 2 317
130 2 0
130 2 0
130 2 0
131 2 0
131 2 271
131 2 827
131 2 156
131 2 823
131 2 0
131 2 0
131 2 165
131 2 305
131 2 0
132 2 0
132 2 407
132 2 832
132 2 253
132 2 651
132 2 834
132 2 895
132 2 0
132 2 0
132 2 0
132 2 0
133 2 0
133 2 385
133 2 35
133 2 263
133 2 760
133 2 579
133 2 984
133 2 829
133 2 295
133 2 0
133 2 0
134 1 0
134 1 42
134 1 698
134 1 905
134 1 890
134 1 845
134 1 0
134 1 0
135 2 0
135 2 240
135 2 249
135 2 0
135 2 0
135 2 53
135 2 740
135 2 0
136 1 0
136 1 32
136 1 917
136 1 912
136 1 0
137 2 0
137 2 670
137 2 690
137 2 123
137 2 73
137 2 0
138 1 0
138 1 409
138 1 743
138 1 860
138 1 236
138 1 723
138 1 146
138 1 491
138 1 0
138 1 0
139 1 0
139 1 523
139 1 1000
139 1 69
139 1 68
139 1 0
139 1 0
140 1 0
140 1 384
140 1 382
140 1 90
140 1 0
140 1 0
141 2 0
141 2 15
141 2 522
141 2 499
141 2 979
141 2 0
141 2 0
142 2 0
142 2 127
142 2 626
142 2 0
142 2 0
142 2 0
143 1 0
143 1 514
143 1 914
143 1 357
143 1 0
143 1 0
144 1 0
144 1 402
144 1 733
144 1 636
144 1 83
144 1 0
144 1 0
144 1 0
144 1 0
145 1 0
145 1 722
145 1 98
145 1 986
145 1 0
145 1 0
145 1 0
145 1 811
145 1 556
145 1 0
146 1 0
146 1 982
146 1 953
146 1 713
146 1 795
146 1 0
146 1 0
146 1 0
146 1 0
147 1 0
147 1 374
147 1 788
147 1 196
147 1 872
147 1 0
147 1 0
147 1 0
147 1 765
147 1 0
148 1 0
148 1 22
148 1 316
148 1 867
148 1 268
148 1 0
148 1 0
148 1 0
148 1 222
148 1 0
148 1 0
148 1 0
149 2 0
149 2 773
149 2 464
149 2 635
149 2 632
149 2 415
149 2 201
149 2 0
149 2 0
149 2 0
149 2 0
150 1 0
150 1 277
150 1 916
150 1 962
150 1 162
150 1 633
150 1 0
150 1 0
151 1 0
151 1 786
151 1 0
151 1 0
151 1 412
151 1 0
152 2 0
152 2 377
152 2 598
152 2 326
152 2 331
152 2 322
152 2 0
152 2 0
153 2 0
153 2 913
153 2 87
153 2 0
153 2 0
153 2 0
154 1 0
154 1 449
154 1 194
154 1 893
154 1 597
154 1 549
154 1 286
154 1 486
154 1 915
154 1 0
154 1 0
154 1 0
154 1 0
155 1 0
155 1 372
155 1 0
155 1 0
155 1 0
156 1 0
156 1 450
156 1 303
156 1 959
156 1 308
156 1 49
156 1 704
156 1 386
156 1 0
156 1 0
157 1 0
157 1 5
157 1 325
157 1 0
157 1 0
157 1 202
157 1 0
158 1 0
158 1 725
158 1 674
158 1 552
158 1 0
158 1 0
158 1 0
158 1 0
159 2 0
159 2 243
159 2 120
159 2 747
159 2 0
159 2 0
159 2 506
159 2 993
159 2 0
160 2 0
160 2 625
160 2 224
160 2 981
160 2 507
160 2 649
160 2 299
160 2 882
160 2 0
160 2 0
161 2 0
161 2 370
161 2 244
161 2 567
161 2 528
161 2 361
161 2 353
161 2 443
161 2 0
161 2 0
161 2 0
161 2 0
162 1 0
162 1 184
162 1 0
162 1 0
162 1 0
163 1 0
163 1 643
163 1 0
163 1 0
163 1 0
164 2 0
164 2 745
164 2 0
164 2 0
164 2 569
164 2 0
165 2 0
165 2 884
165 2 618
165 2 517
165 2 0
165 2 0
165 2 29
165 2 0
166 2 0
166 2 137
166 2 131
166 2 267
166 2 197
166 2 0
166 2 0
167 2 0
167 2 198
167 2 238
167 2 966
167 2 859
167 2 0
168 1 0
168 1 155
168 1 333
168 1 252
168 1 241
168 1 55
168 1 0
168 1 0
169 1 0
169 1 924
169 1 623
169 1 117
169 1 378
169 1 280
169 1 0
169 1 0
169 1 0
169 1 0
170 2 0
170 2 684
170 2 422
170 2 21
170 2 363
170 2 931
170 2 599
170 2 3
170 2 879
170 2 836
170 2 585
170 2 0
170 2 0
171 2 0
171 2 416
171 2 129
171 2 901
171 2 159
171 2 671
171 2 105
171 2 961
171 2 629
171 2 0
171 2 0
172 2 0
172 2 368
172 2 20
172 2 691
172 2 306
172 2 589
172 2 278
172 2 787
172 2 0
172 2 0
172 2 0
172 2 0
173 2 0
173 2 210
173 2 900
173 2 667
173 2 242
173 2 0
173 2 0
173 2 0
173 2 0
174 1 0
174 1 482
174 1 379
174 1 768
174 1 350
174 1 0
174 1 0
174 1 0
174 1 0
175 2 0
175 2 451
175 2 0
176 2 0
176 2 72
176 2 639
176 2 737
176 2 858
176 2 0
176 2 0
177 2 0
177 2 362
177 2 169
177 2 0
178 1 0
178 1 61
178 1 946
178 1 631
178 1 963
178 1 427
178 1 228
178 1 0
178 1 0
178 1 0
178 1 0
179 1 0
179 1 297
179 1 0
179 1 0
180 1 0
180 1 103
180 1 215
180 1 174
180 1 147
180 1 0
180 1 0
180 1 0
180 1 76
180 1 0
180 1 0
181 2 0
181 2 770
181 2 403
181 2 851
181 2 892
181 2 0
181 2 0
181 2 0
181 2 0
182 2 0
182 2 100
182 2 347
182 2 878
182 2 206
182 2 285
182 2 952
182 2 96
182 2 0
182 2 0
182 2 0
182 2 0
183 1 0
183 1 256
183 1 355
183 1 769
183 1 533
183 1 0
183 1 0
183 1 0
183 1 0
184 1 0
184 1 711
184 1 739
184 1 65
184 1 0
184 1 0
185 2 0
185 2 209
185 2 75
185 2 0
186 1 0
186 1 227
186 1 203
186 1 115
186 1 452
186 1 0
186 1 0
186 1 0
186 1 2
186 1 0
187 1 0
187 1 483
187 1 343
187 1 575
187 1 0
187 1 0
187 1 0
187 1 195
187 1 0
188 1 0
188 1 52
188 1 821
188 1 258
188 1 0
188 1 0
188 1 0
188 1 152
188 1 0
189 1 0
189 1 261
189 1 736
189 1 766
189 1 637
189 1 0
189 1 0
189 1 0
189 1 0
190 2 0
190 2 225
190 2 926
190 2 696
190 2 519
190 2 121
190 2 896
190 2 0
190 2 0
190 2 0
190 2 0
191 2 0
191 2 111
191 2 487
191 2 933
191 2 0
191 2 0
191 2 0
191 2 560
191 2 439
191 2 822
191 2 0
191 2 0
191 2 0
191 2 0
192 2 0
192 2 312
192 2 70
192 2 302
192 2 687
192 2 614
192 2 833
192 2 300
192 2 620
192 2 0
192 2 0
192 2 0
192 2 0
193 1 0
193 1 16
193 1 388
193 1 262
193 1 0
193 1 0
193 1 0
193 1 375
193 1 138
193 1 0
193 1 0
194 2 0
194 2 592
194 2 1
194 2 213
194 2 0
194 2 0
194 2 0
194 2 547
194 2 0
194 2 0
195 2 0
195 2 358
195 2 405
195 2 239
195 2 390
195 2 0
195 2 0
195 2 0
195 2 0
196 2 0
196 2 56
196 2 774
196 2 702
196 2 572
196 2 888
196 2 0
196 2 0
197 2 0
197 2 344
197 2 315
197 2 395
197 2 0
197 2 0
198 2 0
198 2 804
198 2 886
198 2 500
198 2 0
198 2 0
198 2 0
198 2 139
198 2 110
198 2 0
198 2 0
199 1 0
199 1 234
199 1 62
199 1 968
199 1 537
199 1 658
199 1 0
199 1 0
199 1 0
199 1 0
200 1 0
200 1 594
200 1 584
200 1 0
200 1 0
201 1 0
201 1 729
201 1 775
201 1 0
201 1 0
201 1 0
201 1 864
201 1 231
201 1 0
201 1 0
202 2 0
202 2 521
202 2 551
202 2 0
202 2 0
203 2 0
203 2 444
203 2 132
203 2 39
203 2 889
203 2 0
203 2 0
203 2 0
203 2 0
204 2 0
204 2 431
204 2 235
204 2 869
204 2 0
204 2 0
205 2 0
205 2 688
205 2 67
205 2 583
205 2 935
205 2 337
205 2 731
205 2 0
205 2 0
205 2 0
205 2 0
206 1 0
206 1 143
206 1 26
206 1 50
206 1 527
206 1 0
206 1 0
207 1 0
207 1 192
207 1 762
207 1 469
207 1 19
207 1 0
207 1 0
207 1 0
207 1 0
208 1 0
208 1 424
208 1 540
208 1 421
208 1 0
208 1 0
208 1 0
208 1 0
209 2 0
209 2 185
209 2 958
209 2 987
209 2 51
209 2 957
209 2 0
209 2 0
209 2 0
209 2 0
210 2 0
210 2 780
210 2 179
210 2 708
210 2 77
210 2 0
210 2 0
210 2 0
210 2 0
211 2 0
211 2 48
211 2 371
211 2 12
211 2 0
211 2 0
211 2 0
211 2 0
212 2 0
212 2 956
212 2 474
212 2 985
212 2 359
212 2 274
212 2 0
212 2 0
212 2 0
212 2 0
213 1 0
213 1 270
213 1 260
213 1 0
213 1 0
213 1 0
213 1 0
214 1 0
214 1 219
214 1 0
214 1 0
215 1 0
215 1 108
215 1 0
216 1 0
216 1 13
216 1 0
216 1 0
