total cost: 333944
1 2 0
1 2 553
1 2 288
1 2 767
1 2 0
1 2 0
1 2 307
1 2 793
1 2 0
1 2 0
1 2 141
1 2 0
2 1 0
2 1 220
2 1 802
2 1 577
2 1 254
2 1 0
2 1 0
2 1 180
2 1 257
2 1 932
2 1 0
3 2 0
3 2 616
3 2 161
3 2 652
3 2 0
3 2 0
3 2 0
4 1 0
4 1 954
4 1 654
4 1 520
4 1 0
5 2 0
5 2 463
5 2 539
5 2 459
5 2 693
5 2 454
5 2 0
5 2 0
5 2 790
5 2 0
5 2 0
5 2 0
6 1 0
6 1 408
6 1 801
6 1 754
6 1 593
6 1 475
6 1 510
6 1 356
6 1 0
7 2 0
7 2 645
7 2 865
7 2 189
7 2 442
7 2 92
7 2 710
7 2 717
7 2 0
7 2 0
7 2 0
8 2 0
8 2 605
8 2 974
8 2 401
8 2 229
8 2 0
9 2 0
9 2 57
9 2 843
9 2 170
9 2 749
9 2 689
9 2 525
9 2 476
9 2 0
10 2 0
10 2 281
10 2 423
10 2 532
10 2 544
10 2 798
10 2 380
10 2 0
11 1 0
11 1 856
11 1 4
11 1 501
11 1 250
11 1 911
11 1 468
11 1 700
11 1 0
11 1 0
11 1 230
11 1 0
12 1 0
12 1 354
12 1 0
13 1 0
13 1 319
13 1 716
13 1 0
14 1 0
14 1 124
14 1 919
14 1 799
14 1 148
14 1 0
15 2 0
15 2 164
15 2 391
15 2 440
15 2 216
15 2 650
15 2 0
16 1 0
16 1 37
16 1 0
17 2 0
17 2 154
17 2 0
17 2 0
17 2 612
17 2 535
17 2 8
17 2 0
18 2 0
18 2 462
18 2 813
18 2 478
18 2 570
18 2 0
18 2 0
18 2 283
18 2 590
18 2 269
18 2 0
19 2 0
19 2 763
19 2 831
19 2 759
19 2 237
19 2 0
19 2 0
19 2 591
19 2 504
19 2 0
20 1 0
20 1 947
20 1 400
20 1 682
20 1 826
20 1 641
20 1 171
20 1 742
20 1 0
21 1 0
21 1 602
21 1 939
21 1 975
21 1 810
21 1 276
21 1 0
22 1 0
22 1 714
22 1 248
22 1 0
23 1 0
23 1 841
23 1 543
23 1 101
23 1 783
23 1 470
23 1 217
23 1 897
23 1 345
23 1 0
23 1 0
23 1 0
24 1 0
24 1 565
24 1 850
24 1 58
24 1 871
24 1 36
24 1 264
24 1 99
24 1 63
24 1 807
24 1 0
24 1 0
24 1 0
25 1 0
25 1 428
25 1 820
25 1 54
25 1 732
25 1 600
25 1 0
25 1 0
25 1 0
26 1 0
26 1 284
26 1 338
26 1 791
26 1 945
26 1 191
26 1 259
26 1 125
26 1 0
27 2 0
27 2 489
27 2 741
27 2 107
27 2 0
28 2 0
28 2 304
28 2 205
28 2 114
28 2 477
28 2 0
29 2 0
29 2 899
29 2 922
29 2 45
29 2 806
29 2 814
29 2 93
29 2 880
29 2 136
29 2 694
29 2 844
29 2 0
30 1 0
30 1 64
30 1 967
30 1 678
30 1 0
31 2 0
31 2 291
31 2 7
31 2 992
31 2 437
31 2 508
31 2 815
31 2 360
31 2 0
32 1 0
32 1 846
32 1 473
32 1 293
32 1 0
33 2 0
33 2 866
33 2 9
33 2 721
33 2 923
33 2 436
33 2 970
33 2 0
33 2 0
33 2 0
34 1 0
34 1 128
34 1 925
34 1 715
34 1 418
34 1 292
34 1 208
34 1 38
34 1 0
35 2 0
35 2 816
35 2 863
35 2 868
35 2 609
35 2 349
35 2 0
35 2 0
35 2 561
35 2 0
36 2 0
36 2 158
36 2 541
36 2 204
36 2 563
36 2 964
36 2 940
36 2 314
36 2 0
37 2 0
37 2 389
37 2 580
37 2 441
37 2 855
37 2 232
37 2 808
37 2 512
37 2 397
37 2 212
37 2 0
38 1 0
38 1 113
38 1 910
38 1 529
38 1 907
38 1 335
38 1 0
39 2 0
39 2 738
39 2 603
39 2 796
39 2 608
39 2 513
39 2 906
39 2 545
39 2 0
40 1 0
40 1 14
40 1 538
40 1 446
40 1 495
40 1 949
40 1 852
40 1 692
40 1 0
41 1 0
41 1 17
41 1 178
41 1 323
41 1 885
41 1 0
42 2 0
42 2 279
42 2 524
42 2 255
42 2 980
42 2 74
42 2 724
42 2 0
43 2 0
43 2 606
43 2 955
43 2 542
43 2 707
43 2 246
43 2 40
43 2 2
43 2 990
43 2 223
43 2 0
44 2 0
44 2 106
44 2 41
44 2 677
44 2 0
45 1 0
45 1 153
45 1 394
45 1 666
45 1 207
45 1 676
45 1 168
45 1 0
45 1 0
45 1 0
46 2 0
46 2 531
46 2 809
46 2 430
46 2 977
46 2 396
46 2 685
46 2 936
46 2 581
46 2 0
46 2 0
46 2 0
47 1 0
47 1 472
47 1 785
47 1 0
47 1 0
47 1 0
48 2 0
48 2 133
48 2 399
48 2 680
48 2 873
48 2 438
48 2 481
48 2 509
48 2 0
49 2 0
49 2 550
49 2 784
49 2 86
49 2 0
50 1 0
50 1 837
50 1 909
50 1 0
51 1 0
51 1 352
51 1 0
52 1 0
52 1 163
52 1 679
52 1 0
53 2 0
53 2 456
53 2 102
53 2 610
53 2 574
53 2 419
53 2 621
53 2 944
53 2 669
53 2 0
53 2 0
53 2 0
54 1 0
54 1 921
54 1 351
54 1 0
54 1 0
54 1 130
54 1 576
54 1 0
55 1 0
55 1 336
55 1 369
55 1 854
55 1 0
55 1 0
55 1 435
55 1 835
55 1 0
56 2 0
56 2 817
56 2 157
56 2 199
56 2 324
56 2 648
56 2 290
56 2 0
56 2 0
56 2 0
57 1 0
57 1 518
57 1 497
57 1 404
57 1 0
57 1 0
57 1 95
57 1 398
57 1 0
58 2 0
58 2 266
58 2 562
58 2 664
58 2 410
58 2 151
58 2 752
58 2 0
59 1 0
59 1 611
59 1 647
59 1 455
59 1 0
60 1 0
60 1 200
60 1 918
60 1 309
60 1 0
60 1 0
60 1 0
61 1 0
61 1 969
61 1 803
61 1 516
61 1 0
62 2 0
62 2 699
62 2 646
62 2 392
62 2 30
62 2 628
62 2 937
62 2 289
62 2 135
62 2 0
62 2 0
62 2 0
63 2 0
63 2 340
63 2 781
63 2 188
63 2 425
63 2 776
63 2 668
63 2 0
64 2 0
64 2 876
64 2 753
64 2 0
65 1 0
65 1 989
65 1 751
65 1 673
65 1 485
65 1 0
65 1 0
65 1 94
65 1 0
66 1 0
66 1 996
66 1 870
66 1 797
66 1 81
66 1 0
66 1 0
66 1 160
66 1 0
67 1 0
67 1 644
67 1 329
67 1 453
67 1 78
67 1 71
67 1 44
67 1 383
67 1 0
67 1 0
67 1 0
67 1 0
68 2 0
68 2 902
68 2 84
68 2 709
68 2 757
68 2 0
69 2 0
69 2 181
69 2 417
69 2 675
69 2 779
69 2 0
69 2 0
69 2 0
70 1 0
70 1 275
70 1 310
70 1 748
70 1 434
70 1 0
70 1 0
70 1 0
71 2 0
71 2 568
71 2 0
72 2 0
72 2 166
72 2 27
72 2 11
72 2 0
73 2 0
73 2 511
73 2 777
73 2 79
73 2 663
73 2 601
73 2 0
73 2 0
73 2 0
74 1 0
74 1 686
74 1 321
74 1 701
74 1 183
74 1 490
74 1 471
74 1 0
74 1 0
74 1 0
75 2 0
75 2 943
75 2 18
75 2 887
75 2 973
75 2 0
75 2 0
75 2 47
75 2 604
75 2 0
76 1 0
76 1 233
76 1 134
76 1 175
76 1 420
76 1 376
76 1 140
76 1 218
76 1 80
76 1 494
76 1 0
76 1 0
76 1 0
76 1 0
77 2 0
77 2 186
77 2 735
77 2 172
77 2 761
77 2 595
77 2 758
77 2 587
77 2 0
78 2 0
78 2 756
78 2 794
78 2 874
78 2 655
78 2 0
78 2 0
78 2 971
78 2 965
78 2 734
78 2 480
78 2 0
79 2 0
79 2 150
79 2 193
79 2 840
79 2 0
79 2 0
79 2 0
80 1 0
80 1 328
80 1 334
80 1 755
80 1 997
80 1 493
80 1 778
80 1 0
80 1 0
80 1 0
81 1 0
81 1 447
81 1 929
81 1 705
81 1 91
81 1 0
82 2 0
82 2 226
82 2 118
82 2 656
82 2 672
82 2 727
82 2 0
82 2 0
82 2 0
83 1 0
83 1 411
83 1 426
83 1 173
83 1 0
84 1 0
84 1 960
84 1 24
84 1 0
85 2 0
85 2 930
85 2 771
85 2 492
85 2 413
85 2 479
85 2 630
85 2 0
86 2 0
86 2 934
86 2 88
86 2 578
86 2 365
86 2 23
86 2 898
86 2 0
86 2 0
86 2 0
87 1 0
87 1 564
87 1 695
87 1 0
88 2 0
88 2 941
88 2 999
88 2 341
88 2 891
88 2 571
88 2 883
88 2 942
88 2 994
88 2 824
88 2 0
88 2 0
88 2 0
88 2 0
89 1 0
89 1 273
89 1 746
89 1 894
89 1 25
89 1 726
89 1 83
89 1 0
89 1 0
89 1 0
89 1 0
90 1 0
90 1 177
90 1 904
90 1 812
90 1 287
90 1 0
90 1 0
90 1 0
91 1 0
91 1 0
92 2 0
92 2 718
92 2 857
92 2 0
92 2 0
92 2 0
93 2 0
93 2 861
93 2 393
93 2 457
93 2 119
93 2 28
93 2 0
94 1 0
94 1 557
94 1 0
95 2 0
95 2 330
95 2 311
95 2 847
95 2 0
95 2 0
95 2 0
96 2 0
96 2 697
96 2 272
96 2 366
96 2 0
96 2 0
96 2 85
96 2 877
96 2 881
96 2 298
96 2 0
97 1 0
97 1 640
97 1 554
97 1 998
97 1 665
97 1 15
97 1 432
97 1 0
97 1 0
97 1 0
97 1 0
98 1 0
98 1 167
98 1 938
98 1 294
98 1 97
98 1 800
98 1 465
98 1 0
98 1 0
98 1 0
98 1 0
99 1 0
99 1 59
99 1 0
100 2 0
100 2 586
100 2 624
100 2 515
100 2 0
101 1 0
101 1 948
101 1 211
101 1 0
102 1 0
102 1 429
102 1 988
102 1 805
102 1 466
102 1 0
103 2 0
103 2 282
103 2 819
103 2 730
103 2 0
103 2 0
103 2 661
103 2 182
103 2 0
103 2 0
103 2 0
104 2 0
104 2 31
104 2 660
104 2 582
104 2 875
104 2 983
104 2 558
104 2 706
104 2 0
105 1 0
105 1 484
105 1 0
106 1 0
106 1 764
106 1 126
106 1 683
106 1 0
106 1 0
106 1 838
106 1 0
107 1 0
107 1 662
107 1 112
107 1 0
108 1 0
108 1 247
108 1 190
108 1 832
108 1 0
108 1 0
108 1 66
108 1 0
109 2 0
109 2 991
109 2 627
109 2 0
109 2 0
109 2 848
109 2 342
109 2 607
109 2 0
110 2 0
110 2 782
110 2 830
110 2 596
110 2 214
110 2 0
110 2 0
110 2 496
110 2 301
110 2 0
111 2 0
111 2 458
111 2 534
111 2 792
111 2 613
111 2 488
111 2 187
111 2 0
111 2 0
111 2 43
111 2 0
112 1 0
112 1 0
113 1 0
113 1 0
114 2 0
114 2 657
114 2 703
114 2 407
114 2 951
114 2 0
114 2 0
114 2 546
114 2 750
114 2 789
114 2 0
115 2 0
115 2 149
115 2 332
115 2 622
115 2 573
115 2 839
115 2 6
115 2 89
115 2 0
115 2 0
116 1 0
116 1 642
116 1 908
116 1 144
116 1 245
116 1 414
116 1 659
116 1 0
116 1 0
116 1 0
116 1 0
117 1 0
117 1 842
117 1 0
118 1 0
118 1 10
118 1 265
118 1 0
118 1 0
118 1 0
119 1 0
119 1 445
119 1 638
119 1 920
119 1 0
119 1 0
119 1 0
120 1 0
120 1 530
120 1 165
120 1 0
121 1 0
121 1 251
121 1 927
121 1 318
121 1 0
121 1 0
121 1 536
121 1 0
122 2 0
122 2 950
122 2 467
122 2 346
122 2 461
122 2 90
122 2 0
123 1 0
123 1 828
123 1 0
123 1 0
123 1 367
123 1 127
123 1 626
123 1 0
123 1 0
123 1 0
124 1 0
124 1 720
124 1 502
124 1 0
125 2 0
125 2 313
125 2 903
125 2 0
125 2 0
125 2 221
125 2 505
125 2 0
126 2 0
126 2 719
126 2 320
126 2 460
126 2 725
126 2 0
126 2 0
126 2 33
126 2 0
127 1 0
127 1 109
127 1 853
127 1 387
127 1 0
127 1 0
127 1 82
127 1 0
127 1 0
127 1 0
128 1 0
128 1 712
128 1 653
128 1 448
128 1 681
128 1 0
128 1 0
128 1 0
128 1 0
129 1 0
129 1 142
129 1 634
129 1 825
129 1 566
129 1 176
129 1 0
129 1 0
129 1 0
129 1 0
130 2 0
130 2 296
130 2 145
130 2 32
130 2 0
130 2 0
130 2 818
130 2 786
130 2 0
130 2 0
130 2 0
131 1 0
131 1 862
131 1 744
131 1 60
131 1 859
131 1 924
131 1 0
131 1 0
131 1 0
131 1 0
132 2 0
132 2 849
132 2 670
132 2 385
132 2 976
132 2 122
132 2 905
132 2 890
132 2 845
132 2 295
132 2 0
132 2 0
133 2 0
133 2 364
133 2 743
133 2 860
133 2 236
133 2 104
133 2 46
133 2 0
134 1 0
134 1 271
134 1 827
134 1 156
134 1 728
134 1 0
134 1 0
134 1 0
134 1 0
135 2 0
135 2 34
135 2 555
135 2 339
135 2 526
135 2 928
135 2 0
136 1 0
136 1 523
136 1 348
136 1 1000
136 1 69
136 1 68
136 1 0
136 1 0
137 1 0
137 1 42
137 1 615
137 1 327
137 1 619
137 1 53
137 1 503
137 1 0
137 1 0
138 2 0
138 2 240
138 2 559
138 2 322
138 2 499
138 2 0
138 2 0
138 2 0
139 2 0
139 2 406
139 2 912
139 2 0
140 2 0
140 2 409
140 2 384
140 2 382
140 2 0
141 1 0
141 1 823
141 1 498
141 1 548
141 1 617
141 1 381
141 1 0
141 1 0
142 1 0
142 1 811
142 1 772
142 1 317
142 1 0
142 1 0
142 1 0
142 1 0
143 2 0
143 2 514
143 2 690
143 2 123
143 2 834
143 2 651
143 2 760
143 2 0
143 2 0
144 1 0
144 1 402
144 1 733
144 1 636
144 1 0
144 1 0
144 1 0
144 1 995
144 1 0
145 2 0
145 2 917
145 2 412
145 2 372
145 2 0
145 2 0
145 2 0
146 2 0
146 2 740
146 2 895
146 2 0
146 2 0
146 2 0
147 2 0
147 2 722
147 2 98
147 2 986
147 2 0
147 2 0
147 2 765
147 2 0
148 1 0
148 1 982
148 1 368
148 1 914
148 1 0
148 1 0
148 1 0
148 1 588
148 1 201
148 1 415
148 1 0
148 1 0
149 1 0
149 1 374
149 1 788
149 1 522
149 1 249
149 1 0
149 1 0
149 1 0
149 1 222
149 1 0
149 1 0
149 1 0
150 2 0
150 2 22
150 2 316
150 2 972
150 2 978
150 2 325
150 2 5
150 2 569
150 2 0
150 2 0
150 2 0
150 2 0
151 1 0
151 1 73
151 1 253
151 1 263
151 1 297
151 1 0
151 1 0
152 1 0
152 1 773
152 1 635
152 1 464
152 1 632
152 1 0
152 1 0
152 1 0
152 1 0
153 1 0
153 1 277
153 1 916
153 1 56
153 1 162
153 1 633
153 1 984
153 1 579
153 1 0
153 1 0
153 1 0
153 1 0
154 2 0
154 2 305
154 2 373
154 2 0
155 1 0
155 1 377
155 1 872
155 1 331
155 1 326
155 1 556
155 1 0
155 1 0
155 1 0
155 1 0
156 2 0
156 2 913
156 2 0
157 1 0
157 1 449
157 1 194
157 1 893
157 1 597
157 1 549
157 1 286
157 1 486
157 1 915
157 1 0
157 1 0
157 1 0
157 1 0
158 1 0
158 1 450
158 1 303
158 1 959
158 1 308
158 1 49
158 1 704
158 1 386
158 1 0
158 1 0
159 2 0
159 2 116
159 2 152
159 2 979
159 2 0
159 2 0
159 2 0
160 2 0
160 2 357
160 2 829
160 2 795
160 2 0
160 2 0
161 1 0
161 1 698
161 1 35
161 1 993
161 1 737
161 1 0
161 1 0
162 1 0
162 1 506
162 1 0
163 1 0
163 1 243
163 1 884
163 1 867
163 1 0
163 1 0
163 1 0
163 1 202
163 1 0
164 1 0
164 1 625
164 1 224
164 1 238
164 1 966
164 1 210
164 1 0
164 1 0
164 1 0
164 1 0
165 2 0
165 2 196
165 2 770
165 2 598
165 2 267
165 2 0
165 2 0
165 2 0
165 2 29
165 2 87
165 2 0
165 2 0
165 2 0
166 2 0
166 2 184
166 2 747
166 2 674
166 2 517
166 2 552
166 2 0
166 2 0
166 2 0
166 2 0
167 1 0
167 1 643
167 1 0
167 1 0
167 1 0
168 2 0
168 2 370
168 2 244
168 2 567
168 2 528
168 2 361
168 2 353
168 2 443
168 2 0
168 2 0
168 2 0
168 2 0
169 1 0
169 1 137
169 1 131
169 1 0
169 1 0
169 1 0
169 1 0
170 2 0
170 2 198
170 2 416
170 2 507
170 2 900
170 2 433
170 2 491
170 2 299
170 2 882
170 2 0
170 2 0
171 2 0
171 2 723
171 2 362
171 2 76
171 2 242
171 2 146
171 2 0
171 2 0
172 1 0
172 1 981
172 1 482
172 1 379
172 1 159
172 1 671
172 1 105
172 1 961
172 1 0
172 1 0
172 1 0
172 1 0
173 2 0
173 2 745
173 2 0
173 2 0
173 2 451
173 2 252
173 2 55
173 2 0
174 2 0
174 2 618
174 2 0
174 2 0
174 2 155
174 2 0
175 1 0
175 1 684
175 1 120
175 1 197
175 1 21
175 1 0
175 1 0
175 1 0
175 1 0
176 2 0
176 2 268
176 2 333
176 2 241
176 2 599
176 2 0
176 2 0
176 2 0
176 2 0
177 2 0
177 2 103
177 2 946
177 2 631
177 2 427
177 2 963
177 2 344
177 2 858
177 2 0
177 2 0
178 2 0
178 2 61
178 2 768
178 2 228
178 2 350
178 2 0
178 2 0
178 2 0
178 2 0
179 1 0
179 1 100
179 1 623
179 1 117
179 1 649
179 1 169
179 1 378
179 1 0
179 1 0
180 1 0
180 1 256
180 1 215
180 1 355
180 1 691
180 1 962
180 1 0
180 1 0
180 1 0
180 1 0
181 1 0
181 1 72
181 1 901
181 1 667
181 1 952
181 1 629
181 1 0
181 1 0
181 1 0
181 1 0
182 2 0
182 2 129
182 2 227
182 2 347
182 2 878
182 2 206
182 2 0
182 2 0
182 2 0
182 2 0
183 2 0
183 2 639
183 2 0
184 2 0
184 2 953
184 2 174
184 2 306
184 2 589
184 2 278
184 2 787
184 2 65
184 2 0
184 2 0
184 2 0
184 2 0
185 1 0
185 1 711
185 1 560
185 1 739
185 1 0
185 1 0
186 1 0
186 1 209
186 1 96
186 1 585
186 1 0
186 1 0
187 1 0
187 1 483
187 1 343
187 1 452
187 1 285
187 1 0
187 1 0
187 1 0
187 1 75
187 1 0
187 1 0
188 1 0
188 1 115
188 1 821
188 1 258
188 1 0
188 1 0
188 1 0
188 1 713
188 1 431
188 1 0
188 1 0
189 1 0
189 1 403
189 1 851
189 1 931
189 1 358
189 1 696
189 1 519
189 1 0
189 1 0
189 1 0
189 1 0
190 2 0
190 2 20
190 2 132
190 2 769
190 2 388
190 2 736
190 2 315
190 2 702
190 2 0
190 2 0
190 2 0
190 2 0
191 2 0
191 2 203
191 2 225
191 2 879
191 2 836
191 2 3
191 2 547
191 2 0
191 2 0
192 1 0
192 1 261
192 1 886
192 1 766
192 1 637
192 1 0
192 1 0
192 1 0
192 1 0
193 2 0
193 2 533
193 2 16
193 2 444
193 2 147
193 2 889
193 2 0
193 2 0
193 2 0
193 2 0
194 1 0
194 1 52
194 1 575
194 1 0
194 1 0
194 1 0
194 1 864
194 1 375
194 1 892
194 1 0
194 1 0
195 2 0
195 2 111
195 2 926
195 2 405
195 2 239
195 2 620
195 2 0
195 2 0
195 2 0
195 2 0
196 1 0
196 1 422
196 1 312
196 1 687
196 1 139
196 1 138
196 1 0
196 1 0
196 1 0
196 1 0
197 2 0
197 2 592
197 2 62
197 2 121
197 2 896
197 2 231
197 2 0
197 2 0
198 2 0
198 2 70
198 2 302
198 2 363
198 2 614
198 2 833
198 2 300
198 2 13
198 2 0
198 2 0
199 1 0
199 1 439
199 1 0
199 1 0
199 1 0
199 1 0
200 1 0
200 1 280
200 1 594
200 1 0
200 1 0
201 2 0
201 2 262
201 2 0
201 2 0
201 2 0
201 2 260
201 2 110
201 2 0
201 2 0
202 1 0
202 1 1
202 1 933
202 1 0
202 1 0
202 1 0
202 1 219
202 1 0
202 1 0
203 1 0
203 1 804
203 1 0
203 1 0
203 1 0
203 1 195
203 1 0
204 1 0
204 1 487
204 1 775
204 1 729
204 1 390
204 1 0
204 1 0
204 1 0
204 1 0
205 2 0
205 2 234
205 2 688
205 2 658
205 2 537
205 2 583
205 2 935
205 2 337
205 2 0
205 2 0
205 2 0
205 2 0
206 1 0
206 1 213
206 1 888
206 1 572
206 1 395
206 1 0
206 1 0
207 2 0
207 2 968
207 2 424
207 2 421
207 2 0
207 2 0
207 2 0
207 2 822
207 2 0
207 2 0
207 2 0
207 2 0
208 1 0
208 1 774
208 1 527
208 1 0
208 1 0
209 1 0
209 1 143
209 1 26
209 1 39
209 1 359
209 1 0
209 1 0
209 1 0
209 1 0
210 2 0
210 2 67
210 2 540
210 2 48
210 2 731
210 2 584
210 2 0
210 2 0
210 2 0
210 2 0
211 1 0
211 1 500
211 1 185
211 1 987
211 1 0
211 1 0
211 1 0
211 1 551
211 1 0
211 1 0
212 1 0
212 1 780
212 1 958
212 1 50
212 1 469
212 1 0
212 1 0
212 1 0
212 1 0
213 1 0
213 1 956
213 1 179
213 1 985
213 1 0
213 1 0
213 1 0
213 1 108
213 1 371
213 1 0
213 1 0
214 1 0
214 1 762
214 1 192
214 1 51
214 1 0
214 1 0
214 1 0
214 1 0
215 1 0
215 1 235
215 1 77
215 1 957
215 1 0
215 1 0
216 1 0
216 1 19
216 1 869
216 1 708
216 1 0
216 1 0
217 1 0
217 1 474
217 1 0
217 1 0
217 1 0
217 1 521
217 1 274
217 1 12
217 1 0
217 1 0
218 1 0
218 1 270
218 1 0
218 1 0
