total cost: 342795
1 2 0
1 2 553
1 2 288
1 2 767
1 2 0
1 2 0
1 2 307
1 2 793
1 2 0
1 2 0
1 2 141
1 2 0
2 1 0
2 1 220
2 1 802
2 1 577
2 1 254
2 1 0
2 1 0
2 1 180
2 1 257
2 1 932
2 1 0
3 2 0
3 2 616
3 2 161
3 2 652
3 2 0
3 2 0
3 2 0
4 1 0
4 1 954
4 1 654
4 1 520
4 1 0
5 2 0
5 2 463
5 2 539
5 2 459
5 2 693
5 2 454
5 2 0
5 2 0
5 2 790
5 2 0
5 2 0
5 2 0
6 2 0
6 2 408
6 2 801
6 2 754
6 2 593
6 2 475
6 2 510
6 2 356
6 2 0
7 2 0
7 2 645
7 2 865
7 2 189
7 2 442
7 2 92
7 2 710
7 2 717
7 2 0
7 2 0
7 2 0
8 2 0
8 2 605
8 2 974
8 2 401
8 2 229
8 2 0
9 1 0
9 1 57
9 1 843
9 1 170
9 1 749
9 1 689
9 1 525
9 1 476
9 1 0
9 1 0
9 1 0
10 2 0
10 2 281
10 2 423
10 2 532
10 2 544
10 2 798
10 2 380
10 2 0
11 2 0
11 2 856
11 2 4
11 2 501
11 2 250
11 2 911
11 2 468
11 2 700
11 2 783
11 2 477
11 2 0
12 1 0
12 1 354
12 1 37
12 1 0
13 1 0
13 1 319
13 1 716
13 1 0
14 2 0
14 2 124
14 2 919
14 2 799
14 2 148
14 2 0
15 1 0
15 1 612
15 1 0
16 1 0
16 1 164
16 1 391
16 1 440
16 1 216
16 1 650
16 1 0
17 1 0
17 1 0
18 2 0
18 2 154
18 2 0
18 2 0
18 2 591
18 2 504
18 2 0
19 2 0
19 2 462
19 2 813
19 2 478
19 2 570
19 2 0
19 2 0
19 2 8
19 2 561
19 2 535
19 2 0
20 1 0
20 1 763
20 1 831
20 1 759
20 1 0
20 1 0
20 1 283
20 1 590
20 1 269
20 1 0
21 1 0
21 1 947
21 1 400
21 1 682
21 1 826
21 1 641
21 1 171
21 1 742
21 1 0
22 1 0
22 1 602
22 1 939
22 1 975
22 1 810
22 1 276
22 1 0
22 1 0
22 1 0
23 2 0
23 2 714
23 2 248
23 2 0
24 1 0
24 1 841
24 1 543
24 1 101
24 1 531
24 1 217
24 1 470
24 1 897
24 1 0
24 1 0
24 1 230
24 1 0
25 2 0
25 2 565
25 2 850
25 2 58
25 2 237
25 2 338
25 2 791
25 2 945
25 2 191
25 2 0
25 2 0
25 2 0
26 2 0
26 2 428
26 2 820
26 2 54
26 2 732
26 2 600
26 2 0
27 2 0
27 2 489
27 2 741
27 2 107
27 2 0
28 1 0
28 1 284
28 1 106
28 1 815
28 1 360
28 1 990
28 1 223
28 1 0
29 1 0
29 1 899
29 1 922
29 1 45
29 1 809
29 1 814
29 1 93
29 1 880
29 1 345
29 1 136
29 1 200
29 1 1037
29 1 0
30 2 0
30 2 64
30 2 304
30 2 205
30 2 678
30 2 967
30 2 0
31 1 0
31 1 291
31 1 7
31 1 992
31 1 437
31 1 508
31 1 0
32 1 0
32 1 473
32 1 738
32 1 609
32 1 863
32 1 0
32 1 0
32 1 352
32 1 114
32 1 0
33 2 0
33 2 128
33 2 925
33 2 9
33 2 721
33 2 923
33 2 436
33 2 0
33 2 0
33 2 0
34 2 0
34 2 866
34 2 17
34 2 418
34 2 292
34 2 208
34 2 38
34 2 0
35 1 0
35 1 846
35 1 335
35 1 807
35 1 0
36 1 0
36 1 816
36 1 113
36 1 910
36 1 524
36 1 63
36 1 279
36 1 0
36 1 0
36 1 0
37 2 0
37 2 158
37 2 871
37 2 36
37 2 264
37 2 99
37 2 0
37 2 0
37 2 0
38 2 0
38 2 868
38 2 603
38 2 796
38 2 608
38 2 513
38 2 906
38 2 545
38 2 0
38 2 0
38 2 0
39 2 0
39 2 389
39 2 580
39 2 441
39 2 855
39 2 232
39 2 808
39 2 512
39 2 397
39 2 212
39 2 0
40 1 0
40 1 907
40 1 349
40 1 472
40 1 0
40 1 0
40 1 293
40 1 0
41 2 0
41 2 541
41 2 204
41 2 563
41 2 964
41 2 940
41 2 314
41 2 125
41 2 0
42 2 0
42 2 529
42 2 969
42 2 852
42 2 692
42 2 0
43 1 0
43 1 606
43 1 955
43 1 542
43 1 707
43 1 246
43 1 40
43 1 2
43 1 694
43 1 844
43 1 0
44 1 0
44 1 153
44 1 538
44 1 446
44 1 666
44 1 207
44 1 168
44 1 0
44 1 0
44 1 949
44 1 0
45 2 0
45 2 715
45 2 902
45 2 425
45 2 776
45 2 0
46 1 0
46 1 14
46 1 329
46 1 676
46 1 803
46 1 0
46 1 0
46 1 0
47 1 0
47 1 133
47 1 399
47 1 680
47 1 873
47 1 438
47 1 481
47 1 0
47 1 0
47 1 0
48 2 0
48 2 495
48 2 44
48 2 661
48 2 516
48 2 0
49 1 0
49 1 785
49 1 0
49 1 0
49 1 0
50 2 0
50 2 677
50 2 259
50 2 0
51 2 0
51 2 837
51 2 909
51 2 0
52 2 0
52 2 784
52 2 86
52 2 0
53 1 0
53 1 550
53 1 0
54 2 0
54 2 163
54 2 679
54 2 0
55 2 0
55 2 456
55 2 102
55 2 351
55 2 921
55 2 0
55 2 0
55 2 130
55 2 576
55 2 0
56 2 0
56 2 336
56 2 369
56 2 854
56 2 426
56 2 0
56 2 0
56 2 255
56 2 74
56 2 724
56 2 0
57 2 0
57 2 817
57 2 157
57 2 199
57 2 324
57 2 648
57 2 290
57 2 0
57 2 0
57 2 0
58 1 0
58 1 806
58 1 430
58 1 977
58 1 396
58 1 0
59 2 0
59 2 394
59 2 453
59 2 88
59 2 78
59 2 71
59 2 383
59 2 604
59 2 0
60 2 0
60 2 435
60 2 686
60 2 160
60 2 183
60 2 835
60 2 490
60 2 471
60 2 0
61 2 0
61 2 518
61 2 497
61 2 404
61 2 642
61 2 0
61 2 0
61 2 95
61 2 323
61 2 178
61 2 0
62 1 0
62 1 266
62 1 562
62 1 664
62 1 410
62 1 151
62 1 752
62 1 970
62 1 27
62 1 434
62 1 0
62 1 0
63 1 0
63 1 611
63 1 647
63 1 455
63 1 980
63 1 0
64 2 0
64 2 41
64 2 417
64 2 918
64 2 309
64 2 0
64 2 0
64 2 0
65 1 0
65 1 699
65 1 646
65 1 392
65 1 30
65 1 628
65 1 937
65 1 0
65 1 0
65 1 0
66 1 0
66 1 340
66 1 781
66 1 188
66 1 84
66 1 709
66 1 885
66 1 398
66 1 0
67 2 0
67 2 876
67 2 753
67 2 929
67 2 0
68 2 0
68 2 989
68 2 751
68 2 673
68 2 485
68 2 226
68 2 0
68 2 0
68 2 94
68 2 0
69 2 0
69 2 996
69 2 697
69 2 870
69 2 81
69 2 289
69 2 211
69 2 0
70 2 0
70 2 644
70 2 934
70 2 991
70 2 578
70 2 365
70 2 0
70 2 0
70 2 166
70 2 11
70 2 0
71 1 0
71 1 275
71 1 310
71 1 973
71 1 0
71 1 0
71 1 47
71 1 0
72 1 0
72 1 447
72 1 840
72 1 0
72 1 0
72 1 43
72 1 0
73 1 0
73 1 943
73 1 941
73 1 685
73 1 936
73 1 656
73 1 0
73 1 0
73 1 0
74 1 0
74 1 511
74 1 757
74 1 668
74 1 0
75 1 0
75 1 233
75 1 134
75 1 175
75 1 420
75 1 376
75 1 601
75 1 140
75 1 515
75 1 0
75 1 0
75 1 0
75 1 0
76 1 0
76 1 321
76 1 861
76 1 393
76 1 457
76 1 965
76 1 971
76 1 734
76 1 0
76 1 0
77 1 0
77 1 181
77 1 675
77 1 779
77 1 0
77 1 0
77 1 0
78 2 0
78 2 186
78 2 484
78 2 172
78 2 761
78 2 595
78 2 758
78 2 587
78 2 0
79 1 0
79 1 756
79 1 663
79 1 79
79 1 0
79 1 0
79 1 748
79 1 581
79 1 0
80 2 0
80 2 794
80 2 874
80 2 828
80 2 0
80 2 0
80 2 150
80 2 944
80 2 669
80 2 857
80 2 0
81 1 0
81 1 328
81 1 334
81 1 755
81 1 997
81 1 493
81 1 778
81 1 0
81 1 0
81 1 0
82 2 0
82 2 193
82 2 173
82 2 848
82 2 838
82 2 342
82 2 607
82 2 0
83 1 0
83 1 411
83 1 574
83 1 419
83 1 976
83 1 0
83 1 0
83 1 960
83 1 480
83 1 28
83 1 0
84 2 0
84 2 610
84 2 894
84 2 25
84 2 582
84 2 726
84 2 83
84 2 415
84 2 201
84 2 0
84 2 0
84 2 0
84 2 0
85 1 0
85 1 930
85 1 771
85 1 492
85 1 413
85 1 0
85 1 0
85 1 0
86 2 0
86 2 18
86 2 887
86 2 341
86 2 118
86 2 496
86 2 119
86 2 0
86 2 0
86 2 0
87 2 0
87 2 564
87 2 695
87 2 657
87 2 703
87 2 0
87 2 0
87 2 718
87 2 0
87 2 0
87 2 0
88 2 0
88 2 273
88 2 797
88 2 805
88 2 466
88 2 0
89 2 0
89 2 177
89 2 701
89 2 218
89 2 80
89 2 494
89 2 311
89 2 0
89 2 0
89 2 0
90 2 0
90 2 568
90 2 135
90 2 0
91 2 0
91 2 557
91 2 0
92 2 0
92 2 366
92 2 272
92 2 85
92 2 0
92 2 0
92 2 330
92 2 0
93 2 0
93 2 640
93 2 777
93 2 998
93 2 554
93 2 624
93 2 904
93 2 0
93 2 0
93 2 0
94 2 0
94 2 167
94 2 938
94 2 294
94 2 97
94 2 800
94 2 465
94 2 881
94 2 0
94 2 0
94 2 24
94 2 0
95 2 0
95 2 59
95 2 659
95 2 951
95 2 245
95 2 53
95 2 619
95 2 895
95 2 0
95 2 0
95 2 0
95 2 0
96 2 0
96 2 586
96 2 812
96 2 847
96 2 287
96 2 0
96 2 0
96 2 0
97 1 0
97 1 999
97 1 891
97 1 571
97 1 672
97 1 0
97 1 0
97 1 0
98 1 0
98 1 705
98 1 91
98 1 750
98 1 0
99 1 0
99 1 429
99 1 988
99 1 927
99 1 318
99 1 0
99 1 0
99 1 948
99 1 0
100 2 0
100 2 877
100 2 298
100 2 0
101 1 0
101 1 282
101 1 126
101 1 214
101 1 0
101 1 0
101 1 509
101 1 630
101 1 727
101 1 0
101 1 0
101 1 0
102 2 0
102 2 31
102 2 746
102 2 660
102 2 558
102 2 983
102 2 706
102 2 0
103 1 0
103 1 735
103 1 0
104 1 0
104 1 764
104 1 819
104 1 0
104 1 0
104 1 662
104 1 112
104 1 0
105 2 0
105 2 621
105 2 875
105 2 122
105 2 905
105 2 890
105 2 845
105 2 295
105 2 0
105 2 0
106 1 0
106 1 247
106 1 908
106 1 728
106 1 498
106 1 0
106 1 0
106 1 0
106 1 23
106 1 0
107 1 0
107 1 655
107 1 712
107 1 0
107 1 0
107 1 479
107 1 265
107 1 0
107 1 0
107 1 0
108 2 0
108 2 782
108 2 830
108 2 730
108 2 0
108 2 0
108 2 546
108 2 182
108 2 0
109 2 0
109 2 458
109 2 534
109 2 792
109 2 613
109 2 488
109 2 187
109 2 301
109 2 127
109 2 0
109 2 0
109 2 0
109 2 0
110 2 0
110 2 149
110 2 332
110 2 622
110 2 320
110 2 0
110 2 0
110 2 530
110 2 920
110 2 638
110 2 772
110 2 0
111 1 0
111 1 842
111 1 0
112 2 0
112 2 10
112 2 82
112 2 0
113 1 0
113 1 445
113 1 387
113 1 348
113 1 0
113 1 0
113 1 66
113 1 789
113 1 0
114 1 0
114 1 665
114 1 559
114 1 555
114 1 34
114 1 432
114 1 339
114 1 928
114 1 0
114 1 0
114 1 0
114 1 0
115 1 0
115 1 898
115 1 0
116 1 0
116 1 251
116 1 720
116 1 346
116 1 461
116 1 90
116 1 0
116 1 0
117 1 0
117 1 414
117 1 505
117 1 0
118 1 0
118 1 536
118 1 0
119 1 0
119 1 950
119 1 596
119 1 0
119 1 0
119 1 683
119 1 0
119 1 0
119 1 0
120 1 0
120 1 313
120 1 903
120 1 0
120 1 0
120 1 190
120 1 0
121 2 0
121 2 719
121 2 573
121 2 942
121 2 883
121 2 994
121 2 824
121 2 0
121 2 0
121 2 0
122 2 0
122 2 109
122 2 853
122 2 825
122 2 566
122 2 972
122 2 0
122 2 0
122 2 367
122 2 412
122 2 0
123 1 0
123 1 627
123 1 982
123 1 0
123 1 0
123 1 221
123 1 0
124 2 0
124 2 142
124 2 634
124 2 523
124 2 1000
124 2 69
124 2 165
124 2 305
124 2 0
124 2 0
125 2 0
125 2 144
125 2 827
125 2 156
125 2 823
125 2 548
125 2 503
125 2 381
125 2 617
125 2 0
125 2 0
125 2 0
125 2 0
126 2 0
126 2 296
126 2 145
126 2 32
126 2 0
126 2 0
126 2 818
126 2 786
126 2 0
126 2 0
126 2 0
127 2 0
127 2 862
127 2 744
127 2 917
127 2 839
127 2 6
127 2 89
127 2 0
128 1 0
128 1 849
128 1 670
128 1 832
128 1 615
128 1 740
128 1 0
128 1 0
128 1 0
128 1 0
129 1 0
129 1 502
129 1 986
129 1 98
129 1 0
129 1 0
129 1 0
129 1 202
129 1 104
129 1 0
130 2 0
130 2 467
130 2 743
130 2 860
130 2 236
130 2 46
130 2 382
130 2 0
131 2 0
131 2 364
131 2 409
131 2 912
131 2 0
132 2 0
132 2 407
132 2 327
132 2 253
132 2 651
132 2 834
132 2 0
132 2 0
133 1 0
133 1 42
133 1 698
133 1 385
133 1 263
133 1 760
133 1 297
133 1 0
133 1 0
134 2 0
134 2 271
134 2 357
134 2 73
134 2 0
135 1 0
135 1 240
135 1 15
135 1 0
135 1 0
135 1 406
135 1 0
136 1 0
136 1 653
136 1 448
136 1 196
136 1 0
136 1 0
136 1 0
136 1 811
136 1 317
136 1 0
136 1 0
136 1 0
137 1 0
137 1 514
137 1 123
137 1 0
137 1 0
138 1 0
138 1 402
138 1 733
138 1 636
138 1 0
138 1 0
138 1 0
138 1 995
138 1 0
139 1 0
139 1 384
139 1 362
139 1 0
140 1 0
140 1 722
140 1 981
140 1 723
140 1 433
140 1 0
140 1 0
140 1 0
140 1 0
141 1 0
141 1 681
141 1 598
141 1 326
141 1 331
141 1 373
141 1 556
141 1 0
141 1 0
141 1 0
141 1 0
142 2 0
142 2 374
142 2 788
142 2 131
142 2 249
142 2 522
142 2 0
142 2 0
142 2 0
142 2 0
143 2 0
143 2 22
143 2 978
143 2 316
143 2 325
143 2 176
143 2 5
143 2 68
143 2 0
143 2 0
144 2 0
144 2 222
144 2 0
144 2 0
144 2 0
145 2 0
145 2 765
145 2 913
145 2 0
146 2 0
146 2 773
146 2 464
146 2 635
146 2 632
146 2 737
146 2 0
146 2 0
146 2 0
147 1 0
147 1 277
147 1 916
147 1 56
147 1 162
147 1 633
147 1 984
147 1 579
147 1 0
147 1 0
147 1 0
147 1 0
148 1 0
148 1 690
148 1 914
148 1 713
148 1 829
148 1 0
148 1 0
149 2 0
149 2 588
149 2 993
149 2 506
149 2 0
150 2 0
150 2 626
150 2 0
150 2 0
150 2 0
151 2 0
151 2 377
151 2 872
151 2 526
151 2 116
151 2 0
151 2 0
151 2 0
152 2 0
152 2 449
152 2 460
152 2 725
152 2 0
152 2 0
152 2 372
152 2 55
152 2 252
152 2 915
152 2 0
153 2 0
153 2 450
153 2 303
153 2 959
153 2 308
153 2 49
153 2 704
153 2 386
153 2 0
153 2 0
154 1 0
154 1 60
154 1 859
154 1 924
154 1 0
154 1 0
154 1 0
154 1 29
154 1 0
155 1 0
155 1 625
155 1 224
155 1 238
155 1 966
155 1 210
155 1 0
155 1 0
155 1 0
155 1 0
156 1 0
156 1 243
156 1 884
156 1 867
156 1 0
156 1 0
156 1 0
156 1 0
157 1 0
157 1 370
157 1 244
157 1 567
157 1 528
157 1 361
157 1 0
157 1 0
157 1 0
157 1 0
158 1 0
158 1 184
158 1 893
158 1 747
158 1 674
158 1 0
158 1 0
158 1 0
158 1 0
159 2 0
159 2 745
159 2 0
159 2 0
159 2 195
159 2 0
160 2 0
160 2 643
160 2 0
160 2 0
160 2 569
160 2 0
161 1 0
161 1 198
161 1 507
161 1 129
161 1 649
161 1 491
161 1 299
161 1 882
161 1 0
161 1 0
162 1 0
162 1 137
162 1 979
162 1 499
162 1 0
162 1 0
162 1 0
162 1 0
163 2 0
163 2 35
163 2 858
163 2 560
163 2 0
163 2 0
164 1 0
164 1 155
164 1 0
164 1 0
164 1 451
164 1 87
164 1 0
164 1 0
165 2 0
165 2 618
165 2 0
165 2 0
165 2 108
165 2 242
165 2 146
165 2 0
166 2 0
166 2 684
166 2 120
166 2 517
166 2 549
166 2 286
166 2 486
166 2 552
166 2 241
166 2 0
166 2 0
167 1 0
167 1 368
167 1 953
167 1 256
167 1 962
167 1 739
167 1 0
167 1 0
167 1 0
167 1 0
168 1 0
168 1 482
168 1 379
168 1 159
168 1 671
168 1 105
168 1 961
168 1 629
168 1 0
168 1 0
169 1 0
169 1 194
169 1 623
169 1 347
169 1 878
169 1 378
169 1 280
169 1 0
169 1 0
169 1 0
169 1 0
170 2 0
170 2 416
170 2 117
170 2 900
170 2 667
170 2 96
170 2 76
170 2 75
170 2 0
170 2 0
171 1 0
171 1 268
171 1 197
171 1 0
171 1 0
172 1 0
172 1 267
172 1 21
172 1 139
172 1 260
172 1 219
172 1 0
172 1 0
172 1 0
172 1 0
173 1 0
173 1 72
173 1 901
173 1 206
173 1 585
173 1 879
173 1 836
173 1 0
173 1 0
173 1 0
173 1 0
174 1 0
174 1 61
174 1 631
174 1 946
174 1 353
174 1 443
174 1 427
174 1 0
174 1 0
174 1 0
174 1 0
175 1 0
175 1 103
175 1 261
175 1 769
175 1 533
175 1 963
175 1 0
175 1 0
175 1 0
175 1 0
176 1 0
176 1 100
176 1 227
176 1 452
176 1 0
176 1 0
176 1 0
176 1 0
177 1 0
177 1 770
177 1 422
177 1 0
177 1 0
177 1 0
177 1 322
177 1 0
177 1 0
178 1 0
178 1 597
178 1 403
178 1 851
178 1 931
178 1 363
178 1 0
178 1 0
178 1 0
178 1 0
179 1 0
179 1 333
179 1 375
179 1 599
179 1 3
179 1 547
179 1 0
179 1 0
180 2 0
180 2 711
180 2 344
180 2 0
181 1 0
181 1 639
181 1 0
181 1 0
182 2 0
182 2 483
182 2 768
182 2 350
182 2 0
182 2 0
182 2 0
182 2 169
182 2 0
183 2 0
183 2 115
183 2 821
183 2 258
183 2 926
183 2 0
183 2 0
183 2 0
183 2 0
184 1 0
184 1 215
184 1 691
184 1 174
184 1 306
184 1 0
184 1 0
184 1 0
184 1 0
185 1 0
185 1 52
185 1 343
185 1 575
185 1 0
185 1 0
185 1 0
185 1 152
185 1 0
186 1 0
186 1 20
186 1 355
186 1 589
186 1 0
186 1 0
186 1 0
186 1 33
186 1 0
187 1 0
187 1 203
187 1 358
187 1 225
187 1 696
187 1 519
187 1 0
187 1 0
187 1 0
187 1 0
188 2 0
188 2 285
188 2 121
188 2 896
188 2 231
188 2 0
188 2 0
189 2 0
189 2 228
189 2 439
189 2 822
189 2 0
189 2 0
189 2 0
189 2 0
190 2 0
190 2 111
190 2 487
190 2 933
190 2 0
190 2 0
190 2 0
190 2 952
190 2 0
191 2 0
191 2 312
191 2 302
191 2 687
191 2 614
191 2 833
191 2 300
191 2 620
191 2 0
191 2 0
192 2 0
192 2 16
192 2 388
192 2 736
192 2 766
192 2 888
192 2 572
192 2 395
192 2 0
192 2 0
193 1 0
193 1 70
193 1 67
193 1 658
193 1 537
193 1 0
193 1 0
193 1 0
193 1 0
194 1 0
194 1 592
194 1 1
194 1 0
194 1 0
194 1 0
194 1 864
194 1 138
194 1 0
194 1 0
195 1 0
195 1 804
195 1 0
195 1 0
195 1 0
195 1 795
195 1 787
195 1 65
195 1 0
195 1 0
196 1 0
196 1 637
196 1 886
196 1 500
196 1 469
196 1 19
196 1 0
196 1 0
197 1 0
197 1 234
197 1 405
197 1 239
197 1 390
197 1 0
197 1 0
197 1 0
197 1 892
197 1 0
197 1 0
198 1 0
198 1 262
198 1 213
198 1 594
198 1 584
198 1 0
198 1 0
198 1 0
198 1 0
199 1 0
199 1 62
199 1 968
199 1 729
199 1 337
199 1 935
199 1 0
199 1 0
199 1 0
199 1 0
200 2 0
200 2 278
200 2 431
200 2 774
200 2 0
200 2 0
201 2 0
201 2 702
201 2 527
201 2 235
201 2 869
201 2 0
201 2 0
202 1 0
202 1 315
202 1 551
202 1 0
202 1 0
203 2 0
203 2 444
203 2 132
203 2 147
203 2 26
203 2 889
203 2 0
203 2 0
203 2 0
203 2 0
204 2 0
204 2 775
204 2 987
204 2 762
204 2 0
204 2 0
204 2 0
204 2 110
204 2 0
204 2 0
205 1 0
205 1 688
205 1 583
205 1 731
205 1 0
205 1 0
206 2 0
206 2 143
206 2 985
206 2 958
206 2 51
206 2 957
206 2 274
206 2 0
206 2 0
206 2 0
206 2 0
207 1 0
207 1 192
207 1 421
207 1 371
207 1 0
207 1 0
207 1 0
207 1 0
208 1 0
208 1 424
208 1 540
208 1 48
208 1 0
208 1 521
208 1 77
208 1 0
208 1 0
208 1 0
208 1 0
209 1 0
209 1 185
209 1 179
209 1 50
209 1 0
209 1 270
209 1 0
209 1 0
209 1 0
209 1 0
210 1 0
210 1 956
210 1 474
210 1 0
210 1 0
210 1 0
210 1 359
210 1 0
210 1 0
210 1 0
210 1 0
211 1 0
211 1 39
211 1 780
211 1 0
211 1 0
211 1 0
211 1 708
211 1 0
211 1 0
212 1 0
212 1 209
212 1 12
212 1 0
212 1 0
213 1 0
213 1 13
213 1 0
213 1 0
