total cost: 348459
1 2 0
1 2 553
1 2 288
1 2 767
1 2 0
1 2 0
1 2 307
1 2 793
1 2 0
1 2 0
1 2 141
1 2 0
2 2 0
2 2 220
2 2 802
2 2 577
2 2 254
2 2 749
2 2 0
2 2 0
2 2 180
2 2 257
2 2 932
2 2 0
3 2 0
3 2 616
3 2 161
3 2 652
3 2 0
3 2 0
3 2 0
4 1 0
4 1 954
4 1 654
4 1 520
4 1 0
5 2 0
5 2 463
5 2 539
5 2 459
5 2 693
5 2 454
5 2 0
5 2 0
5 2 790
5 2 0
5 2 0
5 2 0
6 1 0
6 1 408
6 1 801
6 1 754
6 1 593
6 1 475
6 1 510
6 1 356
6 1 0
7 1 0
7 1 645
7 1 865
7 1 189
7 1 442
7 1 92
7 1 0
7 1 0
7 1 612
7 1 0
8 2 0
8 2 605
8 2 974
8 2 401
8 2 229
8 2 0
9 2 0
9 2 57
9 2 281
9 2 843
9 2 170
9 2 689
9 2 525
9 2 476
9 2 0
10 2 0
10 2 856
10 2 4
10 2 501
10 2 250
10 2 911
10 2 468
10 2 700
10 2 783
10 2 477
10 2 0
11 2 0
11 2 354
11 2 154
11 2 0
11 2 0
11 2 319
11 2 8
11 2 0
12 2 0
12 2 124
12 2 919
12 2 799
12 2 148
12 2 0
13 2 0
13 2 164
13 2 717
13 2 532
13 2 423
13 2 0
14 1 0
14 1 37
14 1 14
14 1 855
14 1 808
14 1 512
14 1 397
14 1 212
14 1 0
15 1 0
15 1 462
15 1 813
15 1 478
15 1 0
15 1 0
15 1 591
15 1 504
15 1 0
16 2 0
16 2 947
16 2 716
16 2 400
16 2 380
16 2 798
16 2 641
16 2 742
16 2 0
17 2 0
17 2 391
17 2 544
17 2 64
17 2 304
17 2 205
17 2 114
17 2 0
18 2 0
18 2 763
18 2 831
18 2 602
18 2 284
18 2 759
18 2 0
18 2 0
18 2 561
18 2 535
18 2 0
19 2 0
19 2 710
19 2 440
19 2 216
19 2 650
19 2 95
19 2 323
19 2 178
19 2 0
20 2 0
20 2 714
20 2 248
20 2 0
21 1 0
21 1 283
21 1 590
21 1 269
21 1 0
22 1 0
22 1 841
22 1 7
22 1 101
22 1 922
22 1 217
22 1 470
22 1 897
22 1 345
22 1 0
22 1 0
22 1 0
23 2 0
23 2 975
23 2 570
23 2 810
23 2 276
23 2 0
23 2 0
23 2 0
24 2 0
24 2 565
24 2 871
24 2 850
24 2 58
24 2 237
24 2 0
24 2 0
24 2 352
24 2 0
25 1 0
25 1 428
25 1 820
25 1 54
25 1 732
25 1 600
25 1 0
25 1 0
25 1 0
26 1 0
26 1 899
26 1 826
26 1 682
26 1 531
26 1 806
26 1 200
26 1 0
26 1 0
26 1 0
27 1 0
27 1 291
27 1 543
27 1 437
27 1 992
27 1 923
27 1 0
27 1 0
27 1 230
27 1 0
28 1 0
28 1 473
28 1 738
28 1 609
28 1 863
28 1 0
28 1 0
28 1 107
28 1 0
29 1 0
29 1 866
29 1 128
29 1 741
29 1 9
29 1 721
29 1 0
29 1 0
29 1 0
30 1 0
30 1 846
30 1 335
30 1 807
30 1 0
31 2 0
31 2 489
31 2 418
31 2 292
31 2 208
31 2 38
31 2 0
32 1 0
32 1 264
32 1 910
32 1 524
32 1 63
32 1 0
33 2 0
33 2 816
33 2 113
33 2 868
33 2 907
33 2 349
33 2 0
33 2 0
33 2 171
33 2 0
34 2 0
34 2 158
34 2 541
34 2 36
34 2 204
34 2 563
34 2 964
34 2 940
34 2 314
34 2 125
34 2 0
35 1 0
35 1 389
35 1 580
35 1 538
35 1 446
35 1 495
35 1 949
35 1 692
35 1 852
35 1 0
36 2 0
36 2 338
36 2 939
36 2 945
36 2 791
36 2 259
36 2 191
36 2 0
37 1 0
37 1 99
37 1 279
37 1 785
37 1 0
37 1 0
37 1 293
37 1 0
38 1 0
38 1 17
38 1 925
38 1 902
38 1 425
38 1 776
38 1 0
38 1 0
38 1 967
38 1 0
39 2 0
39 2 529
39 2 603
39 2 796
39 2 608
39 2 513
39 2 906
39 2 545
39 2 0
40 1 0
40 1 441
40 1 666
40 1 207
40 1 676
40 1 168
40 1 803
40 1 0
40 1 0
40 1 0
41 2 0
41 2 606
41 2 955
41 2 542
41 2 707
41 2 246
41 2 40
41 2 360
41 2 990
41 2 223
41 2 844
41 2 0
42 2 0
42 2 106
42 2 815
42 2 508
42 2 678
42 2 436
42 2 0
43 1 0
43 1 153
43 1 394
43 1 329
43 1 934
43 1 969
43 1 44
43 1 0
43 1 0
43 1 0
44 1 0
44 1 715
44 1 188
44 1 781
44 1 84
44 1 709
44 1 885
44 1 398
44 1 0
45 1 0
45 1 232
45 1 71
45 1 661
45 1 516
45 1 0
46 2 0
46 2 133
46 2 664
46 2 752
46 2 0
46 2 0
46 2 472
46 2 679
46 2 0
47 1 0
47 1 677
47 1 880
47 1 136
47 1 0
48 2 0
48 2 837
48 2 909
48 2 0
49 1 0
49 1 784
49 1 86
49 1 0
50 2 0
50 2 550
50 2 0
51 1 0
51 1 163
51 1 47
51 1 0
52 2 0
52 2 456
52 2 102
52 2 351
52 2 921
52 2 0
52 2 0
52 2 130
52 2 576
52 2 0
53 2 0
53 2 45
53 2 809
53 2 430
53 2 328
53 2 977
53 2 396
53 2 685
53 2 936
53 2 581
53 2 0
53 2 0
53 2 0
54 2 0
54 2 336
54 2 369
54 2 854
54 2 426
54 2 0
54 2 0
54 2 255
54 2 74
54 2 724
54 2 0
55 2 0
55 2 817
55 2 157
55 2 199
55 2 324
55 2 648
55 2 290
55 2 0
55 2 0
55 2 0
56 1 0
56 1 518
56 1 497
56 1 404
56 1 642
56 1 0
56 1 0
56 1 435
56 1 835
56 1 0
57 1 0
57 1 266
57 1 562
57 1 275
57 1 310
57 1 748
57 1 166
57 1 27
57 1 0
57 1 0
57 1 0
58 2 0
58 2 611
58 2 647
58 2 455
58 2 980
58 2 0
59 1 0
59 1 93
59 1 41
59 1 181
59 1 0
60 1 0
60 1 399
60 1 680
60 1 873
60 1 438
60 1 481
60 1 509
60 1 0
60 1 0
60 1 0
61 1 0
61 1 699
61 1 646
61 1 392
61 1 30
61 1 628
61 1 937
61 1 0
61 1 0
61 1 0
62 2 0
62 2 340
62 2 756
62 2 686
62 2 321
62 2 0
62 2 0
62 2 876
62 2 753
62 2 0
63 2 0
63 2 814
63 2 694
63 2 0
64 2 0
64 2 989
64 2 751
64 2 673
64 2 485
64 2 226
64 2 0
64 2 0
64 2 94
64 2 0
65 1 0
65 1 996
65 1 697
65 1 870
65 1 81
65 1 289
65 1 211
65 1 0
66 1 0
66 1 160
66 1 233
66 1 701
66 1 177
66 1 490
66 1 471
66 1 0
67 1 0
67 1 644
67 1 447
67 1 840
67 1 0
67 1 0
67 1 970
67 1 734
67 1 0
68 2 0
68 2 151
68 2 965
68 2 971
68 2 960
68 2 24
68 2 0
69 1 0
69 1 568
69 1 918
69 1 309
69 1 0
69 1 0
69 1 0
70 2 0
70 2 511
70 2 757
70 2 668
70 2 0
71 2 0
71 2 410
71 2 943
71 2 18
71 2 887
71 2 0
71 2 0
71 2 43
71 2 11
71 2 434
71 2 0
72 2 0
72 2 186
72 2 484
72 2 172
72 2 761
72 2 595
72 2 758
72 2 587
72 2 0
73 1 0
73 1 794
73 1 134
73 1 175
73 1 376
73 1 601
73 1 140
73 1 515
73 1 0
73 1 0
73 1 0
73 1 0
74 2 0
74 2 193
74 2 929
74 2 705
74 2 91
74 2 0
75 2 0
75 2 150
75 2 944
75 2 669
75 2 857
75 2 0
76 1 0
76 1 183
76 1 218
76 1 80
76 1 494
76 1 0
76 1 0
76 1 0
77 2 0
77 2 411
77 2 574
77 2 419
77 2 976
77 2 0
78 1 0
78 1 610
78 1 894
78 1 25
78 1 582
78 1 726
78 1 83
78 1 0
78 1 0
78 1 0
78 1 0
79 2 0
79 2 417
79 2 675
79 2 779
79 2 0
79 2 0
79 2 0
80 1 0
80 1 930
80 1 771
80 1 492
80 1 413
80 1 0
80 1 0
80 1 0
81 1 0
81 1 564
81 1 59
81 1 0
82 1 0
82 1 941
82 1 341
82 1 891
82 1 0
82 1 0
82 1 0
83 2 0
83 2 273
83 2 797
83 2 805
83 2 466
83 2 0
84 1 0
84 1 0
85 1 0
85 1 0
86 1 0
86 1 0
87 2 0
87 2 718
87 2 0
87 2 0
87 2 0
88 1 0
88 1 604
88 1 383
88 1 0
89 2 0
89 2 861
89 2 393
89 2 457
89 2 119
89 2 28
89 2 0
90 2 0
90 2 557
90 2 0
91 1 0
91 1 330
91 1 0
91 1 0
91 1 0
92 2 0
92 2 311
92 2 0
92 2 0
92 2 0
93 1 0
93 1 366
93 1 0
93 1 0
93 1 480
93 1 0
93 1 0
93 1 0
94 2 0
94 2 973
94 2 118
94 2 656
94 2 672
94 2 0
94 2 0
94 2 0
95 2 0
95 2 85
95 2 800
95 2 493
95 2 778
95 2 881
95 2 298
95 2 0
95 2 0
95 2 0
96 1 0
96 1 640
96 1 777
96 1 665
96 1 420
96 1 0
96 1 0
96 1 135
96 1 0
97 2 0
97 2 334
97 2 938
97 2 755
97 2 997
97 2 97
97 2 465
97 2 0
97 2 0
97 2 0
98 2 0
98 2 167
98 2 782
98 2 764
98 2 819
98 2 0
98 2 0
98 2 479
98 2 630
98 2 265
98 2 824
98 2 0
99 2 0
99 2 695
99 2 657
99 2 703
99 2 0
99 2 0
99 2 586
99 2 904
99 2 812
99 2 624
99 2 0
100 1 0
100 1 999
100 1 719
100 1 622
100 1 573
100 1 883
100 1 942
100 1 994
100 1 412
100 1 0
100 1 0
101 2 0
101 2 429
101 2 988
101 2 927
101 2 318
101 2 0
101 2 0
101 2 948
101 2 0
102 2 0
102 2 79
102 2 554
102 2 287
102 2 0
102 2 0
102 2 0
103 2 0
103 2 282
103 2 126
103 2 730
103 2 0
103 2 0
103 2 877
103 2 0
104 1 0
104 1 31
104 1 746
104 1 660
104 1 558
104 1 983
104 1 706
104 1 0
104 1 0
105 1 0
105 1 735
105 1 272
105 1 0
105 1 0
105 1 66
105 1 0
106 2 0
106 2 663
106 2 15
106 2 432
106 2 847
106 2 0
107 2 0
107 2 173
107 2 659
107 2 848
107 2 838
107 2 750
107 2 342
107 2 0
108 1 0
108 1 621
108 1 951
108 1 414
108 1 0
108 1 0
108 1 0
109 1 0
109 1 247
109 1 908
109 1 144
109 1 245
109 1 0
109 1 0
109 1 662
109 1 112
109 1 0
110 2 0
110 2 453
110 2 88
110 2 991
110 2 578
110 2 0
110 2 0
110 2 23
110 2 898
110 2 182
110 2 0
111 1 0
111 1 874
111 1 828
111 1 0
111 1 0
111 1 365
111 1 546
111 1 607
111 1 789
111 1 0
111 1 0
111 1 0
111 1 0
112 2 0
112 2 655
112 2 712
112 2 653
112 2 0
112 2 0
112 2 496
112 2 301
112 2 0
113 1 0
113 1 830
113 1 596
113 1 683
113 1 0
113 1 0
113 1 33
113 1 0
114 2 0
114 2 458
114 2 534
114 2 792
114 2 613
114 2 488
114 2 187
114 2 0
114 2 0
114 2 0
115 2 0
115 2 149
115 2 332
115 2 142
115 2 320
115 2 0
115 2 0
115 2 530
115 2 920
115 2 638
115 2 772
115 2 0
116 1 0
116 1 294
116 1 950
116 1 467
116 1 10
116 1 0
116 1 0
116 1 0
117 2 0
117 2 78
117 2 627
117 2 221
117 2 0
118 2 0
118 2 445
118 2 387
118 2 348
118 2 165
118 2 0
118 2 0
118 2 0
119 2 0
119 2 214
119 2 727
119 2 0
119 2 0
119 2 0
120 2 0
120 2 251
120 2 720
120 2 842
120 2 0
121 2 0
121 2 571
121 2 406
121 2 202
121 2 0
122 2 0
122 2 313
122 2 903
122 2 0
122 2 0
122 2 190
122 2 0
123 1 0
123 1 109
123 1 853
123 1 825
123 1 0
123 1 0
123 1 536
123 1 1000
123 1 0
124 2 0
124 2 998
124 2 559
124 2 555
124 2 34
124 2 339
124 2 526
124 2 928
124 2 0
124 2 0
125 2 0
125 2 271
125 2 53
125 2 619
125 2 895
125 2 0
126 2 0
126 2 296
126 2 145
126 2 0
126 2 0
126 2 82
126 2 0
127 1 0
127 1 862
127 1 744
127 1 60
127 1 238
127 1 210
127 1 433
127 1 0
127 1 0
127 1 0
127 1 0
128 1 0
128 1 502
128 1 986
128 1 98
128 1 0
128 1 0
128 1 0
128 1 818
128 1 0
128 1 0
128 1 0
129 1 0
129 1 849
129 1 832
129 1 385
129 1 122
129 1 905
129 1 890
129 1 845
129 1 295
129 1 0
129 1 0
130 2 0
130 2 364
130 2 743
130 2 860
130 2 236
130 2 104
130 2 46
130 2 461
130 2 90
130 2 0
130 2 0
130 2 0
130 2 0
131 1 0
131 1 407
131 1 827
131 1 156
131 1 823
131 1 0
131 1 0
131 1 0
131 1 0
132 1 0
132 1 523
132 1 995
132 1 0
133 1 0
133 1 634
133 1 972
133 1 978
133 1 316
133 1 0
133 1 0
133 1 0
133 1 0
134 2 0
134 2 42
134 2 615
134 2 327
134 2 617
134 2 381
134 2 0
135 2 0
135 2 875
135 2 506
135 2 993
135 2 0
135 2 0
135 2 0
136 1 0
136 1 240
136 1 249
136 1 0
136 1 0
136 1 0
136 1 811
136 1 317
136 1 0
136 1 0
136 1 0
137 2 0
137 2 32
137 2 839
137 2 6
137 2 912
137 2 0
138 2 0
138 2 740
138 2 503
138 2 0
139 2 0
139 2 670
139 2 698
139 2 35
139 2 253
139 2 760
139 2 651
139 2 0
139 2 0
140 1 0
140 1 409
140 1 384
140 1 382
140 1 346
140 1 1004
140 1 0
141 1 0
141 1 69
141 1 765
141 1 68
141 1 0
141 1 0
142 1 0
142 1 728
142 1 690
142 1 123
142 1 498
142 1 73
142 1 548
142 1 505
142 1 0
142 1 0
143 2 0
143 2 514
143 2 914
143 2 357
143 2 834
143 2 263
143 2 297
143 2 579
143 2 829
143 2 0
143 2 0
144 2 0
144 2 402
144 2 636
144 2 733
144 2 464
144 2 415
144 2 201
144 2 0
144 2 0
144 2 0
144 2 0
145 2 0
145 2 917
145 2 859
145 2 882
145 2 299
145 2 491
145 2 146
145 2 0
145 2 0
146 1 0
146 1 127
146 1 626
146 1 0
146 1 0
146 1 0
147 1 0
147 1 588
147 1 704
147 1 632
147 1 0
147 1 0
148 1 0
148 1 448
148 1 196
148 1 872
148 1 377
148 1 326
148 1 0
148 1 0
148 1 0
148 1 0
149 1 0
149 1 681
149 1 598
149 1 331
149 1 373
149 1 116
149 1 322
149 1 0
149 1 0
150 1 0
150 1 722
150 1 981
150 1 723
150 1 362
150 1 0
150 1 0
151 2 0
151 2 982
151 2 953
151 2 984
151 2 713
151 2 0
151 2 0
152 2 0
152 2 374
152 2 788
152 2 522
152 2 0
152 2 0
152 2 367
152 2 786
152 2 0
152 2 0
152 2 0
153 2 0
153 2 22
153 2 325
153 2 176
153 2 5
153 2 155
153 2 0
154 1 0
154 1 222
154 1 0
155 1 0
155 1 773
155 1 635
155 1 370
155 1 450
155 1 0
155 1 0
155 1 0
155 1 305
155 1 0
156 1 0
156 1 277
156 1 916
156 1 962
156 1 633
156 1 162
156 1 795
156 1 0
156 1 0
156 1 0
156 1 0
157 1 0
157 1 566
157 1 0
157 1 0
157 1 913
157 1 0
157 1 0
157 1 0
158 1 0
158 1 449
158 1 460
158 1 0
158 1 0
158 1 372
158 1 0
158 1 0
158 1 0
159 1 0
159 1 725
159 1 0
160 2 0
160 2 243
160 2 884
160 2 0
160 2 0
160 2 195
160 2 737
160 2 386
160 2 0
161 2 0
161 2 625
161 2 224
161 2 198
161 2 507
161 2 649
161 2 169
161 2 378
161 2 0
161 2 0
162 2 0
162 2 303
162 2 482
162 2 308
162 2 105
162 2 671
162 2 961
162 2 0
162 2 0
163 1 0
163 1 0
164 2 0
164 2 745
164 2 0
164 2 0
164 2 556
164 2 0
165 2 0
165 2 184
165 2 893
165 2 747
165 2 674
165 2 517
165 2 0
165 2 0
165 2 0
165 2 87
165 2 0
166 2 0
166 2 643
166 2 0
166 2 0
166 2 569
166 2 0
167 1 0
167 1 137
167 1 131
167 1 267
167 1 867
167 1 0
167 1 0
167 1 0
167 1 0
168 1 0
168 1 966
168 1 416
168 1 900
168 1 117
168 1 280
168 1 0
168 1 0
168 1 0
168 1 0
169 2 0
169 2 451
169 2 252
169 2 915
169 2 0
170 2 0
170 2 924
170 2 597
170 2 549
170 2 286
170 2 486
170 2 552
170 2 241
170 2 55
170 2 0
170 2 0
170 2 0
170 2 0
171 1 0
171 1 268
171 1 0
171 1 0
171 1 618
171 1 0
171 1 0
171 1 0
172 1 0
172 1 684
172 1 120
172 1 197
172 1 21
172 1 0
172 1 0
172 1 0
172 1 29
172 1 0
173 1 0
173 1 368
173 1 691
173 1 174
173 1 306
173 1 0
173 1 0
173 1 0
173 1 2
173 1 0
174 1 0
174 1 194
174 1 347
174 1 115
174 1 878
174 1 206
174 1 585
174 1 0
174 1 0
174 1 0
174 1 0
175 1 0
175 1 72
175 1 901
175 1 667
175 1 242
175 1 96
175 1 0
175 1 0
175 1 0
175 1 0
176 2 0
176 2 959
176 2 49
176 2 639
176 2 0
177 1 0
177 1 61
177 1 631
177 1 946
177 1 353
177 1 443
177 1 427
177 1 0
177 1 0
177 1 0
177 1 0
178 2 0
178 2 333
178 2 0
179 1 0
179 1 103
179 1 244
179 1 567
179 1 528
179 1 361
179 1 858
179 1 711
179 1 0
179 1 0
179 1 0
179 1 0
180 2 0
180 2 100
180 2 227
180 2 452
180 2 285
180 2 0
180 2 0
180 2 0
180 2 0
181 2 0
181 2 770
181 2 422
181 2 687
181 2 139
181 2 260
181 2 892
181 2 0
181 2 0
181 2 0
181 2 0
182 1 0
182 1 979
182 1 499
182 1 0
182 1 0
182 1 0
182 1 0
183 2 0
183 2 209
183 2 75
183 2 76
183 2 0
184 1 0
184 1 129
184 1 203
184 1 225
184 1 358
184 1 696
184 1 0
184 1 0
184 1 0
184 1 0
185 2 0
185 2 256
185 2 215
185 2 355
185 2 278
185 2 787
185 2 65
185 2 431
185 2 0
185 2 0
186 1 0
186 1 623
186 1 403
186 1 851
186 1 931
186 1 363
186 1 0
186 1 0
186 1 0
186 1 0
187 2 0
187 2 379
187 2 768
187 2 159
187 2 343
187 2 629
187 2 952
187 2 0
187 2 0
187 2 0
187 2 0
188 2 0
188 2 483
188 2 821
188 2 258
188 2 926
188 2 519
188 2 121
188 2 0
188 2 0
188 2 0
188 2 0
189 1 0
189 1 52
189 1 533
189 1 16
189 1 769
189 1 963
189 1 0
189 1 0
189 1 0
189 1 0
190 1 0
190 1 56
190 1 739
190 1 344
190 1 0
190 1 0
191 1 0
191 1 228
191 1 350
191 1 0
191 1 0
191 1 0
191 1 0
192 1 0
192 1 20
192 1 132
192 1 444
192 1 147
192 1 0
192 1 0
192 1 0
192 1 0
193 2 0
193 2 261
193 2 388
193 2 736
193 2 766
193 2 637
193 2 0
193 2 0
193 2 0
193 2 0
194 2 0
194 2 599
194 2 879
194 2 836
194 2 3
194 2 0
194 2 0
195 2 0
195 2 560
195 2 702
195 2 774
195 2 889
195 2 0
195 2 0
195 2 0
195 2 0
196 1 0
196 1 111
196 1 62
196 1 405
196 1 239
196 1 620
196 1 0
196 1 0
196 1 0
196 1 0
197 1 0
197 1 312
197 1 302
197 1 614
197 1 833
197 1 300
197 1 0
197 1 0
197 1 0
197 1 0
198 1 0
198 1 592
198 1 575
198 1 0
198 1 0
198 1 0
198 1 375
198 1 138
198 1 0
198 1 0
199 2 0
199 2 70
199 2 67
199 2 658
199 2 537
199 2 337
199 2 731
199 2 0
199 2 0
200 2 0
200 2 864
200 2 547
200 2 231
200 2 0
200 2 0
201 2 0
201 2 439
201 2 315
201 2 888
201 2 395
201 2 0
201 2 0
202 1 0
202 1 896
202 1 0
202 1 0
203 2 0
203 2 262
203 2 0
203 2 0
203 2 0
203 2 219
203 2 110
203 2 0
203 2 0
204 1 0
204 1 1
204 1 933
204 1 0
204 1 0
204 1 0
204 1 152
204 1 0
205 2 0
205 2 804
205 2 487
205 2 0
205 2 0
205 2 0
205 2 594
205 2 551
205 2 0
205 2 0
206 1 0
206 1 234
206 1 688
206 1 968
206 1 390
206 1 0
206 1 0
206 1 0
206 1 0
207 1 0
207 1 213
207 1 775
207 1 421
207 1 0
207 1 0
207 1 0
207 1 0
208 1 0
208 1 729
208 1 424
208 1 935
208 1 583
208 1 584
208 1 0
208 1 0
209 2 0
209 2 822
209 2 0
209 2 0
209 2 0
209 2 0
210 2 0
210 2 589
210 2 39
210 2 359
210 2 235
210 2 957
210 2 869
210 2 0
210 2 0
211 2 0
211 2 886
211 2 500
211 2 987
211 2 762
211 2 192
211 2 469
211 2 527
211 2 572
211 2 0
211 2 0
212 1 0
212 1 521
212 1 371
212 1 0
212 1 0
213 2 0
213 2 143
213 2 958
213 2 985
213 2 51
213 2 708
213 2 274
213 2 0
213 2 0
213 2 0
213 2 0
214 2 0
214 2 185
214 2 780
214 2 179
214 2 50
214 2 77
214 2 0
214 2 0
215 2 0
215 2 26
215 2 540
215 2 48
215 2 0
215 2 108
215 2 0
216 1 0
216 1 956
216 1 474
216 1 0
216 1 0
216 1 0
216 1 19
216 1 0
216 1 0
217 1 0
217 1 270
217 1 12
217 1 0
217 1 0
218 1 0
218 1 89
218 1 0
219 1 0
219 1 13
219 1 0
219 1 0
