total cost: 344969
1 2 0
1 2 553
1 2 288
1 2 767
1 2 0
1 2 0
1 2 616
1 2 180
1 2 257
1 2 932
1 2 0
2 1 0
2 1 220
2 1 802
2 1 0
2 1 0
2 1 463
2 1 539
2 1 693
2 1 0
3 1 0
3 1 254
3 1 577
3 1 408
3 1 801
3 1 459
3 1 0
3 1 0
3 1 790
3 1 0
3 1 0
3 1 141
3 1 0
4 1 0
4 1 645
4 1 865
4 1 189
4 1 428
4 1 0
4 1 0
4 1 307
4 1 793
4 1 0
5 2 0
5 2 605
5 2 593
5 2 754
5 2 947
5 2 974
5 2 716
5 2 525
5 2 8
5 2 476
5 2 205
5 2 0
6 1 0
6 1 57
6 1 843
6 1 281
6 1 717
6 1 532
6 1 423
6 1 544
6 1 304
6 1 0
6 1 0
6 1 0
7 2 0
7 2 856
7 2 763
7 2 831
7 2 939
7 2 0
7 2 0
7 2 954
7 2 161
7 2 654
7 2 652
7 2 504
7 2 0
8 2 0
8 2 354
8 2 442
8 2 749
8 2 319
8 2 229
8 2 510
8 2 0
8 2 0
8 2 0
9 2 0
9 2 170
9 2 400
9 2 798
9 2 468
9 2 641
9 2 742
9 2 0
10 2 0
10 2 37
10 2 389
10 2 855
10 2 232
10 2 512
10 2 397
10 2 269
10 2 0
11 2 0
11 2 154
11 2 0
11 2 0
11 2 454
11 2 283
11 2 919
11 2 475
11 2 799
11 2 0
12 2 0
12 2 462
12 2 813
12 2 473
12 2 863
12 2 609
12 2 0
12 2 0
12 2 164
12 2 0
13 1 0
13 1 4
13 1 911
13 1 899
13 1 250
13 1 826
13 1 759
13 1 0
13 1 0
13 1 401
13 1 535
13 1 0
14 2 0
14 2 478
14 2 846
14 2 335
14 2 0
14 2 0
14 2 391
14 2 0
15 2 0
15 2 710
15 2 440
15 2 216
15 2 732
15 2 600
15 2 0
16 2 0
16 2 501
16 2 682
16 2 101
16 2 922
16 2 217
16 2 470
16 2 783
16 2 815
16 2 897
16 2 0
17 1 0
17 1 602
17 1 338
17 1 975
17 1 570
17 1 0
17 1 0
17 1 520
17 1 0
18 2 0
18 2 689
18 2 700
18 2 380
18 2 171
18 2 477
18 2 360
18 2 0
19 1 0
19 1 92
19 1 650
19 1 885
19 1 323
19 1 178
19 1 0
20 1 0
20 1 714
20 1 807
20 1 293
20 1 0
20 1 0
20 1 0
21 2 0
21 2 124
21 2 612
21 2 590
21 2 212
21 2 0
22 2 0
22 2 841
22 2 7
22 2 543
22 2 992
22 2 437
22 2 40
22 2 246
22 2 990
22 2 844
22 2 0
22 2 0
22 2 0
23 2 0
23 2 565
23 2 850
23 2 237
23 2 58
23 2 36
23 2 264
23 2 0
23 2 0
23 2 591
23 2 230
23 2 0
24 1 0
24 1 489
24 1 741
24 1 107
24 1 967
24 1 0
24 1 0
24 1 0
25 1 0
25 1 291
25 1 542
25 1 266
25 1 399
25 1 680
25 1 873
25 1 438
25 1 0
25 1 0
25 1 0
26 1 0
26 1 820
26 1 925
26 1 9
26 1 324
26 1 0
26 1 0
26 1 561
26 1 356
26 1 276
26 1 0
27 2 0
27 2 128
27 2 866
27 2 54
27 2 418
27 2 84
27 2 709
27 2 776
27 2 668
27 2 0
27 2 0
27 2 0
28 2 0
28 2 816
28 2 113
28 2 910
28 2 868
28 2 349
28 2 0
28 2 0
28 2 63
28 2 785
28 2 472
28 2 0
28 2 0
28 2 0
29 1 0
29 1 158
29 1 871
29 1 204
29 1 563
29 1 964
29 1 0
29 1 0
29 1 148
29 1 0
30 2 0
30 2 14
30 2 538
30 2 446
30 2 580
30 2 808
30 2 676
30 2 852
30 2 692
30 2 0
31 1 0
31 1 738
31 1 796
31 1 644
31 1 0
32 2 0
32 2 284
32 2 531
32 2 106
32 2 345
32 2 880
32 2 259
32 2 314
32 2 0
32 2 0
32 2 0
33 2 0
33 2 907
33 2 666
33 2 207
33 2 168
33 2 71
33 2 44
33 2 383
33 2 545
33 2 0
34 2 0
34 2 721
34 2 923
34 2 436
34 2 970
34 2 27
34 2 0
35 2 0
35 2 17
35 2 715
35 2 781
35 2 425
35 2 79
35 2 586
35 2 208
35 2 0
35 2 0
35 2 0
36 2 0
36 2 279
36 2 921
36 2 876
36 2 753
36 2 929
36 2 0
37 1 0
37 1 541
37 1 611
37 1 647
37 1 255
37 1 980
37 1 724
37 1 0
38 1 0
38 1 529
38 1 603
38 1 0
39 1 0
39 1 99
39 1 524
39 1 455
39 1 0
40 1 0
40 1 441
40 1 329
40 1 969
40 1 0
41 1 0
41 1 606
41 1 955
41 1 562
41 1 752
41 1 410
41 1 664
41 1 0
41 1 0
41 1 810
41 1 784
41 1 86
41 1 0
42 2 0
42 2 153
42 2 394
42 2 453
42 2 88
42 2 578
42 2 0
42 2 0
42 2 949
42 2 513
42 2 906
42 2 0
43 1 0
43 1 133
43 1 806
43 1 93
43 1 945
43 1 791
43 1 940
43 1 191
43 1 0
44 2 0
44 2 495
44 2 608
44 2 0
44 2 0
44 2 678
44 2 508
44 2 0
45 2 0
45 2 64
45 2 41
45 2 677
45 2 136
45 2 918
45 2 0
46 2 0
46 2 837
46 2 909
46 2 971
46 2 965
46 2 0
47 1 0
47 1 707
47 1 275
47 1 581
47 1 936
47 1 630
47 1 0
47 1 0
47 1 0
48 2 0
48 2 456
48 2 996
48 2 699
48 2 392
48 2 417
48 2 181
48 2 289
48 2 675
48 2 0
48 2 0
48 2 0
49 1 0
49 1 45
49 1 809
49 1 930
49 1 771
49 1 492
49 1 977
49 1 396
49 1 0
49 1 0
49 1 114
49 1 125
49 1 0
50 1 0
50 1 336
50 1 102
50 1 273
50 1 735
50 1 628
50 1 937
50 1 211
50 1 0
50 1 0
50 1 0
50 1 0
51 2 0
51 2 817
51 2 751
51 2 157
51 2 199
51 2 485
51 2 0
51 2 0
51 2 679
51 2 0
52 1 0
52 1 351
52 1 150
52 1 944
52 1 0
52 1 0
52 1 0
53 2 0
53 2 435
53 2 686
53 2 160
53 2 0
53 2 0
53 2 0
54 1 0
54 1 518
54 1 497
54 1 610
54 1 894
54 1 25
54 1 726
54 1 758
54 1 0
54 1 0
54 1 0
54 1 0
55 1 0
55 1 550
55 1 576
55 1 0
56 1 0
56 1 352
56 1 200
56 1 223
56 1 0
57 1 0
57 1 369
57 1 695
57 1 0
58 1 0
58 1 648
58 1 290
58 1 0
58 1 0
58 1 248
58 1 74
58 1 0
59 2 0
59 2 340
59 2 188
59 2 777
59 2 0
59 2 0
59 2 292
59 2 38
59 2 494
59 2 287
59 2 0
59 2 0
59 2 0
60 2 0
60 2 646
60 2 334
60 2 938
60 2 755
60 2 997
60 2 0
60 2 0
60 2 398
60 2 80
60 2 490
60 2 0
61 2 0
61 2 989
61 2 233
61 2 134
61 2 175
61 2 0
61 2 0
61 2 166
61 2 481
61 2 509
61 2 434
61 2 0
61 2 0
61 2 0
62 2 0
62 2 902
62 2 663
62 2 376
62 2 601
62 2 515
62 2 0
62 2 0
62 2 0
63 2 0
63 2 814
63 2 430
63 2 97
63 2 800
63 2 881
63 2 0
63 2 0
63 2 0
64 1 0
64 1 151
64 1 973
64 1 0
64 1 0
64 1 95
64 1 311
64 1 0
65 2 0
65 2 673
65 2 887
65 2 341
65 2 685
65 2 118
65 2 656
65 2 672
65 2 0
65 2 0
65 2 0
66 2 0
66 2 447
66 2 840
66 2 0
66 2 0
66 2 47
66 2 0
67 2 0
67 2 943
67 2 941
67 2 891
67 2 730
67 2 0
67 2 0
67 2 568
67 2 779
67 2 309
67 2 0
67 2 0
67 2 0
68 2 0
68 2 511
68 2 420
68 2 554
68 2 218
68 2 177
68 2 701
68 2 835
68 2 471
68 2 0
68 2 0
69 1 0
69 1 321
69 1 655
69 1 0
69 1 0
69 1 748
69 1 479
69 1 11
69 1 0
70 1 0
70 1 756
70 1 794
70 1 458
70 1 393
70 1 861
70 1 734
70 1 496
70 1 119
70 1 0
70 1 0
70 1 0
70 1 0
71 1 0
71 1 854
71 1 426
71 1 0
72 1 0
72 1 193
72 1 0
73 1 0
73 1 328
73 1 413
73 1 683
73 1 0
73 1 0
73 1 694
73 1 0
74 1 0
74 1 310
74 1 126
74 1 819
74 1 0
74 1 0
74 1 183
74 1 457
74 1 960
74 1 480
74 1 0
75 1 0
75 1 226
75 1 571
75 1 0
75 1 0
75 1 0
76 1 0
76 1 411
76 1 574
76 1 419
76 1 190
76 1 0
76 1 0
76 1 0
77 2 0
77 2 186
77 2 81
77 2 85
77 2 842
77 2 298
77 2 0
78 2 0
78 2 934
78 2 991
78 2 78
78 2 365
78 2 0
78 2 0
78 2 163
78 2 516
78 2 0
79 2 0
79 2 564
79 2 657
79 2 703
79 2 407
79 2 0
79 2 0
79 2 757
79 2 847
79 2 624
79 2 0
80 2 0
80 2 18
80 2 332
80 2 792
80 2 613
80 2 187
80 2 0
80 2 0
80 2 43
80 2 135
80 2 0
81 2 0
81 2 30
81 2 805
81 2 466
81 2 484
81 2 172
81 2 761
81 2 595
81 2 587
81 2 0
82 2 0
82 2 404
82 2 247
82 2 908
82 2 0
82 2 0
82 2 803
82 2 705
82 2 838
82 2 342
82 2 0
83 2 0
83 2 718
83 2 0
83 2 0
83 2 0
84 2 0
84 2 366
84 2 272
84 2 0
84 2 0
84 2 604
84 2 750
84 2 607
84 2 0
85 1 0
85 1 640
85 1 998
85 1 559
85 1 555
85 1 0
85 1 0
85 1 0
85 1 94
85 1 0
86 1 0
86 1 167
86 1 782
86 1 764
86 1 282
86 1 0
86 1 0
86 1 557
86 1 812
86 1 0
87 2 0
87 2 870
87 2 797
87 2 429
87 2 582
87 2 875
87 2 122
87 2 983
87 2 0
87 2 0
87 2 0
87 2 0
88 1 0
88 1 999
88 1 622
88 1 719
88 1 573
88 1 839
88 1 6
88 1 912
88 1 104
88 1 461
88 1 0
88 1 0
88 1 0
88 1 0
89 2 0
89 2 697
89 2 988
89 2 927
89 2 778
89 2 493
89 2 465
89 2 10
89 2 0
89 2 0
89 2 0
90 1 0
90 1 59
90 1 627
90 1 659
90 1 951
90 1 245
90 1 53
90 1 0
90 1 0
90 1 0
90 1 0
91 1 0
91 1 31
91 1 849
91 1 660
91 1 402
91 1 558
91 1 706
91 1 83
91 1 0
91 1 0
91 1 0
91 1 0
92 1 0
92 1 948
92 1 0
93 2 0
93 2 173
93 2 621
93 2 414
93 2 669
93 2 857
93 2 619
93 2 0
93 2 0
94 2 0
94 2 877
94 2 0
95 1 0
95 1 746
95 1 720
95 1 318
95 1 0
95 1 0
95 1 662
95 1 588
95 1 415
95 1 0
95 1 0
96 1 0
96 1 874
96 1 828
96 1 0
96 1 0
96 1 23
96 1 848
96 1 91
96 1 789
96 1 0
96 1 0
97 1 0
97 1 661
97 1 182
97 1 0
98 1 0
98 1 830
98 1 862
98 1 596
98 1 467
98 1 0
98 1 0
98 1 546
98 1 66
98 1 0
99 2 0
99 2 149
99 2 534
99 2 634
99 2 825
99 2 387
99 2 0
99 2 0
99 2 367
99 2 942
99 2 883
99 2 0
99 2 0
99 2 0
100 1 0
100 1 294
100 1 950
100 1 214
100 1 0
100 1 0
100 1 530
100 1 920
100 1 339
100 1 0
100 1 0
100 1 0
101 1 0
101 1 665
101 1 712
101 1 653
101 1 34
101 1 0
101 1 0
101 1 0
101 1 28
101 1 0
102 2 0
102 2 642
102 2 615
102 2 327
102 2 617
102 2 503
102 2 0
103 2 0
103 2 251
103 2 986
103 2 635
103 2 98
103 2 0
103 2 0
103 2 898
103 2 0
104 1 0
104 1 445
104 1 523
104 1 348
104 1 5
104 1 569
104 1 68
104 1 0
104 1 0
105 1 0
105 1 140
105 1 432
105 1 526
105 1 116
105 1 928
105 1 0
105 1 0
106 1 0
106 1 265
106 1 0
106 1 0
106 1 24
106 1 0
107 1 0
107 1 313
107 1 903
107 1 0
107 1 0
107 1 976
107 1 0
107 1 0
107 1 727
107 1 0
107 1 0
107 1 0
108 1 0
108 1 109
108 1 853
108 1 972
108 1 884
108 1 0
108 1 0
108 1 0
108 1 82
108 1 0
108 1 0
108 1 0
109 1 0
109 1 296
109 1 0
109 1 0
109 1 904
109 1 322
109 1 499
109 1 0
109 1 0
110 2 0
110 2 144
110 2 728
110 2 498
110 2 156
110 2 823
110 2 548
110 2 0
110 2 0
110 2 536
110 2 0
111 2 0
111 2 142
111 2 320
111 2 460
111 2 725
111 2 0
111 2 0
111 2 824
111 2 994
111 2 412
111 2 0
112 1 0
112 1 502
112 1 773
112 1 0
112 1 0
112 1 818
112 1 0
113 1 0
113 1 271
113 1 827
113 1 73
113 1 834
113 1 760
113 1 579
113 1 829
113 1 0
113 1 0
113 1 0
113 1 0
114 1 0
114 1 145
114 1 917
114 1 60
114 1 89
114 1 882
114 1 0
114 1 0
115 2 0
115 2 364
115 2 743
115 2 860
115 2 723
115 2 236
115 2 46
115 2 382
115 2 0
115 2 0
115 2 0
115 2 0
116 2 0
116 2 638
116 2 1000
116 2 0
116 2 0
116 2 0
117 2 0
117 2 385
117 2 832
117 2 253
117 2 651
117 2 263
117 2 905
117 2 890
117 2 845
117 2 295
117 2 0
117 2 0
118 1 0
118 1 301
118 1 0
118 1 0
118 1 0
119 2 0
119 2 505
119 2 895
119 2 0
120 2 0
120 2 488
120 2 745
120 2 0
120 2 0
120 2 330
120 2 0
121 1 0
121 1 42
121 1 698
121 1 35
121 1 636
121 1 632
121 1 711
121 1 737
121 1 0
121 1 0
121 1 0
121 1 0
122 2 0
122 2 240
122 2 196
122 2 448
122 2 331
122 2 326
122 2 0
122 2 0
122 2 0
122 2 0
123 2 0
123 2 406
123 2 202
123 2 372
123 2 0
123 2 0
123 2 0
124 2 0
124 2 32
124 2 108
124 2 346
124 2 90
124 2 146
124 2 0
124 2 0
125 1 0
125 1 670
125 1 690
125 1 123
125 1 740
125 1 0
125 1 0
125 1 0
125 1 0
126 1 0
126 1 409
126 1 981
126 1 507
126 1 649
126 1 491
126 1 433
126 1 0
126 1 0
126 1 0
126 1 0
127 1 0
127 1 744
127 1 625
127 1 384
127 1 303
127 1 464
127 1 0
127 1 0
127 1 0
127 1 0
128 2 0
128 2 15
128 2 522
128 2 979
128 2 373
128 2 0
128 2 0
128 2 0
128 2 0
129 1 0
129 1 127
129 1 995
129 1 786
129 1 0
129 1 0
129 1 0
129 1 0
130 1 0
130 1 514
130 1 916
130 1 162
130 1 691
130 1 962
130 1 0
130 1 0
130 1 0
130 1 772
130 1 0
131 1 0
131 1 69
131 1 811
131 1 0
131 1 0
131 1 0
132 2 0
132 2 722
132 2 61
132 2 733
132 2 450
132 2 308
132 2 105
132 2 961
132 2 0
132 2 0
132 2 0
132 2 0
133 2 0
133 2 681
133 2 598
133 2 978
133 2 325
133 2 0
133 2 0
133 2 0
134 2 0
134 2 982
134 2 953
134 2 633
134 2 56
134 2 984
134 2 560
134 2 858
134 2 0
134 2 0
135 1 0
135 1 374
135 1 788
135 1 137
135 1 316
135 1 867
135 1 0
135 1 0
135 1 0
135 1 305
135 1 0
136 2 0
136 2 22
136 2 566
136 2 0
136 2 0
136 2 222
136 2 626
136 2 0
136 2 0
136 2 0
137 1 0
137 1 277
137 1 914
137 1 357
137 1 306
137 1 0
137 1 0
137 1 0
137 1 0
138 1 0
138 1 765
138 1 0
138 1 0
138 1 0
139 2 0
139 2 377
139 2 872
139 2 176
139 2 0
139 2 0
139 2 0
140 1 0
140 1 913
140 1 0
140 1 0
140 1 0
141 1 0
141 1 449
141 1 893
141 1 747
141 1 597
141 1 517
141 1 286
141 1 486
141 1 915
141 1 0
141 1 0
141 1 0
141 1 0
142 1 0
142 1 317
142 1 0
142 1 0
142 1 0
143 2 0
143 2 506
143 2 201
143 2 386
143 2 0
143 2 0
144 2 0
144 2 243
144 2 684
144 2 0
144 2 0
144 2 381
144 2 795
144 2 0
144 2 0
145 2 0
145 2 370
145 2 244
145 2 946
145 2 528
145 2 963
145 2 353
145 2 344
145 2 0
145 2 0
145 2 0
145 2 0
146 2 0
146 2 184
146 2 194
146 2 924
146 2 859
146 2 0
146 2 0
146 2 556
146 2 165
146 2 87
146 2 0
146 2 0
147 2 0
147 2 224
147 2 238
147 2 129
147 2 227
147 2 0
147 2 0
147 2 0
147 2 221
147 2 0
148 1 0
148 1 643
148 1 0
148 1 0
148 1 993
148 1 704
148 1 0
148 1 0
149 1 0
149 1 198
149 1 117
149 1 347
149 1 878
149 1 206
149 1 0
149 1 0
149 1 0
149 1 0
150 2 0
150 2 966
150 2 623
150 2 599
150 2 836
150 2 879
150 2 585
150 2 0
150 2 0
151 1 0
151 1 131
151 1 674
151 1 618
151 1 0
151 1 0
151 1 0
151 1 451
151 1 252
151 1 0
151 1 0
152 2 0
152 2 249
152 2 549
152 2 21
152 2 363
152 2 892
152 2 0
152 2 0
152 2 0
152 2 0
153 2 0
153 2 268
153 2 197
153 2 241
153 2 552
153 2 375
153 2 0
153 2 0
153 2 0
153 2 0
154 2 0
154 2 416
154 2 100
154 2 900
154 2 667
154 2 952
154 2 629
154 2 0
154 2 0
154 2 0
154 2 0
155 1 0
155 1 368
155 1 174
155 1 769
155 1 533
155 1 0
155 1 0
155 1 0
155 1 130
155 1 0
156 1 0
156 1 120
156 1 931
156 1 851
156 1 358
156 1 0
156 1 0
156 1 0
156 1 112
156 1 0
157 2 0
157 2 482
157 2 379
157 2 768
157 2 159
157 2 671
157 2 49
157 2 639
157 2 0
157 2 0
158 2 0
158 2 267
158 2 687
158 2 614
158 2 48
158 2 620
158 2 0
158 2 0
158 2 0
158 2 0
159 2 0
159 2 210
159 2 901
159 2 959
159 2 362
159 2 242
159 2 76
159 2 0
159 2 0
160 1 0
160 1 72
160 1 443
160 1 361
160 1 427
160 1 0
160 1 0
160 1 0
160 1 0
161 1 0
161 1 103
161 1 631
161 1 52
161 1 343
161 1 1
161 1 0
161 1 0
161 1 0
161 1 55
161 1 0
162 2 0
162 2 770
162 2 422
162 2 302
162 2 833
162 2 0
162 2 0
162 2 0
162 2 0
163 2 0
163 2 333
163 2 155
163 2 139
163 2 138
163 2 110
163 2 0
163 2 0
164 2 0
164 2 256
164 2 215
164 2 567
164 2 278
164 2 589
164 2 787
164 2 0
164 2 0
164 2 0
164 2 0
165 2 0
165 2 299
165 2 378
165 2 3
165 2 0
165 2 0
166 1 0
166 1 297
166 1 739
166 1 65
166 1 0
166 1 0
167 2 0
167 2 483
167 2 821
167 2 452
167 2 926
167 2 696
167 2 519
167 2 121
167 2 0
167 2 0
167 2 0
167 2 0
168 2 0
168 2 115
168 2 258
168 2 933
168 2 0
168 2 0
168 2 0
168 2 713
168 2 431
168 2 0
168 2 0
169 1 0
169 1 280
169 1 864
169 1 547
169 1 0
169 1 0
170 1 0
170 1 228
170 1 0
170 1 0
170 1 0
170 1 75
170 1 0
170 1 0
171 1 0
171 1 20
171 1 261
171 1 388
171 1 0
171 1 0
171 1 0
171 1 209
171 1 439
171 1 0
171 1 0
171 1 0
171 1 0
172 2 0
172 2 203
172 2 405
172 2 390
172 2 239
172 2 62
172 2 337
172 2 0
172 2 0
172 2 0
172 2 0
173 1 0
173 1 403
173 1 312
173 1 658
173 1 583
173 1 0
173 1 0
173 1 0
173 1 0
174 1 0
174 1 111
174 1 575
174 1 0
174 1 0
174 1 0
174 1 195
174 1 594
174 1 0
174 1 0
174 1 0
174 1 0
175 1 0
175 1 16
175 1 766
175 1 0
175 1 0
175 1 0
175 1 169
175 1 96
175 1 0
175 1 0
176 2 0
176 2 70
176 2 67
176 2 968
176 2 537
176 2 935
176 2 192
176 2 0
176 2 0
176 2 0
176 2 0
177 2 0
177 2 592
177 2 804
177 2 637
177 2 0
177 2 0
177 2 0
177 2 29
177 2 0
178 1 0
178 1 355
178 1 132
178 1 39
178 1 0
178 1 0
178 1 0
178 1 0
179 2 0
179 2 262
179 2 736
179 2 702
179 2 774
179 2 889
179 2 0
179 2 0
179 2 0
179 2 0
180 1 0
180 1 225
180 1 775
180 1 0
180 1 0
180 1 0
180 1 260
180 1 0
180 1 0
181 2 0
181 2 487
181 2 500
181 2 987
181 2 762
181 2 0
181 2 0
181 2 0
181 2 822
181 2 0
181 2 0
181 2 0
181 2 0
182 2 0
182 2 234
182 2 688
182 2 729
182 2 213
182 2 350
182 2 0
182 2 0
182 2 0
182 2 0
183 1 0
183 1 285
183 1 315
183 1 572
183 1 235
183 1 0
183 1 0
183 1 0
183 1 0
184 2 0
184 2 886
184 2 780
184 2 958
184 2 51
184 2 19
184 2 527
184 2 957
184 2 0
184 2 0
185 1 0
185 1 444
185 1 147
185 1 985
185 1 50
185 1 0
185 1 896
185 1 371
185 1 0
185 1 0
185 1 0
185 1 0
186 1 0
186 1 888
186 1 0
186 1 0
186 1 0
186 1 0
187 2 0
187 2 143
187 2 179
187 2 421
187 2 469
187 2 0
187 2 0
187 2 0
187 2 0
188 2 0
188 2 551
188 2 869
188 2 77
188 2 0
188 2 0
189 2 0
189 2 584
189 2 231
189 2 395
189 2 0
189 2 0
189 2 0
189 2 0
190 2 0
190 2 185
190 2 474
190 2 540
190 2 300
190 2 731
190 2 0
190 2 0
190 2 0
190 2 0
191 1 0
191 1 956
191 1 424
191 1 0
191 1 0
191 1 0
191 1 359
191 1 708
191 1 0
191 1 0
191 1 0
191 1 0
192 2 0
192 2 26
192 2 521
192 2 274
192 2 0
192 2 0
193 2 0
193 2 270
193 2 219
193 2 0
193 2 0
194 1 0
194 1 152
194 1 0
194 1 0
195 2 0
195 2 33
195 2 12
195 2 0
195 2 0
196 1 0
196 1 13
196 1 0
196 1 0
197 1 0
197 1 2
197 1 0
