total cost: 402663
1 2 0
1 2 553
1 2 288
1 2 767
1 2 0
1 2 0
1 2 307
1 2 793
1 2 0
1 2 0
1 2 141
1 2 0
2 1 0
2 1 220
2 1 802
2 1 577
2 1 254
2 1 0
2 1 0
2 1 180
2 1 257
2 1 932
2 1 0
3 2 0
3 2 616
3 2 161
3 2 652
3 2 0
4 2 0
4 2 954
4 2 654
4 2 520
4 2 0
5 1 0
5 1 463
5 1 539
5 1 459
5 1 693
5 1 454
5 1 0
5 1 0
5 1 790
5 1 0
6 2 0
6 2 408
6 2 801
6 2 754
6 2 593
6 2 475
6 2 510
6 2 356
6 2 0
7 2 0
7 2 645
7 2 865
7 2 189
7 2 442
7 2 92
7 2 710
7 2 717
7 2 0
8 1 0
8 1 605
8 1 974
8 1 401
8 1 229
8 1 0
9 2 0
9 2 57
9 2 843
9 2 170
9 2 749
9 2 689
9 2 525
9 2 476
9 2 0
10 1 0
10 1 281
10 1 423
10 1 532
10 1 544
10 1 798
10 1 380
10 1 0
11 1 0
11 1 856
11 1 4
11 1 501
11 1 250
11 1 911
11 1 468
11 1 700
11 1 0
11 1 0
11 1 230
11 1 0
12 1 0
12 1 354
12 1 0
13 1 0
13 1 319
13 1 716
13 1 0
14 2 0
14 2 124
14 2 919
14 2 799
14 2 148
14 2 0
15 1 0
15 1 164
15 1 391
15 1 440
15 1 216
15 1 650
15 1 0
16 2 0
16 2 37
16 2 154
16 2 0
16 2 0
16 2 612
16 2 535
16 2 8
16 2 0
17 1 0
17 1 462
17 1 813
17 1 478
17 1 0
17 1 0
17 1 283
17 1 590
17 1 269
17 1 0
18 1 0
18 1 763
18 1 831
18 1 602
18 1 284
18 1 759
18 1 0
18 1 0
18 1 591
18 1 504
18 1 0
19 1 0
19 1 947
19 1 400
19 1 682
19 1 826
19 1 641
19 1 171
19 1 742
19 1 0
20 1 0
20 1 714
20 1 248
20 1 0
21 2 0
21 2 841
21 2 543
21 2 101
21 2 783
21 2 470
21 2 217
21 2 897
21 2 345
21 2 880
21 2 0
22 1 0
22 1 975
22 1 570
22 1 810
22 1 276
22 1 0
23 1 0
23 1 565
23 1 871
23 1 850
23 1 58
23 1 0
23 1 0
23 1 304
23 1 205
23 1 114
23 1 477
23 1 0
24 2 0
24 2 428
24 2 820
24 2 54
24 2 732
24 2 600
24 2 0
25 1 0
25 1 489
25 1 741
25 1 107
25 1 0
26 1 0
26 1 899
26 1 237
26 1 541
26 1 158
26 1 338
26 1 0
26 1 0
26 1 561
26 1 0
27 2 0
27 2 291
27 2 7
27 2 437
27 2 992
27 2 923
27 2 436
27 2 0
28 1 0
28 1 846
28 1 473
28 1 293
28 1 0
29 1 0
29 1 866
29 1 128
29 1 9
29 1 721
29 1 967
29 1 678
29 1 508
29 1 0
30 2 0
30 2 264
30 2 910
30 2 524
30 2 63
30 2 807
30 2 0
31 2 0
31 2 816
31 2 863
31 2 868
31 2 609
31 2 349
31 2 0
31 2 0
31 2 352
31 2 0
32 1 0
32 1 939
32 1 36
32 1 204
32 1 563
32 1 964
32 1 940
32 1 314
32 1 0
33 1 0
33 1 14
33 1 580
33 1 232
33 1 538
33 1 495
33 1 397
33 1 212
33 1 512
33 1 0
34 1 0
34 1 389
34 1 666
34 1 446
34 1 949
34 1 692
34 1 852
34 1 0
35 2 0
35 2 113
35 2 529
35 2 738
35 2 907
35 2 608
35 2 513
35 2 906
35 2 47
35 2 0
36 1 0
36 1 855
36 1 808
36 1 676
36 1 969
36 1 803
36 1 66
36 1 0
37 2 0
37 2 279
37 2 99
37 2 785
37 2 472
37 2 679
37 2 0
38 2 0
38 2 17
38 2 925
38 2 418
38 2 902
38 2 84
38 2 885
38 2 323
38 2 178
38 2 0
39 1 0
39 1 441
39 1 207
39 1 168
39 1 516
39 1 44
39 1 0
40 1 0
40 1 606
40 1 955
40 1 542
40 1 707
40 1 246
40 1 40
40 1 360
40 1 990
40 1 223
40 1 0
41 1 0
41 1 106
41 1 815
41 1 200
41 1 0
42 1 0
42 1 335
42 1 447
42 1 545
42 1 0
43 1 0
43 1 153
43 1 394
43 1 453
43 1 88
43 1 0
43 1 0
43 1 64
43 1 94
43 1 398
43 1 0
44 2 0
44 2 922
44 2 45
44 2 809
44 2 814
44 2 430
44 2 977
44 2 396
44 2 844
44 2 438
44 2 0
45 2 0
45 2 603
45 2 796
45 2 644
45 2 705
45 2 929
45 2 23
45 2 0
46 2 0
46 2 715
46 2 188
46 2 781
46 2 425
46 2 776
46 2 668
46 2 0
47 1 0
47 1 531
47 1 806
47 1 873
47 1 694
47 1 136
47 1 259
47 1 0
48 1 0
48 1 133
48 1 664
48 1 752
48 1 0
49 2 0
49 2 791
49 2 945
49 2 191
49 2 125
49 2 0
50 2 0
50 2 837
50 2 909
50 2 0
51 1 0
51 1 677
51 1 41
51 1 0
52 1 0
52 1 784
52 1 86
52 1 0
53 1 0
53 1 550
53 1 0
54 1 0
54 1 456
54 1 102
54 1 351
54 1 0
54 1 0
54 1 255
54 1 980
54 1 74
54 1 724
54 1 0
55 2 0
55 2 921
55 2 876
55 2 753
55 2 0
56 2 0
56 2 336
56 2 369
56 2 854
56 2 426
56 2 0
56 2 0
56 2 163
56 2 0
57 2 0
57 2 817
57 2 157
57 2 199
57 2 324
57 2 648
57 2 290
57 2 0
58 1 0
58 1 435
58 1 686
58 1 160
58 1 183
58 1 835
58 1 490
58 1 471
58 1 0
59 2 0
59 2 518
59 2 497
59 2 404
59 2 642
59 2 0
59 2 0
59 2 130
59 2 576
59 2 0
60 2 0
60 2 266
60 2 562
60 2 275
60 2 310
60 2 748
60 2 166
60 2 27
60 2 0
61 1 0
61 1 611
61 1 647
61 1 455
61 1 0
62 1 0
62 1 93
62 1 417
62 1 181
62 1 0
63 1 0
63 1 399
63 1 680
63 1 29
63 1 11
63 1 970
63 1 0
64 1 0
64 1 699
64 1 646
64 1 392
64 1 30
64 1 628
64 1 937
64 1 0
65 1 0
65 1 340
65 1 756
65 1 134
65 1 175
65 1 376
65 1 601
65 1 140
65 1 515
65 1 1057
65 1 0
66 2 0
66 2 989
66 2 751
66 2 673
66 2 485
66 2 226
66 2 0
66 2 0
66 2 95
66 2 0
67 2 0
67 2 996
67 2 697
67 2 870
67 2 81
67 2 289
67 2 211
67 2 0
68 1 0
68 1 292
68 1 208
68 1 0
69 1 0
69 1 511
69 1 38
69 1 757
69 1 0
70 2 0
70 2 410
70 2 943
70 2 18
70 2 887
70 2 0
70 2 0
70 2 151
70 2 971
70 2 965
70 2 734
70 2 0
71 1 0
71 1 233
71 1 794
71 1 874
71 1 828
71 1 0
71 1 0
71 1 568
71 1 918
71 1 309
71 1 0
72 2 0
72 2 321
72 2 655
72 2 34
72 2 0
73 1 0
73 1 186
73 1 484
73 1 172
73 1 761
73 1 595
73 1 758
73 1 1082
73 1 0
74 2 0
74 2 193
74 2 840
74 2 0
74 2 0
74 2 43
74 2 0
75 2 0
75 2 328
75 2 771
75 2 492
75 2 413
75 2 0
75 2 0
75 2 718
75 2 0
76 1 0
76 1 411
76 1 574
76 1 419
76 1 976
76 1 0
76 1 0
76 1 960
76 1 24
76 1 0
77 1 0
77 1 610
77 1 894
77 1 25
77 1 582
77 1 726
77 1 83
77 1 1097
77 1 0
78 1 0
78 1 930
78 1 282
78 1 685
78 1 936
78 1 581
78 1 509
78 1 630
78 1 1044
78 1 0
79 1 0
79 1 934
79 1 991
79 1 78
79 1 578
79 1 0
80 1 0
80 1 329
80 1 71
80 1 365
80 1 383
80 1 0
81 1 0
81 1 564
81 1 695
81 1 0
82 2 0
82 2 941
82 2 973
82 2 118
82 2 0
83 1 0
83 1 273
83 1 797
83 1 805
83 1 466
83 1 587
83 1 0
84 2 0
84 2 177
84 2 701
84 2 218
84 2 80
84 2 709
84 2 0
85 2 0
85 2 150
85 2 621
85 2 944
85 2 669
85 2 857
85 2 0
86 1 0
86 1 604
86 1 91
86 1 0
87 1 0
87 1 861
87 1 393
87 1 457
87 1 119
87 1 28
87 1 480
87 1 0
88 1 0
88 1 557
88 1 0
89 2 0
89 2 434
89 2 481
89 2 0
90 1 0
90 1 330
90 1 0
91 2 0
91 2 366
91 2 272
91 2 0
91 2 0
91 2 675
91 2 779
91 2 0
92 1 0
92 1 85
92 1 800
92 1 493
92 1 778
92 1 881
92 1 298
92 1 0
93 2 0
93 2 640
93 2 777
93 2 665
93 2 998
93 2 554
93 2 624
93 2 904
93 2 0
94 1 0
94 1 334
94 1 938
94 1 755
94 1 997
94 1 97
94 1 0
94 1 0
94 1 311
94 1 494
94 1 812
94 1 0
95 1 0
95 1 167
95 1 782
95 1 764
95 1 819
95 1 0
95 1 0
95 1 479
95 1 0
96 1 0
96 1 59
96 1 0
97 1 0
97 1 586
97 1 79
97 1 847
97 1 0
98 2 0
98 2 999
98 2 891
98 2 341
98 2 571
98 2 672
98 2 0
99 1 0
99 1 948
99 1 135
99 1 0
100 2 0
100 2 429
100 2 988
100 2 927
100 2 318
100 2 0
100 2 0
100 2 877
100 2 0
101 2 0
101 2 31
101 2 746
101 2 660
101 2 558
101 2 983
101 2 706
101 2 0
102 2 0
102 2 735
102 2 0
103 2 0
103 2 663
103 2 15
103 2 432
103 2 0
104 1 0
104 1 173
104 1 0
105 2 0
105 2 838
105 2 848
105 2 342
105 2 607
105 2 0
106 2 0
106 2 656
106 2 727
106 2 0
107 2 0
107 2 247
107 2 190
107 2 327
107 2 615
107 2 619
107 2 53
107 2 0
108 2 0
108 2 496
108 2 994
108 2 942
108 2 883
108 2 0
109 1 0
109 1 458
109 1 534
109 1 792
109 1 613
109 1 488
109 1 187
109 1 301
109 1 1042
109 1 0
110 2 0
110 2 657
110 2 0
110 2 0
110 2 951
110 2 659
110 2 750
110 2 898
110 2 182
110 2 0
111 2 0
111 2 420
111 2 559
111 2 555
111 2 339
111 2 526
111 2 928
111 2 1070
111 2 0
112 1 0
112 1 662
112 1 112
112 1 0
113 2 0
113 2 830
113 2 730
113 2 0
113 2 0
113 2 661
113 2 0
114 2 0
114 2 149
114 2 332
114 2 622
114 2 573
114 2 839
114 2 6
114 2 89
114 2 1040
114 2 0
115 2 0
115 2 294
115 2 950
115 2 467
115 2 346
115 2 461
115 2 90
115 2 0
116 1 0
116 1 126
116 1 596
116 1 683
116 1 0
116 1 0
116 1 546
116 1 789
116 1 0
117 2 0
117 2 842
117 2 0
118 2 0
118 2 10
118 2 82
118 2 0
119 1 0
119 1 445
119 1 920
119 1 638
119 1 0
120 2 0
120 2 530
120 2 165
120 2 0
121 2 0
121 2 214
121 2 265
121 2 824
121 2 0
122 2 0
122 2 703
122 2 627
122 2 144
122 2 245
122 2 414
122 2 505
122 2 1016
122 2 0
123 1 0
123 1 251
123 1 720
123 1 465
123 1 0
124 1 0
124 1 367
124 1 127
124 1 626
124 1 0
125 2 0
125 2 536
125 2 0
126 2 0
126 2 712
126 2 653
126 2 448
126 2 681
126 2 0
126 2 0
126 2 287
126 2 0
127 1 0
127 1 313
127 1 903
127 1 0
127 1 0
127 1 221
127 1 0
128 2 0
128 2 109
128 2 853
128 2 387
128 2 825
128 2 0
128 2 0
128 2 33
128 2 0
129 2 0
129 2 719
129 2 320
129 2 460
129 2 725
129 2 0
129 2 0
129 2 818
129 2 786
129 2 0
130 2 0
130 2 862
130 2 296
130 2 145
130 2 0
130 2 0
130 2 2
130 2 0
131 2 0
131 2 908
131 2 728
131 2 498
131 2 156
131 2 823
131 2 548
131 2 503
131 2 381
131 2 617
131 2 1016
131 2 0
132 1 0
132 1 849
132 1 832
132 1 385
132 1 122
132 1 905
132 1 890
132 1 845
132 1 295
132 1 1056
132 1 0
133 2 0
133 2 502
133 2 986
133 2 98
133 2 0
133 2 0
133 2 202
133 2 412
133 2 0
134 1 0
134 1 364
134 1 743
134 1 860
134 1 236
134 1 104
134 1 1081
134 1 0
135 1 0
135 1 142
135 1 634
135 1 566
135 1 972
135 1 1001
135 1 0
136 1 0
136 1 42
136 1 698
136 1 35
136 1 253
136 1 651
136 1 834
136 1 895
136 1 1031
136 1 0
137 2 0
137 2 407
137 2 827
137 2 73
137 2 740
137 2 0
138 2 0
138 2 271
138 2 0
139 2 0
139 2 240
139 2 249
139 2 522
139 2 0
139 2 0
139 2 406
139 2 0
140 1 0
140 1 32
140 1 60
140 1 0
141 1 0
141 1 670
141 1 277
141 1 123
141 1 1016
141 1 0
142 2 0
142 2 409
142 2 384
142 2 46
142 2 382
142 2 0
143 1 0
143 1 875
143 1 993
143 1 0
144 2 0
144 2 744
144 2 625
144 2 981
144 2 723
144 2 433
144 2 242
144 2 1033
144 2 0
145 1 0
145 1 514
145 1 914
145 1 357
145 1 760
145 1 263
145 1 297
145 1 1041
145 1 0
146 2 0
146 2 523
146 2 348
146 2 5
146 2 325
146 2 68
146 2 0
147 1 0
147 1 402
147 1 733
147 1 636
147 1 737
147 1 632
147 1 1100
147 1 0
148 2 0
148 2 917
148 2 912
148 2 0
149 2 0
149 2 995
149 2 222
149 2 0
150 1 0
150 1 772
150 1 373
150 1 0
151 2 0
151 2 722
151 2 773
151 2 464
151 2 635
151 2 415
151 2 201
151 2 704
151 2 1100
151 2 0
152 1 0
152 1 69
152 1 1000
152 1 0
153 2 0
153 2 982
153 2 953
153 2 984
153 2 829
153 2 713
153 2 579
153 2 1056
153 2 0
154 1 0
154 1 374
154 1 788
154 1 131
154 1 196
154 1 1020
154 1 0
154 1 0
154 1 811
154 1 317
154 1 0
155 1 0
155 1 22
155 1 316
155 1 978
155 1 176
155 1 155
155 1 1001
155 1 0
156 1 0
156 1 690
156 1 916
156 1 962
156 1 633
156 1 162
156 1 795
156 1 1056
156 1 0
157 1 0
157 1 765
157 1 913
157 1 0
158 2 0
158 2 377
158 2 872
158 2 331
158 2 326
158 2 0
159 1 0
159 1 449
159 1 194
159 1 893
159 1 597
159 1 549
159 1 286
159 1 486
159 1 915
159 1 1068
159 1 0
160 2 0
160 2 588
160 2 506
160 2 0
161 2 0
161 2 450
161 2 303
161 2 959
161 2 308
161 2 49
161 2 639
161 2 386
161 2 1100
161 2 0
162 2 0
162 2 116
162 2 979
162 2 499
162 2 0
163 1 0
163 1 243
163 1 884
163 1 1001
163 1 0
163 1 0
163 1 372
163 1 0
164 2 0
164 2 370
164 2 244
164 2 567
164 2 528
164 2 361
164 2 353
164 2 443
164 2 1100
164 2 0
165 2 0
165 2 745
165 2 0
165 2 0
165 2 556
165 2 305
165 2 0
166 1 0
166 1 184
166 1 747
166 1 674
166 1 1068
166 1 0
166 1 0
166 1 195
166 1 0
167 2 0
167 2 224
167 2 238
167 2 198
167 2 507
167 2 900
167 2 491
167 2 299
167 2 1009
167 2 0
168 1 0
168 1 643
168 1 0
168 1 0
168 1 598
168 1 569
168 1 1001
168 1 0
169 1 0
169 1 137
169 1 867
169 1 1001
169 1 0
169 1 0
169 1 451
169 1 252
169 1 241
169 1 55
169 1 1098
169 1 0
170 2 0
170 2 859
170 2 966
170 2 416
170 2 210
170 2 667
170 2 96
170 2 76
170 2 146
170 2 1081
170 2 0
171 1 0
171 1 924
171 1 117
171 1 649
171 1 169
171 1 378
171 1 1009
171 1 0
172 1 0
172 1 268
172 1 0
172 1 0
172 1 618
172 1 0
173 2 0
173 2 684
173 2 120
173 2 517
173 2 623
173 2 882
173 2 280
173 2 1009
173 2 0
174 1 0
174 1 368
174 1 691
174 1 174
174 1 306
174 1 1056
174 1 0
174 1 0
174 1 87
174 1 0
175 2 0
175 2 482
175 2 379
175 2 159
175 2 671
175 2 105
175 2 961
175 2 629
175 2 1039
175 2 0
176 1 0
176 1 267
176 1 197
176 1 1068
176 1 0
177 1 0
177 1 72
177 1 901
177 1 206
177 1 585
177 1 879
177 1 836
177 1 1002
177 1 0
178 1 0
178 1 333
178 1 552
178 1 864
178 1 375
178 1 1009
178 1 0
179 1 0
179 1 61
179 1 946
179 1 631
179 1 427
179 1 963
179 1 344
179 1 1053
179 1 0
180 1 0
180 1 103
180 1 215
180 1 256
180 1 56
180 1 858
180 1 1056
180 1 0
181 2 0
181 2 100
181 2 347
181 2 878
181 2 599
181 2 3
181 2 547
181 2 1089
181 2 0
182 1 0
182 1 770
182 1 422
182 1 1068
182 1 0
182 1 0
182 1 362
182 1 75
182 1 1033
182 1 0
183 2 0
183 2 129
183 2 227
183 2 821
183 2 452
183 2 1039
183 2 0
183 2 0
183 2 322
183 2 0
184 2 0
184 2 711
184 2 560
184 2 739
184 2 1056
184 2 0
185 2 0
185 2 483
185 2 768
185 2 350
185 2 1039
185 2 0
186 1 0
186 1 115
186 1 258
186 1 926
186 1 1002
186 1 0
186 1 0
186 1 152
186 1 0
187 1 0
187 1 52
187 1 343
187 1 575
187 1 1039
187 1 0
187 1 0
187 1 108
187 1 0
188 2 0
188 2 20
188 2 355
188 2 769
188 2 533
188 2 228
188 2 439
188 2 1039
188 2 0
189 1 0
189 1 203
189 1 931
189 1 851
189 1 21
189 1 363
189 1 1009
189 1 0
190 2 0
190 2 261
190 2 16
190 2 388
190 2 736
190 2 766
190 2 888
190 2 572
190 2 395
190 2 1045
190 2 0
191 1 0
191 1 403
191 1 312
191 1 687
191 1 139
191 1 892
191 1 138
191 1 1007
191 1 0
192 1 0
192 1 111
192 1 592
192 1 285
192 1 1039
192 1 0
193 1 0
193 1 358
193 1 225
193 1 696
193 1 519
193 1 121
193 1 1039
193 1 0
194 1 0
194 1 70
194 1 302
194 1 833
194 1 658
194 1 1007
194 1 0
195 1 0
195 1 952
195 1 1039
195 1 0
196 2 0
196 2 262
196 2 1039
196 2 0
196 2 0
196 2 896
196 2 231
196 2 1089
196 2 0
197 1 0
197 1 1
197 1 1039
197 1 0
197 1 0
197 1 260
197 1 110
197 1 1007
197 1 0
198 1 0
198 1 804
198 1 1039
198 1 0
198 1 0
198 1 219
198 1 1068
198 1 0
199 1 0
199 1 637
199 1 886
199 1 500
199 1 469
199 1 19
199 1 1083
199 1 0
200 2 0
200 2 487
200 2 933
200 2 775
200 2 421
200 2 1074
200 2 0
200 2 0
200 2 594
200 2 1039
200 2 0
201 1 0
201 1 234
201 1 405
201 1 239
201 1 337
201 1 1074
201 1 0
202 2 0
202 2 213
202 2 729
202 2 390
202 2 62
202 2 620
202 2 1089
202 2 0
203 2 0
203 2 278
203 2 787
203 2 65
203 2 431
203 2 1045
203 2 0
204 2 0
204 2 589
204 2 147
204 2 774
204 2 702
204 2 315
204 2 1045
204 2 0
205 2 0
205 2 968
205 2 537
205 2 583
205 2 935
205 2 731
205 2 584
205 2 371
205 2 1074
205 2 0
206 2 0
206 2 444
206 2 132
206 2 39
206 2 359
206 2 1010
206 2 0
207 2 0
207 2 614
207 2 300
207 2 48
207 2 13
207 2 1089
207 2 0
208 2 0
208 2 822
208 2 1039
208 2 0
209 2 0
209 2 688
209 2 67
209 2 540
209 2 762
209 2 192
209 2 551
209 2 1045
209 2 0
210 1 0
210 1 143
210 1 26
210 1 889
210 1 235
210 1 1010
210 1 0
211 1 0
211 1 185
211 1 958
211 1 987
211 1 1083
211 1 0
211 1 0
211 1 209
211 1 1033
211 1 0
212 1 0
212 1 956
212 1 179
212 1 985
212 1 1010
212 1 0
213 1 0
213 1 780
213 1 50
213 1 51
213 1 957
213 1 1010
213 1 869
213 1 12
213 1 0
214 1 0
214 1 424
214 1 527
214 1 1045
214 1 0
215 1 0
215 1 474
215 1 1010
215 1 0
215 1 0
215 1 77
215 1 708
215 1 1010
215 1 0
216 1 0
216 1 521
216 1 274
216 1 1010
216 1 0
217 1 0
217 1 270
217 1 1089
217 1 0
