total cost: 307600
1 2 0
1 2 553
1 2 288
1 2 767
1 2 0
1 2 0
1 2 307
1 2 793
1 2 0
1 2 0
1 2 141
1 2 0
2 1 0
2 1 220
2 1 802
2 1 577
2 1 254
2 1 0
2 1 0
2 1 180
2 1 257
2 1 932
2 1 0
3 1 0
3 1 616
3 1 161
3 1 652
3 1 0
3 1 0
3 1 0
4 2 0
4 2 954
4 2 654
4 2 520
4 2 0
5 1 0
5 1 463
5 1 539
5 1 459
5 1 693
5 1 454
5 1 0
5 1 0
5 1 790
5 1 0
5 1 0
5 1 0
6 2 0
6 2 408
6 2 801
6 2 754
6 2 593
6 2 475
6 2 510
6 2 356
6 2 0
7 2 0
7 2 645
7 2 865
7 2 189
7 2 442
7 2 92
7 2 710
7 2 717
7 2 0
7 2 0
7 2 0
8 2 0
8 2 605
8 2 974
8 2 401
8 2 229
8 2 0
9 2 0
9 2 57
9 2 843
9 2 170
9 2 749
9 2 689
9 2 525
9 2 476
9 2 0
10 2 0
10 2 281
10 2 423
10 2 532
10 2 544
10 2 798
10 2 380
10 2 0
11 2 0
11 2 856
11 2 4
11 2 501
11 2 250
11 2 911
11 2 468
11 2 700
11 2 783
11 2 477
11 2 0
12 1 0
12 1 354
12 1 37
12 1 0
13 1 0
13 1 319
13 1 716
13 1 0
14 1 0
14 1 124
14 1 919
14 1 799
14 1 148
14 1 0
15 2 0
15 2 612
15 2 230
15 2 535
15 2 0
16 1 0
16 1 462
16 1 813
16 1 478
16 1 0
16 1 0
16 1 0
17 2 0
17 2 947
17 2 602
17 2 284
17 2 171
17 2 742
17 2 0
18 1 0
18 1 0
19 2 0
19 2 154
19 2 14
19 2 855
19 2 0
19 2 0
19 2 8
19 2 0
20 1 0
20 1 164
20 1 391
20 1 440
20 1 216
20 1 650
20 1 0
21 2 0
21 2 763
21 2 899
21 2 826
21 2 922
21 2 531
21 2 217
21 2 470
21 2 897
21 2 0
21 2 0
21 2 504
21 2 0
22 1 0
22 1 283
22 1 714
22 1 0
23 2 0
23 2 591
23 2 0
24 2 0
24 2 590
24 2 269
24 2 0
25 1 0
25 1 841
25 1 64
25 1 304
25 1 205
25 1 114
25 1 0
26 2 0
26 2 570
26 2 975
26 2 759
26 2 0
27 1 0
27 1 400
27 1 101
27 1 7
27 1 543
27 1 437
27 1 992
27 1 923
27 1 0
27 1 0
27 1 0
28 1 0
28 1 831
28 1 237
28 1 58
28 1 850
28 1 0
28 1 0
28 1 561
28 1 0
29 1 0
29 1 565
29 1 871
29 1 541
29 1 158
29 1 338
29 1 791
29 1 945
29 1 191
29 1 0
29 1 0
29 1 0
30 2 0
30 2 428
30 2 820
30 2 54
30 2 732
30 2 600
30 2 0
31 1 0
31 1 489
31 1 741
31 1 107
31 1 0
32 1 0
32 1 682
32 1 939
32 1 36
32 1 264
32 1 99
32 1 807
32 1 0
33 1 0
33 1 291
33 1 866
33 1 128
33 1 9
33 1 721
33 1 967
33 1 678
33 1 508
33 1 0
34 1 0
34 1 846
34 1 473
34 1 293
34 1 0
35 2 0
35 2 641
35 2 677
35 2 964
35 2 314
35 2 0
36 1 0
36 1 63
36 1 910
36 1 524
36 1 279
36 1 785
36 1 0
36 1 0
36 1 0
37 1 0
37 1 816
37 1 863
37 1 868
37 1 609
37 1 0
37 1 0
37 1 352
37 1 0
38 2 0
38 2 113
38 2 529
38 2 738
38 2 907
38 2 349
38 2 0
38 2 0
38 2 810
38 2 784
38 2 276
38 2 0
39 2 0
39 2 389
39 2 580
39 2 441
39 2 495
39 2 397
39 2 212
39 2 512
39 2 0
40 1 0
40 1 17
40 1 925
40 1 418
40 1 902
40 1 84
40 1 885
40 1 323
40 1 178
40 1 0
41 2 0
41 2 606
41 2 955
41 2 542
41 2 707
41 2 246
41 2 40
41 2 360
41 2 990
41 2 223
41 2 844
41 2 0
42 2 0
42 2 106
42 2 815
42 2 200
42 2 345
42 2 880
42 2 0
43 2 0
43 2 335
43 2 608
43 2 513
43 2 906
43 2 47
43 2 472
43 2 0
43 2 0
43 2 0
44 2 0
44 2 153
44 2 538
44 2 446
44 2 666
44 2 232
44 2 808
44 2 676
44 2 969
44 2 852
44 2 692
44 2 0
45 2 0
45 2 949
45 2 0
46 2 0
46 2 715
46 2 511
46 2 425
46 2 776
46 2 668
46 2 0
47 2 0
47 2 603
47 2 796
47 2 644
47 2 447
47 2 705
47 2 929
47 2 545
47 2 0
47 2 0
47 2 0
48 2 0
48 2 133
48 2 436
48 2 970
48 2 0
49 1 0
49 1 550
49 1 0
50 2 0
50 2 837
50 2 909
50 2 0
51 1 0
51 1 248
51 1 0
52 2 0
52 2 204
52 2 563
52 2 940
52 2 181
52 2 259
52 2 125
52 2 0
53 2 0
53 2 163
53 2 679
53 2 0
54 2 0
54 2 456
54 2 102
54 2 351
54 2 921
54 2 0
54 2 0
54 2 130
54 2 576
54 2 0
55 2 0
55 2 45
55 2 809
55 2 814
55 2 430
55 2 977
55 2 396
55 2 438
55 2 481
55 2 0
55 2 0
55 2 0
56 1 0
56 1 336
56 1 369
56 1 854
56 1 0
56 1 0
56 1 255
56 1 980
56 1 74
56 1 724
56 1 0
57 2 0
57 2 817
57 2 157
57 2 199
57 2 324
57 2 648
57 2 290
57 2 0
57 2 0
57 2 0
58 1 0
58 1 806
58 1 873
58 1 694
58 1 136
58 1 918
58 1 0
59 1 0
59 1 394
59 1 329
59 1 934
59 1 207
59 1 168
59 1 803
59 1 0
59 1 0
59 1 0
60 1 0
60 1 435
60 1 686
60 1 160
60 1 183
60 1 835
60 1 490
60 1 471
60 1 0
61 1 0
61 1 518
61 1 497
61 1 404
61 1 642
61 1 0
61 1 0
61 1 95
61 1 398
61 1 208
61 1 0
62 2 0
62 2 266
62 2 562
62 2 664
62 2 410
62 2 151
62 2 752
62 2 0
63 2 0
63 2 611
63 2 647
63 2 455
63 2 0
63 2 0
63 2 86
63 2 0
64 1 0
64 1 93
64 1 417
64 1 675
64 1 135
64 1 289
64 1 0
65 1 0
65 1 41
65 1 568
65 1 0
66 2 0
66 2 399
66 2 680
66 2 748
66 2 166
66 2 27
66 2 434
66 2 0
67 1 0
67 1 292
67 1 38
67 1 0
67 1 0
67 1 0
68 1 0
68 1 699
68 1 996
68 1 697
68 1 81
68 1 628
68 1 937
68 1 211
68 1 0
68 1 0
69 1 0
69 1 340
69 1 781
69 1 188
69 1 709
69 1 757
69 1 0
69 1 0
69 1 0
70 2 0
70 2 646
70 2 334
70 2 938
70 2 755
70 2 997
70 2 493
70 2 778
70 2 0
70 2 0
70 2 0
71 1 0
71 1 876
71 1 753
71 1 0
72 2 0
72 2 392
72 2 366
72 2 272
72 2 85
72 2 0
72 2 0
72 2 94
72 2 0
73 1 0
73 1 989
73 1 751
73 1 673
73 1 485
73 1 0
73 1 0
73 1 43
73 1 11
73 1 0
74 2 0
74 2 943
74 2 310
74 2 941
74 2 685
74 2 936
74 2 656
74 2 630
74 2 0
74 2 0
74 2 0
75 2 0
75 2 233
75 2 134
75 2 175
75 2 420
75 2 376
75 2 601
75 2 140
75 2 515
75 2 0
75 2 0
75 2 0
76 1 0
76 1 321
76 1 861
76 1 393
76 1 457
76 1 965
76 1 971
76 1 734
76 1 0
76 1 0
77 2 0
77 2 275
77 2 771
77 2 509
77 2 479
77 2 0
78 2 0
78 2 756
78 2 663
78 2 79
78 2 586
78 2 557
78 2 494
78 2 287
78 2 0
78 2 0
78 2 0
79 1 0
79 1 186
79 1 948
79 1 0
80 2 0
80 2 794
80 2 874
80 2 828
80 2 0
80 2 0
80 2 150
80 2 944
80 2 669
80 2 857
80 2 0
81 2 0
81 2 328
81 2 492
81 2 413
81 2 10
81 2 0
82 1 0
82 1 193
82 1 426
82 1 0
82 1 0
82 1 0
83 2 0
83 2 226
83 2 887
83 2 973
83 2 0
83 2 0
83 2 0
84 2 0
84 2 411
84 2 574
84 2 419
84 2 976
84 2 0
85 1 0
85 1 960
85 1 480
85 1 28
85 1 0
86 1 0
86 1 610
86 1 894
86 1 660
86 1 25
86 1 726
86 1 706
86 1 983
86 1 0
86 1 0
87 2 0
87 2 930
87 2 764
87 2 819
87 2 730
87 2 0
87 2 0
87 2 718
87 2 0
87 2 0
87 2 0
88 1 0
88 1 564
88 1 840
88 1 0
89 2 0
89 2 273
89 2 746
89 2 429
89 2 735
89 2 172
89 2 761
89 2 758
89 2 0
89 2 0
89 2 0
90 1 0
90 1 18
90 1 891
90 1 341
90 1 571
90 1 672
90 1 0
90 1 0
90 1 0
91 1 0
91 1 177
91 1 701
91 1 218
91 1 80
91 1 904
91 1 0
91 1 0
91 1 0
92 1 0
92 1 581
92 1 2
92 1 0
93 1 0
93 1 30
93 1 805
93 1 466
93 1 595
93 1 587
93 1 0
94 2 0
94 2 604
94 2 383
94 2 44
94 2 516
94 2 0
95 1 0
95 1 330
95 1 0
95 1 0
95 1 0
96 2 0
96 2 640
96 2 777
96 2 554
96 2 998
96 2 15
96 2 0
96 2 0
96 2 311
96 2 847
96 2 0
96 2 0
96 2 0
97 2 0
97 2 167
97 2 782
97 2 294
97 2 800
97 2 97
97 2 465
97 2 881
97 2 842
97 2 0
97 2 0
97 2 0
98 2 0
98 2 695
98 2 657
98 2 173
98 2 848
98 2 0
98 2 0
98 2 24
98 2 0
99 1 0
99 1 870
99 1 797
99 1 484
99 1 582
99 1 875
99 1 558
99 1 195
99 1 905
99 1 0
99 1 0
100 1 0
100 1 59
100 1 838
100 1 342
100 1 750
100 1 0
101 1 0
101 1 118
101 1 496
101 1 119
101 1 0
102 1 0
102 1 999
102 1 719
102 1 622
102 1 573
102 1 883
102 1 942
102 1 994
102 1 265
102 1 0
102 1 0
102 1 0
102 1 0
103 1 0
103 1 877
103 1 309
103 1 298
103 1 0
103 1 0
103 1 0
104 1 0
104 1 282
104 1 126
104 1 683
104 1 0
104 1 0
104 1 779
104 1 0
105 1 0
105 1 31
105 1 849
105 1 832
105 1 190
105 1 621
105 1 0
105 1 0
105 1 0
105 1 0
106 1 0
106 1 662
106 1 619
106 1 895
106 1 0
106 1 0
107 2 0
107 2 247
107 2 908
107 2 144
107 2 951
107 2 659
107 2 91
107 2 23
107 2 0
107 2 0
107 2 0
108 2 0
108 2 453
108 2 991
108 2 88
108 2 78
108 2 578
108 2 0
108 2 0
108 2 661
108 2 0
109 2 0
109 2 655
109 2 712
109 2 653
109 2 0
109 2 0
109 2 66
109 2 182
109 2 0
110 2 0
110 2 458
110 2 534
110 2 792
110 2 613
110 2 488
110 2 187
110 2 0
110 2 0
110 2 0
111 2 0
111 2 365
111 2 71
111 2 898
111 2 0
112 1 0
112 1 830
112 1 596
112 1 364
112 1 0
112 1 0
112 1 607
112 1 789
112 1 0
113 2 0
113 2 149
113 2 332
113 2 142
113 2 320
113 2 0
113 2 0
113 2 546
113 2 0
114 2 0
114 2 445
114 2 920
114 2 638
114 2 772
114 2 0
114 2 0
114 2 0
115 2 0
115 2 665
115 2 559
115 2 555
115 2 34
115 2 432
115 2 339
115 2 928
115 2 0
115 2 0
116 1 0
116 1 530
116 1 165
116 1 0
117 2 0
117 2 214
117 2 727
117 2 0
117 2 0
117 2 0
118 2 0
118 2 703
118 2 627
118 2 414
118 2 245
118 2 823
118 2 503
118 2 0
118 2 0
119 2 0
119 2 251
119 2 927
119 2 318
119 2 346
119 2 461
119 2 90
119 2 0
120 1 0
120 1 536
120 1 0
121 1 0
121 1 950
121 1 720
121 1 0
122 2 0
122 2 313
122 2 903
122 2 988
122 2 0
122 2 0
122 2 367
122 2 301
122 2 626
122 2 0
122 2 0
122 2 0
123 1 0
123 1 109
123 1 853
123 1 387
123 1 0
123 1 0
123 1 82
123 1 0
123 1 0
123 1 0
124 1 0
124 1 296
124 1 0
124 1 0
124 1 812
124 1 624
124 1 0
125 2 0
125 2 271
125 2 53
125 2 740
125 2 0
125 2 0
125 2 0
126 2 0
126 2 862
126 2 744
126 2 917
126 2 839
126 2 6
126 2 89
126 2 0
127 1 0
127 1 824
127 1 412
127 1 0
127 1 0
127 1 0
128 1 0
128 1 502
128 1 986
128 1 98
128 1 0
128 1 0
128 1 0
128 1 818
128 1 0
128 1 0
128 1 0
129 2 0
129 2 145
129 2 467
129 2 46
129 2 104
129 2 0
130 2 0
130 2 221
130 2 505
130 2 0
131 2 0
131 2 385
131 2 122
131 2 263
131 2 760
131 2 651
131 2 0
131 2 0
132 1 0
132 1 407
132 1 827
132 1 498
132 1 548
132 1 381
132 1 617
132 1 0
132 1 0
132 1 0
132 1 0
133 1 0
133 1 523
133 1 348
133 1 1000
133 1 913
133 1 0
133 1 0
133 1 0
133 1 0
134 1 0
134 1 634
134 1 825
134 1 972
134 1 978
134 1 0
134 1 0
134 1 0
134 1 112
134 1 0
135 2 0
135 2 42
135 2 615
135 2 327
135 2 253
135 2 890
135 2 845
135 2 295
135 2 829
135 2 0
135 2 0
136 1 0
136 1 240
136 1 249
136 1 0
136 1 0
136 1 0
136 1 406
136 1 0
137 1 0
137 1 32
137 1 60
137 1 912
137 1 0
137 1 0
138 1 0
138 1 670
138 1 698
138 1 35
138 1 993
138 1 0
138 1 0
138 1 0
138 1 0
139 1 0
139 1 409
139 1 743
139 1 860
139 1 236
139 1 723
139 1 146
139 1 433
139 1 0
139 1 0
139 1 0
139 1 0
140 1 0
140 1 69
140 1 765
140 1 68
140 1 0
140 1 0
141 1 0
141 1 728
141 1 914
141 1 123
141 1 357
141 1 156
141 1 834
141 1 0
141 1 0
141 1 0
141 1 0
142 1 0
142 1 384
142 1 382
142 1 0
143 1 0
143 1 127
143 1 372
143 1 0
143 1 0
143 1 0
144 2 0
144 2 514
144 2 690
144 2 73
144 2 0
145 1 0
145 1 402
145 1 733
145 1 636
145 1 83
145 1 415
145 1 201
145 1 0
145 1 0
145 1 0
145 1 0
146 2 0
146 2 995
146 2 786
146 2 0
146 2 0
146 2 0
147 1 0
147 1 811
147 1 317
147 1 0
147 1 0
147 1 0
148 2 0
148 2 588
148 2 506
148 2 0
149 2 0
149 2 448
149 2 196
149 2 872
149 2 377
149 2 326
149 2 373
149 2 556
149 2 0
149 2 0
149 2 0
149 2 0
150 1 0
150 1 681
150 1 598
150 1 331
150 1 116
150 1 526
150 1 322
150 1 499
150 1 0
150 1 0
150 1 0
150 1 0
151 1 0
151 1 722
151 1 981
151 1 72
151 1 308
151 1 105
151 1 961
151 1 0
151 1 0
152 2 0
152 2 982
152 2 368
152 2 579
152 2 984
152 2 713
152 2 0
152 2 0
153 2 0
153 2 374
153 2 788
153 2 522
153 2 0
153 2 0
153 2 305
153 2 0
154 1 0
154 1 22
154 1 316
154 1 325
154 1 176
154 1 5
154 1 155
154 1 0
154 1 0
154 1 0
154 1 0
155 1 0
155 1 773
155 1 635
155 1 464
155 1 632
155 1 0
155 1 0
155 1 0
155 1 0
156 1 0
156 1 277
156 1 916
156 1 56
156 1 162
156 1 633
156 1 795
156 1 0
156 1 0
156 1 0
156 1 0
157 1 0
157 1 222
157 1 0
158 2 0
158 2 566
158 2 867
158 2 0
158 2 0
158 2 202
158 2 0
159 1 0
159 1 449
159 1 460
159 1 0
159 1 0
159 1 108
159 1 0
160 1 0
160 1 243
160 1 884
160 1 0
160 1 0
160 1 0
160 1 33
160 1 0
161 2 0
161 2 625
161 2 224
161 2 238
161 2 966
161 2 859
161 2 882
161 2 299
161 2 0
161 2 0
161 2 0
161 2 0
162 1 0
162 1 370
162 1 61
162 1 711
162 1 344
162 1 858
162 1 0
162 1 0
163 1 0
163 1 303
163 1 482
163 1 959
163 1 671
163 1 209
163 1 49
163 1 386
163 1 0
163 1 0
164 1 0
164 1 184
164 1 893
164 1 747
164 1 674
164 1 0
164 1 0
164 1 0
164 1 0
165 1 0
165 1 725
165 1 0
166 1 0
166 1 643
166 1 0
166 1 0
166 1 450
166 1 737
166 1 704
166 1 0
166 1 0
167 2 0
167 2 745
167 2 0
167 2 0
167 2 569
167 2 0
168 2 0
168 2 198
168 2 507
168 2 129
168 2 649
168 2 491
168 2 242
168 2 76
168 2 0
168 2 0
169 1 0
169 1 137
169 1 131
169 1 268
169 1 0
169 1 0
169 1 0
169 1 451
169 1 252
169 1 0
169 1 0
170 1 0
170 1 924
170 1 597
170 1 549
170 1 517
170 1 486
170 1 915
170 1 552
170 1 0
170 1 0
170 1 0
170 1 0
171 1 0
171 1 618
171 1 0
171 1 0
171 1 362
171 1 667
171 1 75
171 1 0
171 1 0
172 2 0
172 2 684
172 2 120
172 2 267
172 2 197
172 2 286
172 2 241
172 2 55
172 2 0
172 2 0
172 2 0
172 2 0
173 1 0
173 1 194
173 1 623
173 1 347
173 1 878
173 1 378
173 1 280
173 1 0
173 1 0
173 1 0
173 1 0
174 1 0
174 1 416
174 1 117
174 1 900
174 1 210
174 1 169
174 1 585
174 1 0
174 1 0
174 1 0
174 1 0
175 2 0
175 2 333
175 2 87
175 2 864
175 2 375
175 2 0
175 2 0
176 2 0
176 2 103
176 2 244
176 2 567
176 2 528
176 2 946
176 2 353
176 2 361
176 2 443
176 2 0
176 2 0
176 2 0
176 2 0
177 2 0
177 2 770
177 2 422
177 2 21
177 2 139
177 2 260
177 2 0
177 2 0
177 2 0
177 2 0
178 1 0
178 1 100
178 1 227
178 1 452
178 1 0
178 1 0
178 1 0
178 1 0
179 2 0
179 2 256
179 2 215
179 2 691
179 2 306
179 2 962
179 2 739
179 2 0
179 2 0
179 2 0
179 2 0
180 1 0
180 1 979
180 1 0
180 1 0
180 1 0
180 1 0
181 2 0
181 2 639
181 2 0
182 2 0
182 2 379
182 2 768
182 2 159
182 2 901
182 2 206
182 2 879
182 2 836
182 2 0
182 2 0
182 2 0
182 2 0
183 2 0
183 2 953
183 2 174
183 2 355
183 2 769
183 2 963
183 2 427
183 2 0
183 2 0
184 1 0
184 1 560
184 1 297
184 1 0
184 1 0
185 1 0
185 1 631
185 1 261
185 1 533
185 1 228
185 1 350
185 1 0
185 1 0
185 1 0
185 1 0
186 1 0
186 1 483
186 1 52
186 1 343
186 1 285
186 1 0
186 1 0
186 1 0
186 1 0
187 1 0
187 1 115
187 1 821
187 1 258
187 1 0
187 1 0
187 1 0
187 1 152
187 1 0
188 2 0
188 2 20
188 2 132
188 2 444
188 2 147
188 2 278
188 2 589
188 2 0
188 2 0
188 2 0
188 2 0
189 2 0
189 2 403
189 2 851
189 2 931
189 2 358
189 2 696
189 2 519
189 2 0
189 2 0
189 2 0
189 2 0
190 2 0
190 2 203
190 2 926
190 2 225
190 2 121
190 2 896
190 2 3
190 2 547
190 2 0
190 2 0
190 2 0
190 2 0
191 1 0
191 1 629
191 1 952
191 1 96
191 1 0
191 1 0
192 1 0
192 1 111
192 1 487
192 1 933
192 1 0
192 1 0
192 1 0
192 1 599
192 1 0
192 1 0
193 2 0
193 2 312
193 2 302
193 2 687
193 2 614
193 2 833
193 2 300
193 2 620
193 2 0
193 2 0
194 2 0
194 2 70
194 2 363
194 2 892
194 2 138
194 2 110
194 2 0
194 2 0
195 1 0
195 1 16
195 1 388
195 1 736
195 1 766
195 1 888
195 1 0
195 1 0
195 1 0
195 1 0
196 2 0
196 2 575
196 2 804
196 2 637
196 2 0
196 2 0
196 2 0
196 2 439
196 2 315
196 2 822
196 2 0
196 2 0
196 2 0
196 2 0
197 2 0
197 2 1
197 2 886
197 2 500
197 2 469
197 2 19
197 2 0
197 2 0
198 2 0
198 2 592
198 2 62
198 2 405
198 2 239
198 2 337
198 2 537
198 2 731
198 2 0
198 2 0
198 2 0
198 2 0
199 1 0
199 1 234
199 1 688
199 1 658
199 1 583
199 1 0
199 1 0
199 1 0
199 1 594
199 1 0
199 1 0
200 2 0
200 2 262
200 2 213
200 2 584
200 2 0
200 2 0
201 1 0
201 1 729
201 1 390
201 1 270
201 1 0
201 1 0
201 1 0
201 1 0
202 1 0
202 1 65
202 1 787
202 1 889
202 1 0
202 1 0
202 1 0
202 1 0
203 1 0
203 1 521
203 1 551
203 1 395
203 1 0
203 1 0
204 2 0
204 2 968
204 2 424
204 2 935
204 2 421
204 2 0
204 2 0
204 2 0
204 2 0
205 1 0
205 1 702
205 1 774
205 1 572
205 1 235
205 1 0
205 1 0
205 1 0
205 1 0
206 1 0
206 1 775
206 1 987
206 1 0
206 1 0
206 1 0
206 1 431
206 1 77
206 1 0
206 1 0
207 1 0
207 1 143
207 1 26
207 1 39
207 1 359
207 1 0
207 1 0
207 1 0
207 1 0
208 2 0
208 2 67
208 2 540
208 2 192
208 2 762
208 2 371
208 2 0
208 2 0
209 1 0
209 1 185
209 1 958
209 1 985
209 1 51
209 1 0
209 1 0
209 1 0
209 1 231
209 1 0
209 1 0
210 1 0
210 1 780
210 1 50
210 1 527
210 1 957
210 1 869
210 1 0
210 1 0
211 1 0
211 1 956
211 1 474
211 1 0
211 1 0
211 1 0
211 1 274
211 1 708
211 1 0
211 1 0
212 1 0
212 1 179
212 1 0
212 1 0
212 1 0
212 1 48
212 1 219
212 1 0
212 1 0
213 1 0
213 1 29
213 1 12
213 1 0
213 1 0
214 1 0
214 1 13
214 1 0
214 1 0
