total cost: 341080
1 2 0
1 2 553
1 2 288
1 2 767
1 2 0
1 2 0
1 2 307
1 2 793
1 2 0
1 2 0
1 2 141
1 2 0
2 1 0
2 1 220
2 1 802
2 1 577
2 1 254
2 1 0
2 1 0
2 1 616
2 1 180
2 1 257
2 1 932
2 1 0
2 1 0
2 1 0
3 1 0
3 1 801
3 1 754
3 1 593
3 1 475
3 1 510
3 1 356
3 1 0
4 1 0
4 1 463
4 1 539
4 1 0
5 2 0
5 2 954
5 2 161
5 2 652
5 2 591
5 2 0
5 2 0
5 2 0
6 2 0
6 2 790
6 2 0
6 2 0
6 2 654
6 2 0
7 2 0
7 2 645
7 2 865
7 2 189
7 2 428
7 2 0
7 2 0
7 2 612
7 2 230
7 2 0
8 2 0
8 2 605
8 2 974
8 2 716
8 2 525
8 2 476
8 2 0
9 1 0
9 1 408
9 1 947
9 1 401
9 1 229
9 1 535
9 1 0
9 1 0
9 1 0
10 1 0
10 1 57
10 1 281
10 1 843
10 1 170
10 1 749
10 1 423
10 1 717
10 1 0
10 1 0
10 1 520
10 1 0
11 1 0
11 1 856
11 1 763
11 1 831
11 1 602
11 1 911
11 1 468
11 1 0
11 1 0
11 1 124
11 1 919
11 1 799
11 1 0
12 2 0
12 2 354
12 2 442
12 2 710
12 2 532
12 2 304
12 2 205
12 2 114
12 2 0
13 2 0
13 2 37
13 2 154
13 2 693
13 2 0
13 2 0
13 2 0
14 1 0
14 1 462
14 1 813
14 1 459
14 1 454
14 1 0
14 1 0
14 1 8
14 1 0
15 1 0
15 1 4
15 1 501
15 1 899
15 1 250
15 1 400
15 1 798
15 1 689
15 1 544
15 1 0
16 2 0
16 2 319
16 2 391
16 2 440
16 2 94
16 2 732
16 2 0
16 2 0
16 2 0
17 1 0
17 1 478
17 1 975
17 1 759
17 1 0
17 1 0
17 1 283
17 1 590
17 1 0
18 1 0
18 1 164
18 1 380
18 1 700
18 1 783
18 1 477
18 1 0
19 1 0
19 1 92
19 1 216
19 1 292
19 1 208
19 1 0
20 2 0
20 2 714
20 2 248
20 2 0
21 1 0
21 1 841
21 1 7
21 1 101
21 1 922
21 1 217
21 1 470
21 1 897
21 1 345
21 1 0
21 1 0
21 1 0
22 2 0
22 2 570
22 2 810
22 2 276
22 2 0
22 2 0
22 2 0
23 2 0
23 2 284
23 2 826
23 2 106
23 2 815
23 2 360
23 2 990
23 2 223
23 2 0
24 1 0
24 1 565
24 1 850
24 1 58
24 1 237
24 1 0
24 1 0
24 1 561
24 1 148
24 1 0
25 2 0
25 2 682
25 2 531
25 2 806
25 2 814
25 2 93
25 2 880
25 2 259
25 2 191
25 2 125
25 2 0
25 2 0
25 2 0
26 1 0
26 1 291
26 1 543
26 1 437
26 1 992
26 1 923
26 1 0
26 1 0
26 1 504
26 1 0
27 2 0
27 2 473
27 2 738
27 2 863
27 2 816
27 2 63
27 2 279
27 2 0
27 2 0
27 2 352
27 2 967
27 2 0
28 2 0
28 2 846
28 2 609
28 2 807
28 2 0
29 2 0
29 2 820
29 2 128
29 2 741
29 2 107
29 2 0
29 2 0
29 2 641
29 2 742
29 2 0
30 1 0
30 1 866
30 1 9
30 1 721
30 1 600
30 1 650
30 1 95
30 1 323
30 1 0
31 2 0
31 2 939
31 2 338
31 2 791
31 2 964
31 2 940
31 2 314
31 2 0
32 1 0
32 1 158
32 1 871
32 1 36
32 1 910
32 1 524
32 1 0
32 1 0
32 1 0
33 1 0
33 1 489
33 1 64
33 1 678
33 1 508
33 1 0
34 2 0
34 2 54
34 2 925
34 2 418
34 2 902
34 2 84
34 2 885
34 2 178
34 2 0
35 2 0
35 2 868
35 2 529
35 2 349
35 2 0
35 2 0
35 2 264
35 2 99
35 2 785
35 2 0
35 2 0
35 2 0
36 1 0
36 1 113
36 1 335
36 1 0
37 1 0
37 1 389
37 1 580
37 1 441
37 1 855
37 1 232
37 1 808
37 1 512
37 1 397
37 1 0
37 1 0
37 1 0
38 2 0
38 2 907
38 2 608
38 2 513
38 2 906
38 2 545
38 2 0
38 2 0
38 2 0
39 1 0
39 1 17
39 1 188
39 1 781
39 1 709
39 1 776
39 1 668
39 1 0
40 2 0
40 2 14
40 2 538
40 2 446
40 2 495
40 2 949
40 2 692
40 2 852
40 2 0
41 1 0
41 1 541
41 1 204
41 1 392
41 1 563
41 1 945
41 1 0
41 1 0
41 1 293
41 1 0
42 1 0
42 1 606
42 1 955
42 1 542
42 1 266
42 1 707
42 1 246
42 1 40
42 1 873
42 1 694
42 1 0
42 1 0
42 1 0
42 1 0
43 1 0
43 1 153
43 1 394
43 1 666
43 1 207
43 1 168
43 1 0
43 1 0
43 1 472
43 1 679
43 1 0
44 2 0
44 2 603
44 2 796
44 2 644
44 2 447
44 2 840
44 2 0
44 2 0
44 2 269
44 2 212
44 2 0
45 2 0
45 2 715
45 2 511
45 2 425
45 2 586
45 2 79
45 2 38
45 2 757
45 2 0
46 1 0
46 1 133
46 1 664
46 1 752
46 1 0
46 1 0
46 1 837
46 1 0
47 1 0
47 1 677
47 1 181
47 1 0
48 1 0
48 1 171
48 1 784
48 1 86
48 1 0
49 1 0
49 1 456
49 1 102
49 1 610
49 1 574
49 1 419
49 1 621
49 1 0
49 1 0
49 1 0
50 1 0
50 1 255
50 1 647
50 1 611
50 1 455
50 1 0
50 1 0
50 1 0
51 2 0
51 2 921
51 2 351
51 2 576
51 2 0
51 2 0
51 2 0
52 1 0
52 1 45
52 1 809
52 1 430
52 1 334
52 1 755
52 1 800
52 1 778
52 1 1060
52 1 0
52 1 1060
52 1 0
53 1 0
53 1 336
53 1 369
53 1 854
53 1 0
53 1 0
53 1 909
53 1 0
54 2 0
54 2 817
54 2 157
54 2 199
54 2 324
54 2 648
54 2 290
54 2 0
54 2 0
54 2 0
55 2 0
55 2 435
55 2 686
55 2 160
55 2 0
55 2 0
55 2 0
56 1 0
56 1 518
56 1 497
56 1 404
56 1 0
56 1 0
56 1 436
56 1 970
56 1 27
56 1 434
56 1 0
57 1 0
57 1 562
57 1 943
57 1 410
57 1 485
57 1 226
57 1 151
57 1 0
57 1 0
57 1 47
57 1 0
58 1 0
58 1 550
58 1 0
59 2 0
59 2 980
59 2 724
59 2 74
59 2 0
59 2 0
59 2 0
60 1 0
60 1 200
60 1 844
60 1 0
61 2 0
61 2 41
61 2 417
61 2 918
61 2 309
61 2 0
61 2 0
61 2 0
62 1 0
62 1 399
62 1 275
62 1 310
62 1 0
62 1 0
62 1 969
62 1 44
62 1 516
62 1 0
63 2 0
63 2 699
63 2 996
63 2 697
63 2 81
63 2 937
63 2 289
63 2 211
63 2 0
64 1 0
64 1 340
64 1 756
64 1 134
64 1 175
64 1 376
64 1 601
64 1 140
64 1 0
64 1 0
64 1 0
64 1 0
65 2 0
65 2 398
65 2 80
65 2 494
65 2 287
65 2 0
65 2 0
65 2 0
66 2 0
66 2 646
66 2 366
66 2 0
66 2 0
66 2 876
66 2 753
66 2 929
66 2 0
67 2 0
67 2 680
67 2 396
67 2 977
67 2 438
67 2 481
67 2 509
67 2 0
68 2 0
68 2 989
68 2 751
68 2 673
68 2 861
68 2 393
68 2 965
68 2 971
68 2 0
68 2 0
68 2 0
69 2 0
69 2 166
69 2 581
69 2 0
70 2 0
70 2 568
70 2 136
70 2 779
70 2 675
70 2 0
71 2 0
71 2 163
71 2 0
72 1 0
72 1 321
72 1 233
72 1 701
72 1 177
72 1 490
72 1 835
72 1 0
72 1 0
72 1 0
73 2 0
73 2 130
73 2 0
73 2 0
73 2 0
74 2 0
74 2 748
74 2 936
74 2 630
74 2 0
75 2 0
75 2 186
75 2 628
75 2 948
75 2 0
76 2 0
76 2 150
76 2 944
76 2 669
76 2 857
76 2 0
77 1 0
77 1 676
77 1 803
77 1 66
77 1 0
78 2 0
78 2 794
78 2 874
78 2 828
78 2 0
78 2 0
78 2 43
78 2 11
78 2 0
79 2 0
79 2 328
79 2 771
79 2 492
79 2 413
79 2 0
79 2 0
79 2 718
79 2 0
79 2 0
79 2 0
80 1 0
80 1 411
80 1 426
80 1 193
80 1 173
80 1 0
81 2 0
81 2 930
81 2 941
81 2 341
81 2 973
81 2 0
81 2 0
81 2 960
81 2 734
81 2 480
81 2 0
82 2 0
82 2 18
82 2 887
82 2 891
82 2 685
82 2 118
82 2 656
82 2 672
82 2 0
82 2 0
82 2 0
83 1 0
83 1 329
83 1 453
83 1 88
83 1 78
83 1 71
83 1 383
83 1 0
83 1 0
83 1 0
84 2 0
84 2 564
84 2 695
84 2 657
84 2 703
84 2 0
84 2 0
84 2 183
84 2 471
84 2 847
84 2 0
85 2 0
85 2 273
85 2 797
85 2 429
85 2 735
85 2 484
85 2 172
85 2 761
85 2 758
85 2 595
85 2 0
86 2 0
86 2 934
86 2 991
86 2 578
86 2 365
86 2 705
86 2 91
86 2 0
86 2 0
86 2 0
87 1 0
87 1 30
87 1 894
87 1 25
87 1 582
87 1 726
87 1 83
87 1 0
87 1 0
87 1 0
87 1 0
88 2 0
88 2 604
88 2 23
88 2 0
89 1 0
89 1 557
89 1 0
90 2 0
90 2 330
90 2 0
91 1 0
91 1 311
91 1 0
92 1 0
92 1 85
92 1 97
92 1 493
92 1 465
92 1 881
92 1 0
92 1 0
92 1 0
93 2 0
93 2 640
93 2 777
93 2 420
93 2 663
93 2 0
93 2 0
93 2 135
93 2 0
94 2 0
94 2 167
94 2 938
94 2 997
94 2 842
94 2 298
94 2 0
94 2 0
94 2 0
95 1 0
95 1 59
95 1 659
95 1 848
95 1 838
95 1 750
95 1 342
95 1 1058
95 1 0
96 1 0
96 1 870
96 1 272
96 1 0
96 1 0
96 1 457
96 1 119
96 1 28
96 1 824
96 1 0
97 2 0
97 2 661
97 2 182
97 2 607
97 2 0
98 1 0
98 1 999
98 1 719
98 1 622
98 1 573
98 1 942
98 1 883
98 1 265
98 1 1090
98 1 0
98 1 1090
98 1 0
99 2 0
99 2 877
99 2 0
100 1 0
100 1 282
100 1 819
100 1 0
100 1 0
100 1 479
100 1 0
101 1 0
101 1 764
101 1 294
101 1 82
101 1 0
101 1 0
101 1 24
101 1 0
102 1 0
102 1 746
102 1 849
102 1 385
102 1 190
102 1 0
103 2 0
103 2 247
103 2 908
103 2 144
103 2 951
103 2 245
103 2 414
103 2 53
103 2 0
103 2 0
103 2 0
103 2 0
104 1 0
104 1 31
104 1 660
104 1 875
104 1 122
104 1 983
104 1 558
104 1 706
104 1 506
104 1 0
104 1 0
104 1 0
104 1 0
105 1 0
105 1 655
105 1 712
105 1 0
105 1 0
105 1 218
105 1 515
105 1 624
105 1 812
105 1 0
106 1 0
106 1 782
106 1 830
106 1 0
106 1 0
106 1 496
106 1 301
106 1 127
106 1 626
106 1 0
106 1 0
106 1 0
106 1 0
107 2 0
107 2 458
107 2 534
107 2 792
107 2 332
107 2 613
107 2 995
107 2 0
107 2 0
107 2 0
108 2 0
108 2 149
108 2 142
108 2 634
108 2 825
108 2 387
108 2 0
108 2 0
108 2 662
108 2 619
108 2 895
108 2 0
109 1 0
109 1 126
109 1 730
109 1 0
109 1 0
109 1 546
109 1 789
109 1 0
110 1 0
110 1 642
110 1 832
110 1 615
110 1 617
110 1 381
110 1 503
110 1 0
110 1 0
111 1 0
111 1 10
111 1 727
111 1 0
111 1 0
111 1 0
112 2 0
112 2 445
112 2 348
112 2 1000
112 2 913
112 2 0
112 2 0
112 2 0
113 1 0
113 1 665
113 1 559
113 1 555
113 1 34
113 1 432
113 1 526
113 1 928
113 1 0
113 1 0
114 2 0
114 2 898
114 2 0
115 1 0
115 1 530
115 1 920
115 1 638
115 1 772
115 1 1062
115 1 0
115 1 1062
115 1 0
116 2 0
116 2 805
116 2 988
116 2 927
116 2 318
116 2 0
116 2 0
116 2 367
116 2 994
116 2 412
116 2 0
117 1 0
117 1 251
117 1 720
117 1 466
117 1 588
117 1 0
117 1 0
117 1 0
117 1 0
118 2 0
118 2 214
118 2 683
118 2 202
118 2 0
119 2 0
119 2 904
119 2 0
120 1 0
120 1 571
120 1 406
120 1 0
120 1 0
120 1 0
121 1 0
121 1 950
121 1 596
121 1 467
121 1 382
121 1 0
121 1 0
121 1 0
121 1 0
122 2 0
122 2 313
122 2 903
122 2 0
122 2 0
122 2 976
122 2 195
122 2 905
122 2 0
122 2 0
122 2 0
123 1 0
123 1 109
123 1 853
123 1 972
123 1 978
123 1 0
123 1 0
123 1 0
123 1 536
123 1 222
123 1 0
124 1 0
124 1 998
124 1 554
124 1 522
124 1 499
124 1 979
124 1 0
124 1 0
124 1 0
124 1 0
125 2 0
125 2 627
125 2 982
125 2 728
125 2 498
125 2 156
125 2 0
125 2 0
125 2 0
125 2 0
126 2 0
126 2 296
126 2 0
126 2 0
126 2 818
126 2 786
126 2 0
126 2 0
126 2 0
127 1 0
127 1 271
127 1 327
127 1 253
127 1 651
127 1 0
127 1 0
127 1 0
127 1 0
128 2 0
128 2 862
128 2 744
128 2 145
128 2 839
128 2 60
128 2 6
128 2 89
128 2 433
128 2 242
128 2 0
128 2 0
128 2 0
128 2 0
129 2 0
129 2 587
129 2 0
130 2 0
130 2 502
130 2 986
130 2 98
130 2 0
130 2 0
130 2 221
130 2 505
130 2 0
131 1 0
131 1 364
131 1 743
131 1 860
131 1 236
131 1 461
131 1 46
131 1 0
131 1 0
131 1 0
131 1 0
132 1 0
132 1 407
132 1 827
132 1 823
132 1 548
132 1 0
132 1 0
132 1 0
132 1 0
133 1 0
133 1 523
133 1 0
134 2 0
134 2 488
134 2 460
134 2 725
134 2 0
134 2 0
134 2 165
134 2 305
134 2 68
134 2 0
135 2 0
135 2 42
135 2 698
135 2 35
135 2 263
135 2 760
135 2 579
135 2 984
135 2 829
135 2 295
135 2 0
135 2 0
136 2 0
136 2 240
136 2 249
136 2 0
136 2 0
136 2 811
136 2 317
136 2 0
137 1 0
137 1 653
137 1 448
137 1 196
137 1 0
137 1 0
137 1 0
137 1 740
137 1 0
138 2 0
138 2 187
138 2 745
138 2 0
138 2 0
138 2 112
138 2 0
139 1 0
139 1 670
139 1 690
139 1 123
139 1 834
139 1 0
139 1 0
140 2 0
140 2 409
140 2 384
140 2 104
140 2 912
140 2 0
141 2 0
141 2 32
141 2 917
141 2 723
141 2 146
141 2 491
141 2 0
141 2 0
142 1 0
142 1 514
142 1 914
142 1 357
142 1 73
142 1 297
142 1 890
142 1 0
142 1 0
142 1 0
142 1 0
143 2 0
143 2 402
143 2 636
143 2 733
143 2 635
143 2 632
143 2 415
143 2 201
143 2 0
143 2 0
143 2 0
143 2 0
144 2 0
144 2 15
144 2 339
144 2 116
144 2 0
145 2 0
145 2 681
145 2 598
145 2 326
145 2 331
145 2 373
145 2 556
145 2 0
145 2 0
146 1 0
146 1 722
146 1 773
146 1 464
146 1 370
146 1 0
146 1 0
146 1 0
146 1 69
146 1 0
147 2 0
147 2 374
147 2 788
147 2 131
147 2 872
147 2 377
147 2 5
147 2 0
147 2 0
147 2 0
147 2 346
147 2 0
148 1 0
148 1 320
148 1 0
148 1 0
148 1 765
148 1 0
149 1 0
149 1 277
149 1 916
149 1 56
149 1 162
149 1 633
149 1 795
149 1 0
149 1 0
149 1 0
149 1 0
150 1 0
150 1 22
150 1 316
150 1 566
150 1 325
150 1 0
150 1 0
150 1 0
150 1 0
151 1 0
151 1 449
151 1 194
151 1 893
151 1 597
151 1 549
151 1 286
151 1 486
151 1 915
151 1 0
151 1 0
151 1 0
151 1 0
152 2 0
152 2 450
152 2 303
152 2 959
152 2 308
152 2 49
152 2 704
152 2 386
152 2 0
152 2 0
153 2 0
153 2 243
153 2 884
153 2 0
153 2 0
153 2 372
153 2 882
153 2 0
154 2 0
154 2 625
154 2 224
154 2 981
154 2 507
154 2 649
154 2 299
154 2 169
154 2 0
154 2 0
155 1 0
155 1 184
155 1 747
155 1 674
155 1 0
155 1 0
155 1 0
155 1 108
155 1 90
155 1 76
155 1 0
155 1 0
156 1 0
156 1 643
156 1 0
156 1 0
156 1 176
156 1 267
156 1 0
156 1 0
156 1 0
156 1 0
157 1 0
157 1 569
157 1 0
158 2 0
158 2 966
158 2 859
158 2 924
158 2 552
158 2 252
158 2 241
158 2 55
158 2 0
158 2 0
159 2 0
159 2 137
159 2 867
159 2 618
159 2 0
159 2 0
159 2 0
159 2 87
159 2 0
160 1 0
160 1 198
160 1 129
160 1 227
160 1 117
160 1 0
160 1 0
160 1 0
160 1 0
161 2 0
161 2 238
161 2 416
161 2 623
161 2 378
161 2 585
161 2 879
161 2 0
161 2 0
161 2 0
161 2 0
162 2 0
162 2 993
162 2 845
162 2 858
162 2 0
162 2 0
163 2 0
163 2 155
163 2 333
163 2 451
163 2 0
164 2 0
164 2 684
164 2 120
164 2 21
164 2 197
164 2 687
164 2 139
164 2 260
164 2 892
164 2 0
164 2 0
164 2 0
164 2 0
165 1 0
165 1 368
165 1 953
165 1 691
165 1 306
165 1 0
165 1 0
165 1 0
165 1 33
165 1 0
166 2 0
166 2 482
166 2 379
166 2 159
166 2 671
166 2 105
166 2 961
166 2 629
166 2 0
166 2 0
167 2 0
167 2 268
167 2 517
167 2 599
167 2 0
167 2 0
167 2 0
167 2 0
168 1 0
168 1 210
168 1 901
168 1 206
168 1 0
168 1 0
169 1 0
169 1 72
169 1 667
169 1 952
169 1 75
169 1 0
169 1 0
170 2 0
170 2 737
170 2 639
170 2 0
171 1 0
171 1 61
171 1 631
171 1 946
171 1 353
171 1 361
171 1 0
171 1 0
171 1 0
171 1 0
172 1 0
172 1 103
172 1 244
172 1 567
172 1 528
172 1 962
172 1 739
172 1 0
172 1 0
173 2 0
173 2 900
173 2 878
173 2 280
173 2 375
173 2 138
173 2 0
173 2 0
174 2 0
174 2 100
174 2 347
174 2 358
174 2 225
174 2 696
174 2 836
174 2 0
174 2 0
174 2 0
174 2 0
175 2 0
175 2 770
175 2 422
175 2 302
175 2 614
175 2 833
175 2 0
175 2 0
175 2 0
175 2 0
176 2 0
176 2 362
176 2 96
176 2 0
177 2 0
177 2 256
177 2 174
177 2 355
177 2 769
177 2 963
177 2 427
177 2 443
177 2 0
177 2 0
178 1 0
178 1 711
178 1 560
178 1 713
178 1 0
178 1 0
179 1 0
179 1 483
179 1 343
179 1 575
179 1 0
179 1 0
179 1 0
179 1 322
179 1 0
179 1 0
180 1 0
180 1 115
180 1 821
180 1 452
180 1 926
180 1 0
180 1 0
180 1 0
180 1 0
181 2 0
181 2 215
181 2 278
181 2 787
181 2 65
181 2 431
181 2 0
181 2 0
182 2 0
182 2 52
182 2 768
182 2 533
182 2 228
182 2 350
182 2 0
182 2 0
182 2 0
182 2 0
183 1 0
183 1 403
183 1 931
183 1 851
183 1 363
183 1 110
183 1 0
183 1 0
183 1 0
183 1 0
184 2 0
184 2 20
184 2 132
184 2 444
184 2 147
184 2 26
184 2 889
184 2 0
184 2 0
184 2 0
184 2 0
185 2 0
185 2 203
185 2 519
185 2 121
185 2 896
185 2 3
185 2 547
185 2 0
185 2 0
186 2 0
186 2 285
186 2 0
187 1 0
187 1 261
187 1 388
187 1 736
187 1 766
187 1 637
187 1 0
187 1 0
187 1 0
187 1 0
188 1 0
188 1 258
188 1 405
188 1 239
188 1 0
188 1 0
188 1 0
188 1 864
188 1 231
188 1 620
188 1 0
188 1 0
189 2 0
189 2 111
189 2 933
189 2 0
189 2 0
189 2 0
189 2 344
189 2 702
189 2 315
189 2 888
189 2 0
189 2 0
190 1 0
190 1 312
190 1 658
190 1 537
190 1 583
190 1 0
190 1 0
190 1 0
190 1 0
191 2 0
191 2 16
191 2 143
191 2 774
191 2 572
191 2 395
191 2 551
191 2 0
191 2 0
192 1 0
192 1 70
192 1 67
192 1 300
192 1 48
192 1 0
192 1 0
192 1 0
192 1 0
193 1 0
193 1 592
193 1 1
193 1 0
193 1 0
193 1 0
193 1 439
193 1 0
193 1 0
193 1 0
193 1 0
194 2 0
194 2 262
194 2 0
194 2 0
194 2 0
194 2 219
194 2 0
194 2 0
195 1 0
195 1 804
195 1 886
195 1 500
195 1 0
195 1 0
195 1 0
195 1 209
195 1 594
195 1 0
195 1 0
196 2 0
196 2 487
196 2 775
196 2 390
196 2 62
196 2 337
196 2 0
196 2 0
196 2 0
196 2 822
196 2 0
196 2 0
196 2 0
196 2 0
197 2 0
197 2 234
197 2 688
197 2 968
197 2 935
197 2 421
197 2 762
197 2 469
197 2 0
197 2 0
197 2 0
197 2 0
198 1 0
198 1 729
198 1 424
198 1 192
198 1 0
198 1 0
198 1 0
198 1 0
199 2 0
199 2 213
199 2 987
199 2 19
199 2 527
199 2 235
199 2 0
199 2 0
199 2 0
199 2 0
200 2 0
200 2 589
200 2 39
200 2 359
200 2 77
200 2 957
200 2 869
200 2 0
200 2 0
201 2 0
201 2 521
201 2 584
201 2 371
201 2 0
201 2 0
202 2 0
202 2 185
202 2 958
202 2 179
202 2 51
202 2 708
202 2 274
202 2 0
202 2 0
203 1 0
203 1 731
203 1 0
203 1 0
204 2 0
204 2 780
204 2 985
204 2 50
204 2 270
204 2 0
204 2 0
204 2 0
204 2 0
205 1 0
205 1 956
205 1 474
205 1 0
205 1 152
205 1 0
205 1 0
206 1 0
206 1 540
206 1 0
206 1 29
206 1 12
206 1 0
206 1 0
207 1 0
207 1 13
207 1 0
207 1 0
208 1 0
208 1 2
208 1 0
