total cost: 342885
1 2 0
1 2 553
1 2 288
1 2 767
1 2 0
1 2 0
1 2 307
1 2 793
1 2 0
1 2 0
1 2 141
1 2 0
2 2 0
2 2 220
2 2 802
2 2 577
2 2 254
2 2 749
2 2 0
2 2 0
2 2 180
2 2 257
2 2 932
2 2 0
3 1 0
3 1 616
3 1 161
3 1 652
3 1 0
3 1 0
3 1 0
4 2 0
4 2 954
4 2 654
4 2 520
4 2 0
5 2 0
5 2 463
5 2 539
5 2 459
5 2 693
5 2 454
5 2 0
5 2 0
5 2 790
5 2 0
5 2 0
5 2 0
6 1 0
6 1 408
6 1 801
6 1 754
6 1 593
6 1 475
6 1 510
6 1 356
6 1 0
7 1 0
7 1 645
7 1 865
7 1 189
7 1 442
7 1 92
7 1 0
7 1 0
7 1 612
7 1 0
8 1 0
8 1 605
8 1 974
8 1 401
8 1 229
8 1 0
9 1 0
9 1 57
9 1 281
9 1 843
9 1 170
9 1 689
9 1 525
9 1 476
9 1 0
10 1 0
10 1 856
10 1 4
10 1 501
10 1 250
10 1 911
10 1 468
10 1 700
10 1 0
10 1 0
10 1 230
10 1 0
11 2 0
11 2 354
11 2 154
11 2 0
11 2 0
11 2 319
11 2 8
11 2 0
12 1 0
12 1 164
12 1 717
12 1 532
12 1 423
12 1 0
13 2 0
13 2 37
13 2 389
13 2 855
13 2 808
13 2 512
13 2 397
13 2 212
13 2 0
14 1 0
14 1 124
14 1 919
14 1 799
14 1 148
14 1 0
15 1 0
15 1 462
15 1 813
15 1 478
15 1 0
15 1 0
15 1 591
15 1 504
15 1 0
16 2 0
16 2 947
16 2 716
16 2 400
16 2 380
16 2 798
16 2 641
16 2 742
16 2 0
17 2 0
17 2 763
17 2 831
17 2 602
17 2 284
17 2 759
17 2 0
17 2 0
17 2 561
17 2 535
17 2 0
18 2 0
18 2 710
18 2 440
18 2 216
18 2 650
18 2 95
18 2 323
18 2 178
18 2 0
19 1 0
19 1 544
19 1 64
19 1 304
19 1 205
19 1 114
19 1 0
20 1 0
20 1 391
20 1 94
20 1 732
20 1 600
20 1 0
20 1 0
20 1 0
21 2 0
21 2 714
21 2 248
21 2 0
22 1 0
22 1 841
22 1 7
22 1 101
22 1 543
22 1 437
22 1 992
22 1 923
22 1 0
22 1 0
22 1 0
23 2 0
23 2 570
23 2 975
23 2 810
23 2 276
23 2 0
23 2 0
23 2 0
24 1 0
24 1 565
24 1 871
24 1 850
24 1 58
24 1 0
24 1 0
24 1 283
24 1 590
24 1 269
24 1 0
25 1 0
25 1 899
25 1 237
25 1 541
25 1 158
25 1 338
25 1 0
25 1 0
25 1 352
25 1 678
25 1 967
25 1 0
26 1 0
26 1 428
26 1 820
26 1 128
26 1 0
26 1 0
26 1 43
26 1 0
27 1 0
27 1 473
27 1 738
27 1 609
27 1 863
27 1 0
27 1 0
27 1 107
27 1 0
28 1 0
28 1 291
28 1 542
28 1 707
28 1 246
28 1 40
28 1 360
28 1 0
28 1 0
28 1 0
29 2 0
29 2 866
29 2 9
29 2 741
29 2 721
29 2 0
30 1 0
30 1 682
30 1 922
30 1 531
30 1 217
30 1 470
30 1 783
30 1 815
30 1 508
30 1 0
31 1 0
31 1 846
31 1 335
31 1 807
31 1 0
32 1 0
32 1 816
32 1 113
32 1 910
32 1 524
32 1 63
32 1 279
32 1 0
32 1 0
32 1 0
33 2 0
33 2 939
33 2 826
33 2 106
33 2 897
33 2 345
33 2 880
33 2 0
34 2 0
34 2 54
34 2 925
34 2 418
34 2 902
34 2 84
34 2 885
34 2 398
34 2 208
34 2 0
35 2 0
35 2 14
35 2 538
35 2 446
35 2 495
35 2 949
35 2 692
35 2 852
35 2 0
36 2 0
36 2 868
36 2 529
36 2 907
36 2 349
36 2 0
36 2 0
36 2 264
36 2 784
36 2 964
36 2 0
37 1 0
37 1 17
37 1 715
37 1 489
37 1 292
37 1 38
37 1 0
37 1 0
37 1 293
37 1 0
38 2 0
38 2 441
38 2 580
38 2 232
38 2 676
38 2 969
38 2 803
38 2 66
38 2 516
38 2 0
39 2 0
39 2 606
39 2 955
39 2 562
39 2 266
39 2 399
39 2 680
39 2 990
39 2 873
39 2 694
39 2 844
39 2 0
40 1 0
40 1 153
40 1 394
40 1 329
40 1 934
40 1 207
40 1 168
40 1 0
40 1 0
40 1 0
41 1 0
41 1 666
41 1 796
41 1 0
42 1 0
42 1 36
42 1 204
42 1 563
42 1 940
42 1 314
42 1 125
42 1 0
42 1 0
42 1 0
43 2 0
43 2 99
43 2 785
43 2 472
43 2 513
43 2 0
43 2 0
43 2 0
44 1 0
44 1 603
44 1 644
44 1 0
45 1 0
45 1 133
45 1 664
45 1 752
45 1 0
45 1 0
45 1 477
45 1 0
46 1 0
46 1 791
46 1 945
46 1 259
46 1 191
46 1 0
47 2 0
47 2 837
47 2 909
47 2 0
48 2 0
48 2 677
48 2 41
48 2 136
48 2 200
48 2 0
49 2 0
49 2 171
49 2 29
49 2 0
50 1 0
50 1 456
50 1 102
50 1 351
50 1 0
50 1 0
50 1 921
50 1 679
50 1 576
50 1 0
51 1 0
51 1 45
51 1 809
51 1 430
51 1 334
51 1 755
51 1 800
51 1 493
51 1 778
51 1 0
51 1 0
51 1 0
51 1 0
52 2 0
52 2 336
52 2 369
52 2 854
52 2 426
52 2 0
52 2 0
52 2 255
52 2 86
52 2 0
53 2 0
53 2 817
53 2 157
53 2 199
53 2 324
53 2 648
53 2 290
53 2 0
53 2 0
53 2 0
54 1 0
54 1 806
54 1 814
54 1 977
54 1 396
54 1 438
54 1 481
54 1 0
54 1 0
54 1 0
55 1 0
55 1 0
56 2 0
56 2 608
56 2 447
56 2 545
56 2 0
56 2 0
56 2 0
57 2 0
57 2 518
57 2 497
57 2 404
57 2 642
57 2 0
57 2 0
57 2 435
57 2 835
57 2 0
58 2 0
58 2 611
58 2 647
58 2 980
58 2 74
58 2 724
58 2 0
59 2 0
59 2 455
59 2 0
59 2 0
59 2 436
59 2 0
60 1 0
60 1 93
60 1 417
60 1 181
60 1 0
61 2 0
61 2 906
61 2 604
61 2 383
61 2 44
61 2 0
62 2 0
62 2 550
62 2 0
63 1 0
63 1 699
63 1 646
63 1 392
63 1 30
63 1 628
63 1 937
63 1 0
63 1 0
63 1 0
64 2 0
64 2 340
64 2 781
64 2 188
64 2 425
64 2 776
64 2 668
64 2 0
65 2 0
65 2 876
65 2 753
65 2 929
65 2 0
66 1 0
66 1 989
66 1 751
66 1 673
66 1 485
66 1 0
66 1 0
66 1 163
66 1 47
66 1 0
67 2 0
67 2 996
67 2 697
67 2 870
67 2 81
67 2 289
67 2 211
67 2 0
68 2 0
68 2 160
68 2 233
68 2 686
68 2 183
68 2 490
68 2 471
68 2 0
69 2 0
69 2 275
69 2 310
69 2 748
69 2 581
69 2 434
69 2 27
69 2 0
69 2 0
69 2 0
70 2 0
70 2 151
70 2 970
70 2 734
70 2 965
70 2 480
70 2 0
71 1 0
71 1 568
71 1 918
71 1 309
71 1 0
71 1 0
71 1 0
72 1 0
72 1 223
72 1 166
72 1 11
72 1 0
72 1 0
72 1 0
73 1 0
73 1 410
73 1 943
73 1 941
73 1 0
73 1 0
73 1 130
73 1 0
74 1 0
74 1 511
74 1 777
74 1 79
74 1 663
74 1 0
74 1 0
74 1 2
74 1 0
75 1 0
75 1 756
75 1 134
75 1 175
75 1 376
75 1 601
75 1 140
75 1 515
75 1 0
75 1 0
75 1 0
75 1 0
76 2 0
76 2 321
76 2 177
76 2 701
76 2 218
76 2 80
76 2 494
76 2 0
76 2 0
76 2 0
77 1 0
77 1 794
77 1 874
77 1 828
77 1 0
77 1 0
77 1 150
77 1 944
77 1 669
77 1 857
77 1 0
78 1 0
78 1 328
78 1 771
78 1 492
78 1 413
78 1 0
78 1 0
78 1 971
78 1 24
78 1 0
79 1 0
79 1 226
79 1 887
79 1 0
79 1 0
79 1 0
80 2 0
80 2 411
80 2 574
80 2 419
80 2 976
80 2 0
81 2 0
81 2 193
81 2 840
81 2 705
81 2 0
81 2 0
81 2 0
82 1 0
82 1 186
82 1 484
82 1 172
82 1 761
82 1 595
82 1 758
82 1 0
82 1 0
82 1 0
82 1 0
83 1 0
83 1 610
83 1 894
83 1 25
83 1 582
83 1 726
83 1 83
83 1 0
83 1 0
83 1 0
83 1 0
84 1 0
84 1 709
84 1 757
84 1 0
85 1 0
85 1 930
85 1 764
85 1 126
85 1 214
85 1 0
85 1 0
85 1 960
85 1 0
86 2 0
86 2 564
86 2 695
86 2 657
86 2 173
86 2 848
86 2 0
86 2 0
86 2 0
87 2 0
87 2 273
87 2 797
87 2 805
87 2 466
87 2 587
87 2 0
88 2 0
88 2 18
88 2 341
88 2 891
88 2 118
88 2 0
88 2 0
88 2 718
88 2 0
88 2 0
88 2 0
89 1 0
89 1 861
89 1 393
89 1 457
89 1 119
89 1 28
89 1 0
89 1 0
89 1 0
90 1 0
90 1 557
90 1 0
91 1 0
91 1 366
91 1 0
91 1 0
91 1 675
91 1 779
91 1 0
91 1 0
91 1 0
92 2 0
92 2 973
92 2 936
92 2 0
92 2 0
92 2 0
93 2 0
93 2 85
93 2 97
93 2 842
93 2 881
93 2 298
93 2 0
93 2 0
93 2 0
94 1 0
94 1 640
94 1 420
94 1 665
94 1 554
94 1 624
94 1 904
94 1 812
94 1 0
94 1 0
94 1 0
94 1 0
95 1 0
95 1 685
95 1 656
95 1 672
95 1 0
95 1 0
95 1 0
96 1 0
96 1 167
96 1 938
96 1 997
96 1 465
96 1 0
97 2 0
97 2 479
97 2 630
97 2 509
97 2 0
98 1 0
98 1 59
98 1 838
98 1 342
98 1 750
98 1 0
99 1 0
99 1 586
99 1 330
99 1 847
99 1 0
99 1 0
99 1 0
100 2 0
100 2 999
100 2 719
100 2 622
100 2 573
100 2 883
100 2 942
100 2 994
100 2 824
100 2 265
100 2 0
100 2 0
100 2 0
100 2 0
101 1 0
101 1 948
101 1 135
101 1 0
101 1 0
101 1 0
102 1 0
102 1 429
102 1 988
102 1 927
102 1 318
102 1 0
102 1 0
102 1 877
102 1 0
103 2 0
103 2 31
103 2 746
103 2 660
103 2 558
103 2 983
103 2 706
103 2 0
104 1 0
104 1 282
104 1 819
104 1 0
104 1 0
104 1 662
104 1 112
104 1 0
105 2 0
105 2 735
105 2 272
105 2 0
105 2 0
105 2 661
105 2 0
106 2 0
106 2 453
106 2 88
106 2 991
106 2 578
106 2 0
106 2 0
106 2 23
106 2 91
106 2 607
106 2 0
107 1 0
107 1 247
107 1 190
107 1 832
107 1 122
107 1 905
107 1 890
107 1 0
107 1 0
107 1 0
107 1 0
108 1 0
108 1 655
108 1 712
108 1 0
108 1 0
108 1 621
108 1 53
108 1 0
108 1 0
108 1 0
109 1 0
109 1 365
109 1 71
109 1 898
109 1 0
109 1 0
109 1 0
110 1 0
110 1 782
110 1 830
110 1 0
110 1 0
110 1 951
110 1 659
110 1 789
110 1 0
111 2 0
111 2 458
111 2 534
111 2 792
111 2 613
111 2 488
111 2 187
111 2 0
111 2 0
111 2 311
111 2 0
111 2 0
111 2 0
112 1 0
112 1 149
112 1 332
112 1 142
112 1 320
112 1 0
112 1 0
112 1 0
112 1 496
112 1 0
113 1 0
113 1 294
113 1 950
113 1 467
113 1 346
113 1 461
113 1 90
113 1 0
113 1 0
114 2 0
114 2 78
114 2 627
114 2 546
114 2 182
114 2 0
115 2 0
115 2 445
115 2 920
115 2 638
115 2 772
115 2 0
115 2 0
115 2 0
116 1 0
116 1 10
116 1 727
116 1 0
116 1 0
116 1 0
117 1 0
117 1 703
117 1 144
117 1 908
117 1 245
117 1 823
117 1 503
117 1 0
117 1 0
118 1 0
118 1 251
118 1 720
118 1 0
119 2 0
119 2 530
119 2 165
119 2 0
120 1 0
120 1 414
120 1 505
120 1 0
121 2 0
121 2 536
121 2 0
122 1 0
122 1 571
122 1 406
122 1 202
122 1 0
122 1 0
122 1 0
123 1 0
123 1 683
123 1 0
123 1 0
123 1 367
123 1 301
123 1 626
123 1 0
123 1 0
123 1 0
124 2 0
124 2 730
124 2 862
124 2 0
124 2 0
124 2 287
124 2 0
124 2 0
124 2 0
125 1 0
125 1 313
125 1 903
125 1 0
125 1 0
125 1 221
125 1 0
126 2 0
126 2 109
126 2 853
126 2 387
126 2 825
126 2 0
126 2 0
126 2 82
126 2 0
127 1 0
127 1 596
127 1 409
127 1 46
127 1 104
127 1 0
127 1 0
128 2 0
128 2 998
128 2 559
128 2 555
128 2 34
128 2 432
128 2 339
128 2 928
128 2 0
128 2 0
129 1 0
129 1 502
129 1 986
129 1 98
129 1 0
129 1 0
129 1 0
129 1 818
129 1 0
129 1 0
129 1 0
130 2 0
130 2 849
130 2 670
130 2 385
130 2 875
130 2 506
130 2 993
130 2 0
130 2 0
130 2 0
130 2 0
131 2 0
131 2 364
131 2 384
131 2 860
131 2 236
131 2 382
131 2 0
132 2 0
132 2 407
132 2 827
132 2 498
132 2 548
132 2 381
132 2 617
132 2 0
132 2 0
133 1 0
133 1 296
133 1 0
133 1 0
133 1 523
133 1 348
133 1 1000
133 1 913
133 1 0
133 1 0
133 1 0
133 1 0
134 1 0
134 1 634
134 1 972
134 1 978
134 1 316
134 1 0
134 1 0
134 1 0
134 1 0
135 2 0
135 2 42
135 2 615
135 2 327
135 2 619
135 2 895
135 2 0
136 2 0
136 2 271
136 2 728
136 2 156
136 2 73
136 2 740
136 2 0
136 2 0
136 2 0
137 2 0
137 2 240
137 2 15
137 2 526
137 2 116
137 2 0
138 2 0
138 2 653
138 2 448
138 2 196
138 2 872
138 2 377
138 2 0
138 2 0
138 2 69
138 2 68
138 2 0
139 1 0
139 1 744
139 1 145
139 1 839
139 1 60
139 1 6
139 1 89
139 1 0
139 1 0
140 1 0
140 1 32
140 1 917
140 1 912
140 1 0
141 2 0
141 2 514
141 2 914
141 2 123
141 2 834
141 2 651
141 2 760
141 2 0
141 2 0
142 1 0
142 1 402
142 1 636
142 1 733
142 1 464
142 1 415
142 1 0
142 1 0
142 1 0
142 1 0
143 2 0
143 2 995
143 2 786
143 2 0
143 2 0
143 2 0
144 1 0
144 1 127
144 1 372
144 1 0
144 1 0
144 1 0
145 2 0
145 2 811
145 2 373
145 2 317
145 2 0
145 2 0
145 2 0
146 2 0
146 2 681
146 2 598
146 2 326
146 2 331
146 2 556
146 2 979
146 2 0
146 2 0
146 2 0
146 2 0
147 2 0
147 2 722
147 2 773
147 2 370
147 2 635
147 2 632
147 2 737
147 2 0
147 2 0
147 2 0
147 2 0
148 1 0
148 1 765
148 1 0
149 1 0
149 1 982
149 1 368
149 1 357
149 1 0
149 1 0
149 1 0
149 1 588
149 1 201
149 1 0
150 2 0
150 2 374
150 2 788
150 2 522
150 2 249
150 2 499
150 2 322
150 2 305
150 2 0
150 2 0
150 2 0
150 2 0
151 2 0
151 2 743
151 2 723
151 2 146
151 2 433
151 2 242
151 2 0
151 2 0
152 1 0
152 1 22
152 1 325
152 1 176
152 1 5
152 1 155
152 1 0
152 1 0
153 2 0
153 2 277
153 2 690
153 2 253
153 2 263
153 2 845
153 2 295
153 2 829
153 2 0
153 2 0
154 2 0
154 2 222
154 2 0
154 2 0
154 2 412
154 2 0
155 2 0
155 2 449
155 2 460
155 2 725
155 2 0
155 2 0
155 2 195
155 2 0
156 1 0
156 1 698
156 1 916
156 1 56
156 1 162
156 1 633
156 1 984
156 1 579
156 1 0
156 1 0
157 1 0
157 1 243
157 1 884
157 1 867
157 1 0
157 1 0
157 1 0
157 1 108
157 1 0
158 1 0
158 1 625
158 1 224
158 1 981
158 1 507
158 1 649
158 1 0
158 1 0
158 1 0
158 1 0
159 2 0
159 2 303
159 2 482
159 2 72
159 2 308
159 2 105
159 2 961
159 2 0
159 2 0
160 1 0
160 1 184
160 1 893
160 1 747
160 1 674
160 1 0
160 1 0
160 1 0
160 1 0
161 1 0
161 1 566
161 1 0
161 1 0
161 1 0
162 2 0
162 2 643
162 2 0
162 2 0
162 2 450
162 2 959
162 2 49
162 2 704
162 2 386
162 2 0
162 2 0
163 1 0
163 1 0
164 1 0
164 1 0
165 2 0
165 2 745
165 2 0
165 2 0
165 2 569
165 2 0
166 2 0
166 2 137
166 2 131
166 2 268
166 2 0
166 2 0
166 2 0
166 2 87
166 2 0
167 2 0
167 2 238
167 2 198
167 2 966
167 2 859
167 2 882
167 2 299
167 2 491
167 2 0
167 2 0
167 2 0
167 2 0
168 1 0
168 1 924
168 1 597
168 1 549
168 1 517
168 1 486
168 1 915
168 1 552
168 1 252
168 1 0
168 1 0
168 1 0
168 1 0
169 2 0
169 2 35
169 2 244
169 2 567
169 2 528
169 2 361
169 2 858
169 2 560
169 2 0
169 2 0
170 1 0
170 1 618
170 1 0
170 1 0
170 1 451
170 1 241
170 1 55
170 1 0
170 1 0
171 2 0
171 2 684
171 2 120
171 2 286
171 2 623
171 2 378
171 2 280
171 2 0
171 2 0
171 2 0
171 2 0
172 1 0
172 1 416
172 1 129
172 1 901
172 1 667
172 1 96
172 1 76
172 1 75
172 1 0
172 1 0
173 1 0
173 1 194
173 1 347
173 1 115
173 1 117
173 1 878
173 1 206
173 1 0
173 1 0
173 1 0
173 1 0
174 2 0
174 2 267
174 2 197
174 2 0
174 2 0
175 2 0
175 2 210
175 2 900
175 2 169
175 2 585
175 2 836
175 2 0
175 2 0
176 2 0
176 2 333
176 2 0
177 2 0
177 2 61
177 2 631
177 2 946
177 2 353
177 2 443
177 2 427
177 2 0
177 2 0
178 1 0
178 1 103
178 1 215
178 1 256
178 1 962
178 1 739
178 1 0
178 1 0
178 1 0
178 1 0
179 2 0
179 2 100
179 2 227
179 2 452
179 2 285
179 2 0
179 2 0
179 2 0
179 2 0
180 2 0
180 2 770
180 2 422
180 2 21
180 2 139
180 2 260
180 2 0
180 2 0
180 2 0
180 2 0
181 2 0
181 2 362
181 2 639
181 2 0
182 1 0
182 1 671
182 1 209
182 1 0
182 1 0
183 1 0
183 1 953
183 1 20
183 1 691
183 1 306
183 1 0
183 1 0
183 1 0
183 1 33
183 1 0
184 1 0
184 1 483
184 1 52
184 1 768
184 1 159
184 1 629
184 1 952
184 1 0
184 1 0
184 1 0
184 1 0
185 2 0
185 2 379
185 2 343
185 2 0
185 2 0
186 2 0
186 2 711
186 2 344
186 2 0
187 2 0
187 2 403
187 2 851
187 2 931
187 2 363
187 2 892
187 2 138
187 2 110
187 2 0
187 2 0
188 1 0
188 1 203
188 1 225
188 1 358
188 1 696
188 1 519
188 1 0
188 1 0
188 1 0
188 1 0
189 2 0
189 2 261
189 2 769
189 2 533
189 2 963
189 2 278
189 2 787
189 2 65
189 2 431
189 2 0
189 2 0
189 2 0
189 2 0
190 2 0
190 2 228
190 2 350
190 2 0
190 2 0
190 2 0
190 2 0
191 1 0
191 1 599
191 1 879
191 1 3
191 1 547
191 1 0
191 1 0
192 2 0
192 2 821
192 2 258
192 2 926
192 2 0
192 2 0
192 2 0
192 2 864
192 2 375
192 2 0
192 2 0
193 2 0
193 2 111
193 2 62
193 2 405
193 2 239
193 2 620
193 2 0
193 2 0
194 2 0
194 2 312
194 2 302
194 2 833
194 2 658
194 2 537
194 2 300
194 2 13
194 2 0
194 2 0
194 2 0
194 2 0
195 1 0
195 1 16
195 1 388
195 1 736
195 1 766
195 1 888
195 1 0
195 1 0
195 1 0
195 1 0
196 1 0
196 1 592
196 1 575
196 1 0
196 1 0
196 1 0
196 1 795
196 1 0
196 1 0
197 1 0
197 1 174
197 1 132
197 1 444
197 1 147
197 1 0
197 1 0
197 1 0
197 1 0
198 2 0
198 2 70
198 2 67
198 2 48
198 2 731
198 2 0
198 2 0
199 1 0
199 1 355
199 1 589
199 1 26
199 1 889
199 1 0
199 1 0
199 1 0
199 1 0
200 2 0
200 2 687
200 2 614
200 2 896
200 2 231
200 2 0
200 2 0
201 1 0
201 1 121
201 1 270
201 1 0
201 1 0
201 1 0
201 1 0
202 1 0
202 1 713
202 1 774
202 1 315
202 1 0
202 1 0
203 1 0
203 1 262
203 1 0
203 1 0
203 1 0
203 1 439
203 1 0
203 1 0
203 1 0
203 1 0
204 1 0
204 1 1
204 1 0
204 1 0
204 1 0
204 1 297
204 1 702
204 1 0
204 1 0
205 1 0
205 1 804
205 1 0
205 1 0
205 1 0
205 1 219
205 1 0
205 1 0
206 1 0
206 1 637
206 1 886
206 1 500
206 1 469
206 1 19
206 1 0
206 1 0
207 2 0
207 2 487
207 2 933
207 2 775
207 2 421
207 2 0
207 2 0
207 2 0
207 2 594
207 2 0
207 2 0
208 1 0
208 1 234
208 1 688
208 1 968
208 1 390
208 1 0
208 1 0
208 1 0
208 1 0
209 2 0
209 2 729
209 2 424
209 2 935
209 2 583
209 2 337
209 2 0
209 2 0
209 2 0
209 2 0
210 2 0
210 2 213
210 2 822
210 2 0
210 2 0
210 2 0
210 2 0
211 2 0
211 2 143
211 2 572
211 2 527
211 2 235
211 2 869
211 2 0
211 2 0
212 2 0
212 2 584
212 2 371
212 2 551
212 2 395
212 2 0
212 2 0
212 2 0
212 2 0
213 2 0
213 2 185
213 2 958
213 2 987
213 2 762
213 2 192
213 2 521
213 2 0
213 2 0
213 2 0
213 2 0
214 2 0
214 2 956
214 2 474
214 2 179
214 2 51
214 2 957
214 2 274
214 2 0
214 2 0
214 2 0
214 2 0
215 2 0
215 2 780
215 2 39
215 2 50
215 2 359
215 2 77
215 2 0
215 2 0
215 2 0
215 2 0
216 1 0
216 1 985
216 1 540
216 1 0
216 1 708
216 1 0
216 1 0
217 1 0
217 1 152
217 1 0
217 1 0
218 1 0
218 1 12
218 1 0
218 1 0
