total cost: 339652
1 2 0
1 2 553
1 2 288
1 2 767
1 2 0
1 2 0
1 2 307
1 2 793
1 2 0
1 2 0
1 2 141
1 2 0
2 2 0
2 2 220
2 2 802
2 2 577
2 2 254
2 2 749
2 2 0
2 2 0
2 2 180
2 2 257
2 2 932
2 2 0
3 1 0
3 1 616
3 1 161
3 1 652
3 1 0
3 1 0
3 1 0
4 1 0
4 1 954
4 1 654
4 1 520
4 1 0
5 1 0
5 1 463
5 1 539
5 1 459
5 1 693
5 1 454
5 1 0
5 1 0
5 1 790
5 1 0
5 1 0
5 1 0
6 1 0
6 1 408
6 1 801
6 1 754
6 1 593
6 1 475
6 1 510
6 1 356
6 1 0
7 1 0
7 1 645
7 1 865
7 1 189
7 1 442
7 1 92
7 1 0
7 1 0
7 1 612
7 1 0
8 1 0
8 1 605
8 1 974
8 1 401
8 1 229
8 1 0
9 2 0
9 2 57
9 2 281
9 2 843
9 2 170
9 2 689
9 2 525
9 2 476
9 2 0
10 1 0
10 1 856
10 1 4
10 1 501
10 1 250
10 1 911
10 1 468
10 1 700
10 1 0
10 1 0
10 1 230
10 1 0
11 1 0
11 1 354
11 1 0
12 2 0
12 2 319
12 2 716
12 2 0
13 2 0
13 2 164
13 2 717
13 2 532
13 2 423
13 2 0
14 2 0
14 2 37
14 2 14
14 2 855
14 2 808
14 2 512
14 2 397
14 2 212
14 2 0
15 2 0
15 2 154
15 2 0
15 2 0
15 2 124
15 2 919
15 2 799
15 2 148
15 2 0
16 1 0
16 1 462
16 1 813
16 1 478
16 1 0
16 1 0
16 1 591
16 1 504
16 1 0
17 1 0
17 1 947
17 1 602
17 1 284
17 1 171
17 1 742
17 1 0
18 2 0
18 2 391
18 2 544
18 2 798
18 2 380
18 2 205
18 2 114
18 2 0
19 2 0
19 2 763
19 2 899
19 2 826
19 2 922
19 2 531
19 2 217
19 2 470
19 2 783
19 2 477
19 2 897
19 2 0
19 2 0
19 2 0
20 2 0
20 2 283
20 2 714
20 2 0
21 1 0
21 1 710
21 1 440
21 1 216
21 1 650
21 1 95
21 1 323
21 1 178
21 1 0
22 2 0
22 2 8
22 2 561
22 2 535
22 2 0
23 2 0
23 2 841
23 2 543
23 2 101
23 2 106
23 2 815
23 2 360
23 2 990
23 2 223
23 2 0
24 2 0
24 2 570
24 2 975
24 2 759
24 2 0
25 1 0
25 1 400
25 1 682
25 1 831
25 1 0
25 1 0
25 1 590
25 1 269
25 1 0
26 1 0
26 1 565
26 1 871
26 1 850
26 1 58
26 1 36
26 1 264
26 1 810
26 1 276
26 1 0
26 1 0
26 1 0
27 2 0
27 2 428
27 2 820
27 2 54
27 2 732
27 2 600
27 2 0
28 1 0
28 1 489
28 1 741
28 1 107
28 1 0
29 2 0
29 2 304
29 2 641
29 2 508
29 2 0
30 1 0
30 1 64
30 1 967
30 1 678
30 1 0
31 2 0
31 2 291
31 2 7
31 2 992
31 2 437
31 2 923
31 2 436
31 2 0
31 2 0
31 2 0
32 2 0
32 2 846
32 2 473
32 2 293
32 2 0
33 1 0
33 1 866
33 1 9
33 1 721
33 1 0
34 2 0
34 2 128
34 2 925
34 2 715
34 2 902
34 2 418
34 2 84
34 2 885
34 2 398
34 2 208
34 2 0
35 1 0
35 1 63
35 1 910
35 1 524
35 1 279
35 1 807
35 1 0
36 1 0
36 1 816
36 1 863
36 1 868
36 1 609
36 1 0
36 1 0
36 1 352
36 1 0
37 1 0
37 1 158
37 1 237
37 1 338
37 1 939
37 1 0
37 1 0
37 1 248
37 1 0
38 2 0
38 2 113
38 2 529
38 2 738
38 2 907
38 2 349
38 2 0
38 2 0
38 2 99
38 2 785
38 2 472
38 2 0
39 1 0
39 1 389
39 1 580
39 1 538
39 1 446
39 1 495
39 1 949
39 1 692
39 1 852
39 1 0
40 1 0
40 1 541
40 1 204
40 1 563
40 1 964
40 1 940
40 1 314
40 1 0
40 1 0
40 1 0
41 1 0
41 1 441
41 1 666
41 1 232
41 1 676
41 1 969
41 1 803
41 1 66
41 1 0
41 1 0
41 1 0
41 1 0
42 1 0
42 1 606
42 1 955
42 1 542
42 1 707
42 1 246
42 1 40
42 1 2
42 1 166
42 1 11
42 1 27
42 1 0
42 1 0
43 1 0
43 1 17
43 1 188
43 1 781
43 1 709
43 1 776
43 1 668
43 1 0
44 2 0
44 2 153
44 2 394
44 2 603
44 2 0
44 2 0
44 2 550
44 2 784
44 2 125
44 2 191
44 2 0
45 2 0
45 2 335
45 2 608
45 2 513
45 2 906
45 2 47
45 2 679
45 2 0
45 2 0
45 2 0
46 2 0
46 2 133
46 2 664
46 2 752
46 2 0
46 2 0
46 2 0
47 2 0
47 2 791
47 2 945
47 2 880
47 2 345
47 2 0
48 2 0
48 2 837
48 2 909
48 2 0
49 2 0
49 2 677
49 2 259
49 2 0
50 1 0
50 1 163
50 1 0
51 1 0
51 1 456
51 1 102
51 1 351
51 1 0
51 1 0
51 1 255
51 1 980
51 1 74
51 1 724
51 1 0
52 2 0
52 2 921
52 2 876
52 2 753
52 2 0
53 2 0
53 2 45
53 2 809
53 2 814
53 2 430
53 2 977
53 2 396
53 2 844
53 2 438
53 2 0
54 1 0
54 1 336
54 1 369
54 1 854
54 1 0
54 1 0
54 1 130
54 1 576
54 1 0
55 1 0
55 1 817
55 1 157
55 1 199
55 1 324
55 1 0
55 1 0
55 1 94
55 1 0
56 2 0
56 2 796
56 2 644
56 2 329
56 2 934
56 2 207
56 2 168
56 2 71
56 2 661
56 2 0
56 2 0
56 2 0
57 1 0
57 1 518
57 1 497
57 1 574
57 1 419
57 1 976
57 1 669
57 1 0
57 1 0
57 1 86
57 1 0
58 1 0
58 1 266
58 1 562
58 1 399
58 1 275
58 1 680
58 1 873
58 1 694
58 1 136
58 1 200
58 1 0
58 1 0
59 2 0
59 2 806
59 2 93
59 2 417
59 2 181
59 2 0
60 1 0
60 1 611
60 1 647
60 1 455
60 1 0
61 2 0
61 2 648
61 2 290
61 2 151
61 2 970
61 2 0
62 1 0
62 1 435
62 1 686
62 1 160
62 1 183
62 1 835
62 1 490
62 1 471
62 1 0
63 1 0
63 1 699
63 1 646
63 1 392
63 1 30
63 1 628
63 1 937
63 1 0
63 1 0
63 1 0
64 1 0
64 1 340
64 1 756
64 1 134
64 1 175
64 1 376
64 1 601
64 1 140
64 1 515
64 1 0
64 1 0
64 1 0
64 1 0
65 1 0
65 1 989
65 1 751
65 1 673
65 1 485
65 1 0
65 1 0
65 1 292
65 1 38
65 1 0
65 1 0
65 1 0
66 2 0
66 2 996
66 2 697
66 2 870
66 2 81
66 2 289
66 2 211
66 2 0
67 2 0
67 2 447
67 2 929
67 2 705
67 2 545
67 2 383
67 2 0
68 1 0
68 1 511
68 1 425
68 1 757
68 1 0
69 2 0
69 2 410
69 2 943
69 2 310
69 2 941
69 2 936
69 2 509
69 2 481
69 2 0
69 2 0
69 2 0
70 2 0
70 2 321
70 2 233
70 2 701
70 2 177
70 2 494
70 2 80
70 2 311
70 2 0
70 2 0
70 2 0
71 1 0
71 1 41
71 1 568
71 1 918
71 1 309
71 1 0
71 1 0
71 1 0
72 1 0
72 1 186
72 1 484
72 1 172
72 1 761
72 1 595
72 1 758
72 1 0
72 1 0
72 1 0
72 1 0
73 2 0
73 2 971
73 2 965
73 2 734
73 2 480
73 2 28
73 2 0
74 1 0
74 1 150
74 1 944
74 1 0
75 2 0
75 2 794
75 2 874
75 2 828
75 2 0
75 2 0
75 2 748
75 2 581
75 2 434
75 2 0
76 2 0
76 2 328
76 2 334
76 2 755
76 2 997
76 2 493
76 2 778
76 2 881
76 2 298
76 2 0
76 2 0
76 2 0
77 1 0
77 1 193
77 1 426
77 1 0
77 1 0
77 1 0
78 1 0
78 1 226
78 1 887
78 1 0
78 1 0
78 1 0
79 2 0
79 2 411
79 2 404
79 2 0
79 2 0
79 2 960
79 2 24
79 2 0
80 2 0
80 2 610
80 2 894
80 2 25
80 2 582
80 2 726
80 2 83
80 2 415
80 2 201
80 2 0
80 2 0
80 2 0
80 2 0
81 2 0
81 2 930
81 2 771
81 2 492
81 2 413
81 2 0
81 2 0
81 2 718
81 2 0
81 2 0
81 2 0
82 1 0
82 1 564
82 1 59
82 1 0
83 2 0
83 2 273
83 2 797
83 2 805
83 2 466
83 2 587
83 2 0
84 1 0
84 1 18
84 1 341
84 1 891
84 1 0
84 1 0
84 1 604
84 1 44
84 1 516
84 1 0
85 1 0
85 1 861
85 1 393
85 1 457
85 1 119
85 1 0
86 1 0
86 1 840
86 1 0
87 1 0
87 1 557
87 1 0
88 1 0
88 1 330
88 1 0
88 1 0
88 1 0
89 2 0
89 2 366
89 2 272
89 2 85
89 2 0
89 2 0
89 2 675
89 2 779
89 2 0
90 1 0
90 1 973
90 1 118
90 1 656
90 1 0
90 1 0
90 1 0
91 1 0
91 1 640
91 1 777
91 1 665
91 1 420
91 1 0
91 1 0
91 1 135
91 1 0
92 2 0
92 2 695
92 2 657
92 2 173
92 2 848
92 2 0
92 2 0
92 2 0
93 2 0
93 2 167
93 2 938
93 2 294
93 2 97
93 2 800
93 2 465
93 2 842
93 2 0
93 2 0
93 2 0
94 2 0
94 2 685
94 2 630
94 2 479
94 2 0
95 2 0
95 2 999
95 2 719
95 2 622
95 2 573
95 2 883
95 2 942
95 2 994
95 2 824
95 2 265
95 2 0
95 2 0
95 2 0
95 2 0
96 1 0
96 1 586
96 1 79
96 1 904
96 1 812
96 1 287
96 1 0
96 1 0
96 1 0
97 1 0
97 1 429
97 1 988
97 1 927
97 1 318
97 1 0
97 1 0
97 1 948
97 1 0
98 1 0
98 1 282
98 1 819
98 1 0
98 1 0
98 1 877
98 1 0
99 1 0
99 1 31
99 1 746
99 1 660
99 1 558
99 1 983
99 1 706
99 1 0
99 1 0
100 1 0
100 1 735
100 1 0
101 1 0
101 1 764
101 1 126
101 1 683
101 1 0
101 1 0
101 1 838
101 1 342
101 1 607
101 1 0
102 1 0
102 1 663
102 1 554
102 1 218
102 1 847
102 1 0
102 1 0
102 1 0
102 1 0
103 1 0
103 1 621
103 1 857
103 1 0
104 2 0
104 2 247
104 2 190
104 2 832
104 2 122
104 2 905
104 2 890
104 2 845
104 2 295
104 2 0
104 2 0
105 1 0
105 1 453
105 1 88
105 1 991
105 1 578
105 1 0
105 1 0
105 1 23
105 1 91
105 1 750
105 1 0
106 1 0
106 1 655
106 1 712
106 1 0
106 1 0
106 1 365
106 1 898
106 1 0
106 1 0
106 1 0
107 2 0
107 2 496
107 2 301
107 2 127
107 2 626
107 2 0
107 2 0
107 2 0
108 1 0
108 1 782
108 1 830
108 1 0
108 1 0
108 1 662
108 1 112
108 1 0
109 2 0
109 2 458
109 2 534
109 2 792
109 2 613
109 2 488
109 2 187
109 2 0
109 2 0
109 2 43
109 2 0
110 1 0
110 1 149
110 1 332
110 1 142
110 1 320
110 1 0
110 1 0
110 1 0
110 1 546
110 1 182
110 1 0
111 1 0
111 1 642
111 1 908
111 1 144
111 1 951
111 1 659
111 1 789
111 1 0
111 1 0
112 2 0
112 2 78
112 2 627
112 2 414
112 2 245
112 2 53
112 2 619
112 2 895
112 2 0
112 2 0
112 2 0
112 2 0
113 2 0
113 2 10
113 2 727
113 2 0
113 2 0
113 2 0
114 2 0
114 2 445
114 2 920
114 2 638
114 2 772
114 2 0
114 2 0
114 2 0
115 1 0
115 1 530
115 1 165
115 1 0
116 1 0
116 1 214
116 1 0
116 1 0
116 1 367
116 1 412
116 1 0
117 1 0
117 1 251
117 1 720
117 1 346
117 1 461
117 1 90
117 1 0
117 1 0
118 1 0
118 1 703
118 1 407
118 1 505
118 1 0
118 1 0
119 1 0
119 1 672
119 1 82
119 1 0
119 1 0
119 1 0
120 2 0
120 2 571
120 2 406
120 2 202
120 2 0
121 2 0
121 2 950
121 2 596
121 2 0
121 2 0
121 2 536
121 2 0
122 1 0
122 1 730
122 1 862
122 1 0
122 1 0
122 1 221
122 1 0
123 2 0
123 2 313
123 2 903
123 2 0
123 2 0
123 2 33
123 2 0
124 1 0
124 1 109
124 1 853
124 1 387
124 1 0
124 1 0
124 1 818
124 1 0
124 1 0
124 1 0
125 1 0
125 1 502
125 1 986
125 1 98
125 1 0
125 1 0
125 1 0
125 1 29
125 1 0
126 1 0
126 1 998
126 1 559
126 1 555
126 1 34
126 1 432
126 1 339
126 1 0
126 1 0
126 1 0
126 1 0
127 2 0
127 2 849
127 2 670
127 2 615
127 2 327
127 2 617
127 2 381
127 2 0
127 2 0
128 1 0
128 1 467
128 1 743
128 1 860
128 1 236
128 1 104
128 1 46
128 1 0
128 1 0
129 1 0
129 1 364
129 1 409
129 1 382
129 1 0
130 2 0
130 2 385
130 2 253
130 2 651
130 2 834
130 2 0
131 2 0
131 2 296
131 2 839
131 2 0
131 2 0
131 2 523
131 2 995
131 2 0
131 2 0
131 2 0
132 1 0
132 1 634
132 1 825
132 1 566
132 1 972
132 1 0
132 1 0
132 1 0
132 1 0
133 2 0
133 2 42
133 2 698
133 2 35
133 2 263
133 2 760
133 2 297
133 2 579
133 2 829
133 2 0
133 2 0
134 1 0
134 1 271
134 1 827
134 1 156
134 1 728
134 1 0
134 1 0
134 1 0
134 1 0
135 2 0
135 2 240
135 2 15
135 2 624
135 2 526
135 2 928
135 2 0
135 2 0
136 1 0
136 1 145
136 1 917
136 1 60
136 1 6
136 1 89
136 1 0
136 1 0
137 2 0
137 2 653
137 2 448
137 2 196
137 2 872
137 2 377
137 2 0
137 2 0
137 2 811
137 2 317
137 2 0
138 2 0
138 2 32
138 2 912
138 2 0
139 1 0
139 1 823
139 1 498
139 1 548
139 1 503
139 1 0
139 1 0
140 1 0
140 1 744
140 1 625
140 1 981
140 1 723
140 1 210
140 1 433
140 1 0
140 1 0
140 1 0
140 1 0
141 1 0
141 1 384
141 1 303
141 1 0
141 1 0
141 1 875
141 1 993
141 1 0
141 1 0
141 1 0
142 1 0
142 1 514
142 1 690
142 1 123
142 1 73
142 1 740
142 1 0
142 1 0
142 1 0
142 1 0
143 2 0
143 2 402
143 2 733
143 2 636
143 2 737
143 2 632
143 2 386
143 2 0
143 2 0
143 2 0
143 2 0
144 1 0
144 1 681
144 1 598
144 1 326
144 1 331
144 1 373
144 1 556
144 1 0
144 1 0
144 1 0
144 1 0
145 1 0
145 1 722
145 1 635
145 1 464
145 1 370
145 1 704
145 1 49
145 1 0
145 1 0
146 1 0
146 1 348
146 1 5
146 1 978
146 1 325
146 1 0
146 1 0
146 1 0
146 1 0
147 2 0
147 2 1000
147 2 69
147 2 305
147 2 68
147 2 0
148 2 0
148 2 982
148 2 368
148 2 914
148 2 0
149 1 0
149 1 374
149 1 788
149 1 522
149 1 249
149 1 0
149 1 0
149 1 0
149 1 222
149 1 0
150 1 0
150 1 773
150 1 482
150 1 308
150 1 105
150 1 0
150 1 0
150 1 0
150 1 0
151 1 0
151 1 277
151 1 916
151 1 56
151 1 162
151 1 633
151 1 984
151 1 795
151 1 0
151 1 0
151 1 0
151 1 0
152 1 0
152 1 22
152 1 316
152 1 176
152 1 867
152 1 267
152 1 0
152 1 0
152 1 0
152 1 0
153 1 0
153 1 786
153 1 0
153 1 0
153 1 0
154 2 0
154 2 913
154 2 0
155 1 0
155 1 449
155 1 460
155 1 0
155 1 0
155 1 765
155 1 0
155 1 0
155 1 0
156 1 0
156 1 450
156 1 72
156 1 959
156 1 671
156 1 961
156 1 0
156 1 0
157 1 0
157 1 116
157 1 322
157 1 979
157 1 0
157 1 0
157 1 0
157 1 0
158 2 0
158 2 357
158 2 713
158 2 0
159 1 0
159 1 725
159 1 0
160 2 0
160 2 588
160 2 506
160 2 0
161 1 0
161 1 243
161 1 884
161 1 0
161 1 0
161 1 0
161 1 0
162 1 0
162 1 184
162 1 893
162 1 747
162 1 674
162 1 0
162 1 0
162 1 0
162 1 0
163 1 0
163 1 0
164 2 0
164 2 745
164 2 0
164 2 0
164 2 372
164 2 882
164 2 0
165 2 0
165 2 224
165 2 238
165 2 198
165 2 507
165 2 900
165 2 491
165 2 299
165 2 0
165 2 0
165 2 0
165 2 0
166 1 0
166 1 643
166 1 0
166 1 0
166 1 569
166 1 0
167 1 0
167 1 966
167 1 859
167 1 649
167 1 169
167 1 378
167 1 0
167 1 0
168 1 0
168 1 137
168 1 131
168 1 268
168 1 0
168 1 0
168 1 0
168 1 451
168 1 252
168 1 0
168 1 0
169 2 0
169 2 155
169 2 618
169 2 0
169 2 0
169 2 87
169 2 55
169 2 0
170 2 0
170 2 684
170 2 120
170 2 517
170 2 549
170 2 286
170 2 486
170 2 915
170 2 552
170 2 241
170 2 0
170 2 0
171 1 0
171 1 924
171 1 623
171 1 117
171 1 280
171 1 0
171 1 0
171 1 0
171 1 0
172 1 0
172 1 194
172 1 347
172 1 115
172 1 878
172 1 206
172 1 585
172 1 0
172 1 0
172 1 0
172 1 0
173 2 0
173 2 416
173 2 129
173 2 901
173 2 667
173 2 242
173 2 0
173 2 0
173 2 0
173 2 0
174 2 0
174 2 362
174 2 639
174 2 0
175 1 0
175 1 333
175 1 0
175 1 0
176 1 0
176 1 61
176 1 631
176 1 946
176 1 353
176 1 443
176 1 427
176 1 0
176 1 0
176 1 0
176 1 0
177 2 0
177 2 195
177 2 0
178 2 0
178 2 103
178 2 244
178 2 567
178 2 528
178 2 361
178 2 962
178 2 858
178 2 711
178 2 0
178 2 0
179 1 0
179 1 100
179 1 227
179 1 452
179 1 0
179 1 0
179 1 0
179 1 146
179 1 0
179 1 0
180 2 0
180 2 770
180 2 422
180 2 21
180 2 197
180 2 139
180 2 0
180 2 0
180 2 0
180 2 0
181 1 0
181 1 597
181 1 403
181 1 851
181 1 931
181 1 363
181 1 0
181 1 0
181 1 0
181 1 0
182 2 0
182 2 499
182 2 0
183 2 0
183 2 256
183 2 215
183 2 691
183 2 306
183 2 589
183 2 278
183 2 787
183 2 65
183 2 0
183 2 0
183 2 0
183 2 0
184 2 0
184 2 209
184 2 75
184 2 0
185 2 0
185 2 379
185 2 768
185 2 159
185 2 285
185 2 629
185 2 952
185 2 0
185 2 0
185 2 0
185 2 0
186 1 0
186 1 953
186 1 174
186 1 444
186 1 147
186 1 0
186 1 0
186 1 0
186 1 76
186 1 0
186 1 0
187 1 0
187 1 483
187 1 343
187 1 575
187 1 0
187 1 0
187 1 0
187 1 152
187 1 0
188 1 0
188 1 52
188 1 592
188 1 258
188 1 926
188 1 0
188 1 0
188 1 0
188 1 0
189 2 0
189 2 228
189 2 963
189 2 344
189 2 560
189 2 739
189 2 0
189 2 0
190 1 0
190 1 261
190 1 769
190 1 388
190 1 736
190 1 766
190 1 0
190 1 0
190 1 0
190 1 0
191 2 0
191 2 203
191 2 225
191 2 358
191 2 696
191 2 519
191 2 121
191 2 896
191 2 836
191 2 0
191 2 0
191 2 0
191 2 0
192 1 0
192 1 20
192 1 132
192 1 355
192 1 0
192 1 0
192 1 0
192 1 108
192 1 0
193 1 0
193 1 821
193 1 879
193 1 599
193 1 375
193 1 0
193 1 0
193 1 0
193 1 0
194 2 0
194 2 111
194 2 487
194 2 933
194 2 0
194 2 0
194 2 0
194 2 864
194 2 3
194 2 0
194 2 0
195 1 0
195 1 533
195 1 637
195 1 0
195 1 0
195 1 0
195 1 96
195 1 547
195 1 231
195 1 0
195 1 0
196 2 0
196 2 312
196 2 70
196 2 302
196 2 687
196 2 614
196 2 833
196 2 300
196 2 620
196 2 0
196 2 0
197 2 0
197 2 16
197 2 702
197 2 774
197 2 315
197 2 888
197 2 0
197 2 0
198 1 0
198 1 262
198 1 0
198 1 0
198 1 0
198 1 350
198 1 0
198 1 0
198 1 0
198 1 0
199 1 0
199 1 1
199 1 0
199 1 0
199 1 0
199 1 439
199 1 0
199 1 0
199 1 0
199 1 0
200 1 0
200 1 804
200 1 886
200 1 500
200 1 0
200 1 0
200 1 0
200 1 138
200 1 892
200 1 0
200 1 0
201 1 0
201 1 234
201 1 405
201 1 239
201 1 390
201 1 0
201 1 0
201 1 0
201 1 594
201 1 0
201 1 0
202 2 0
202 2 213
202 2 775
202 2 421
202 2 935
202 2 337
202 2 537
202 2 0
202 2 0
202 2 0
202 2 0
203 1 0
203 1 62
203 1 968
203 1 729
203 1 192
203 1 0
203 1 0
203 1 0
203 1 0
204 1 0
204 1 0
205 1 0
205 1 0
206 1 0
206 1 0
207 1 0
207 1 0
208 2 0
208 2 822
208 2 0
208 2 0
208 2 0
208 2 0
209 1 0
209 1 521
209 1 551
209 1 395
209 1 0
209 1 0
210 1 0
210 1 110
210 1 260
210 1 219
210 1 0
210 1 0
211 1 0
211 1 688
211 1 658
211 1 48
211 1 583
211 1 0
211 1 0
211 1 0
211 1 0
212 2 0
212 2 143
212 2 26
212 2 39
212 2 359
212 2 0
212 2 0
212 2 0
212 2 0
213 1 0
213 1 67
213 1 540
213 1 424
213 1 0
213 1 0
213 1 0
213 1 584
213 1 371
213 1 0
213 1 0
213 1 0
213 1 0
214 1 0
214 1 185
214 1 987
214 1 958
214 1 50
214 1 0
214 1 0
214 1 0
214 1 431
214 1 889
214 1 0
214 1 0
215 1 0
215 1 780
215 1 762
215 1 572
215 1 527
215 1 0
215 1 0
215 1 0
215 1 0
216 1 0
216 1 956
216 1 179
216 1 985
216 1 0
216 1 0
216 1 0
216 1 0
217 1 0
217 1 469
217 1 235
217 1 77
217 1 0
217 1 0
217 1 0
217 1 0
218 2 0
218 2 19
218 2 957
218 2 869
218 2 708
218 2 0
218 2 0
219 1 0
219 1 51
219 1 731
219 1 0
219 1 0
220 1 0
220 1 474
220 1 274
220 1 0
220 1 0
221 1 0
221 1 270
221 1 12
221 1 0
221 1 0
222 1 0
222 1 13
222 1 0
222 1 0
