total cost: 341865
1 2 0
1 2 553
1 2 288
1 2 767
1 2 0
1 2 0
1 2 307
1 2 793
1 2 0
1 2 0
1 2 141
1 2 0
2 2 0
2 2 220
2 2 802
2 2 577
2 2 254
2 2 170
2 2 749
2 2 0
2 2 0
2 2 654
2 2 520
2 2 0
3 1 0
3 1 801
3 1 754
3 1 593
3 1 475
3 1 510
3 1 356
3 1 0
4 2 0
4 2 463
4 2 539
4 2 154
4 2 693
4 2 0
4 2 0
4 2 180
4 2 257
4 2 0
5 1 0
5 1 616
5 1 161
5 1 652
5 1 0
5 1 0
5 1 0
6 2 0
6 2 408
6 2 974
6 2 716
6 2 525
6 2 476
6 2 0
7 2 0
7 2 645
7 2 865
7 2 189
7 2 442
7 2 92
7 2 717
7 2 532
7 2 0
7 2 0
7 2 0
8 1 0
8 1 281
8 1 57
8 1 710
8 1 423
8 1 544
8 1 380
8 1 0
9 2 0
9 2 605
9 2 947
9 2 501
9 2 831
9 2 602
9 2 401
9 2 229
9 2 919
9 2 799
9 2 0
9 2 0
9 2 0
10 1 0
10 1 354
10 1 954
10 1 459
10 1 454
10 1 0
10 1 0
10 1 790
10 1 0
10 1 0
10 1 0
11 2 0
11 2 856
11 2 763
11 2 899
11 2 911
11 2 400
11 2 468
11 2 700
11 2 783
11 2 477
11 2 0
12 2 0
12 2 843
12 2 689
12 2 798
12 2 641
12 2 171
12 2 742
12 2 0
13 2 0
13 2 319
13 2 164
13 2 391
13 2 440
13 2 0
14 1 0
14 1 124
14 1 535
14 1 8
14 1 0
15 2 0
15 2 37
15 2 14
15 2 855
15 2 808
15 2 512
15 2 397
15 2 212
15 2 0
16 2 0
16 2 462
16 2 813
16 2 478
16 2 975
16 2 759
16 2 0
16 2 0
16 2 932
16 2 0
17 1 0
17 1 4
17 1 250
17 1 237
17 1 850
17 1 58
17 1 0
17 1 0
17 1 612
17 1 590
17 1 269
17 1 0
18 1 0
18 1 283
18 1 714
18 1 148
18 1 0
19 1 0
19 1 591
19 1 504
19 1 0
20 2 0
20 2 841
20 2 7
20 2 543
20 2 101
20 2 470
20 2 217
20 2 897
20 2 345
20 2 880
20 2 0
21 2 0
21 2 570
21 2 810
21 2 276
21 2 0
22 1 0
22 1 284
22 1 826
22 1 106
22 1 815
22 1 360
22 1 990
22 1 223
22 1 0
22 1 0
22 1 0
23 1 0
23 1 565
23 1 871
23 1 541
23 1 158
23 1 338
23 1 791
23 1 964
23 1 940
23 1 314
23 1 0
23 1 0
23 1 0
24 2 0
24 2 428
24 2 820
24 2 54
24 2 741
24 2 107
24 2 0
24 2 0
24 2 304
24 2 205
24 2 114
24 2 0
25 2 0
25 2 489
25 2 216
25 2 418
25 2 292
25 2 208
25 2 0
26 2 0
26 2 561
26 2 230
26 2 0
27 1 0
27 1 682
27 1 922
27 1 531
27 1 806
27 1 873
27 1 694
27 1 844
27 1 0
27 1 0
27 1 0
28 1 0
28 1 291
28 1 866
28 1 128
28 1 721
28 1 992
28 1 437
28 1 678
28 1 967
28 1 508
28 1 0
28 1 0
28 1 0
29 1 0
29 1 846
29 1 473
29 1 293
29 1 0
30 2 0
30 2 264
30 2 910
30 2 524
30 2 63
30 2 807
30 2 0
31 2 0
31 2 816
31 2 863
31 2 868
31 2 609
31 2 349
31 2 0
31 2 0
31 2 352
31 2 0
32 2 0
32 2 939
32 2 36
32 2 204
32 2 563
32 2 945
32 2 259
32 2 191
32 2 0
33 2 0
33 2 389
33 2 580
33 2 538
33 2 446
33 2 495
33 2 949
33 2 692
33 2 852
33 2 0
34 1 0
34 1 99
34 1 279
34 1 785
34 1 0
34 1 0
34 1 732
34 1 0
35 2 0
35 2 113
35 2 529
35 2 738
35 2 907
35 2 608
35 2 513
35 2 906
35 2 545
35 2 0
35 2 0
35 2 0
36 2 0
36 2 9
36 2 925
36 2 715
36 2 17
36 2 600
36 2 178
36 2 323
36 2 885
36 2 0
37 2 0
37 2 441
37 2 666
37 2 207
37 2 168
37 2 803
37 2 516
37 2 44
37 2 383
37 2 0
37 2 0
37 2 0
38 1 0
38 1 606
38 1 955
38 1 542
38 1 707
38 1 246
38 1 40
38 1 923
38 1 0
38 1 0
38 1 0
39 2 0
39 2 335
39 2 969
39 2 0
40 1 0
40 1 153
40 1 394
40 1 603
40 1 676
40 1 71
40 1 0
40 1 0
40 1 248
40 1 472
40 1 0
41 2 0
41 2 232
41 2 661
41 2 66
41 2 0
42 1 0
42 1 133
42 1 664
42 1 752
42 1 0
42 1 0
42 1 650
42 1 0
43 2 0
43 2 64
43 2 436
43 2 970
43 2 0
44 2 0
44 2 837
44 2 909
44 2 0
45 2 0
45 2 677
45 2 41
45 2 136
45 2 200
45 2 0
46 2 0
46 2 784
46 2 125
46 2 0
47 2 0
47 2 550
47 2 86
47 2 0
48 2 0
48 2 456
48 2 102
48 2 610
48 2 574
48 2 419
48 2 621
48 2 944
48 2 669
48 2 0
48 2 0
48 2 0
49 2 0
49 2 255
49 2 647
49 2 611
49 2 455
49 2 0
49 2 0
49 2 0
50 2 0
50 2 921
50 2 351
50 2 679
50 2 576
50 2 0
50 2 0
50 2 0
51 1 0
51 1 45
51 1 809
51 1 930
51 1 771
51 1 492
51 1 977
51 1 396
51 1 0
51 1 0
51 1 0
52 2 0
52 2 336
52 2 369
52 2 854
52 2 426
52 2 0
52 2 0
52 2 163
52 2 47
52 2 0
53 2 0
53 2 817
53 2 157
53 2 199
53 2 324
53 2 648
53 2 290
53 2 0
53 2 0
53 2 0
54 1 0
54 1 796
54 1 564
54 1 840
54 1 0
54 1 0
54 1 435
54 1 835
54 1 0
55 1 0
55 1 518
55 1 497
55 1 404
55 1 0
55 1 0
55 1 130
55 1 0
56 2 0
56 2 562
56 2 943
56 2 410
56 2 485
56 2 226
56 2 151
56 2 965
56 2 971
56 2 960
56 2 24
56 2 0
57 2 0
57 2 266
57 2 399
57 2 275
57 2 310
57 2 581
57 2 936
57 2 630
57 2 0
57 2 0
57 2 0
58 2 0
58 2 93
58 2 417
58 2 181
58 2 135
58 2 289
58 2 0
59 1 0
59 1 980
59 1 724
59 1 74
59 1 0
60 2 0
60 2 699
60 2 996
60 2 697
60 2 81
60 2 628
60 2 937
60 2 211
60 2 761
60 2 595
60 2 0
61 1 0
61 1 340
61 1 781
61 1 188
61 1 425
61 1 776
61 1 668
61 1 0
61 1 0
61 1 0
62 1 0
62 1 398
62 1 95
62 1 0
63 1 0
63 1 646
63 1 392
63 1 366
63 1 85
63 1 0
63 1 0
63 1 876
63 1 753
63 1 838
63 1 0
64 1 0
64 1 814
64 1 430
64 1 438
64 1 509
64 1 481
64 1 0
64 1 0
64 1 0
65 2 0
65 2 989
65 2 751
65 2 673
65 2 887
65 2 0
65 2 0
65 2 160
65 2 490
65 2 471
65 2 0
66 1 0
66 1 680
66 1 748
66 1 0
66 1 0
66 1 0
67 2 0
67 2 644
67 2 329
67 2 453
67 2 88
67 2 365
67 2 0
67 2 0
67 2 166
67 2 434
67 2 0
68 1 0
68 1 902
68 1 84
68 1 709
68 1 757
68 1 0
68 1 0
68 1 0
69 1 0
69 1 568
69 1 918
69 1 309
69 1 0
69 1 0
69 1 0
70 1 0
70 1 447
70 1 929
70 1 705
70 1 91
70 1 0
71 2 0
71 2 511
71 2 777
71 2 79
71 2 663
71 2 601
71 2 0
71 2 0
71 2 11
71 2 27
71 2 0
72 2 0
72 2 686
72 2 233
72 2 701
72 2 177
72 2 494
72 2 80
72 2 0
72 2 0
72 2 0
73 1 0
73 1 321
73 1 134
73 1 218
73 1 376
73 1 515
73 1 0
73 1 0
73 1 0
74 1 0
74 1 186
74 1 484
74 1 172
74 1 948
74 1 0
75 2 0
75 2 756
75 2 794
75 2 175
75 2 140
75 2 904
75 2 812
75 2 287
75 2 0
75 2 0
75 2 0
76 2 0
76 2 150
76 2 193
76 2 173
76 2 848
76 2 342
76 2 750
76 2 607
76 2 0
76 2 0
76 2 0
77 1 0
77 1 328
77 1 755
77 1 997
77 1 493
77 1 800
77 1 778
77 1 0
77 1 0
77 1 0
78 2 0
78 2 183
78 2 393
78 2 861
78 2 457
78 2 734
78 2 480
78 2 0
78 2 0
78 2 0
79 1 0
79 1 0
80 2 0
80 2 718
80 2 0
80 2 0
80 2 0
81 2 0
81 2 411
81 2 247
81 2 190
81 2 0
81 2 0
81 2 38
81 2 0
82 2 0
82 2 934
82 2 991
82 2 578
82 2 23
82 2 0
82 2 0
82 2 0
83 1 0
83 1 18
83 1 341
83 1 891
83 1 0
83 1 0
83 1 94
83 1 311
83 1 0
84 2 0
84 2 941
84 2 282
84 2 413
84 2 685
84 2 0
84 2 0
84 2 330
84 2 0
85 1 0
85 1 273
85 1 894
85 1 25
85 1 582
85 1 726
85 1 758
85 1 587
85 1 0
85 1 0
85 1 0
85 1 0
86 2 0
86 2 30
86 2 805
86 2 466
86 2 735
86 2 0
87 2 0
87 2 604
87 2 182
87 2 0
88 2 0
88 2 675
88 2 881
88 2 298
88 2 0
89 2 0
89 2 973
89 2 118
89 2 656
89 2 672
89 2 0
89 2 0
89 2 0
90 2 0
90 2 640
90 2 554
90 2 420
90 2 555
90 2 15
90 2 432
90 2 34
90 2 339
90 2 0
90 2 0
90 2 0
90 2 0
91 2 0
91 2 695
91 2 657
91 2 0
91 2 0
91 2 557
91 2 624
91 2 847
91 2 0
92 2 0
92 2 334
92 2 938
92 2 294
92 2 97
92 2 465
92 2 0
92 2 0
92 2 479
92 2 0
93 1 0
93 1 167
93 1 782
93 1 764
93 1 819
93 1 0
93 1 0
93 1 586
93 1 0
94 1 0
94 1 870
94 1 272
94 1 0
94 1 0
94 1 779
94 1 0
95 1 0
95 1 999
95 1 719
95 1 622
95 1 573
95 1 942
95 1 883
95 1 265
95 1 0
95 1 0
95 1 0
95 1 0
96 2 0
96 2 429
96 2 988
96 2 927
96 2 318
96 2 0
96 2 0
96 2 877
96 2 0
97 2 0
97 2 797
97 2 746
97 2 660
97 2 558
97 2 983
97 2 706
97 2 0
98 2 0
98 2 31
98 2 849
98 2 832
98 2 976
98 2 875
98 2 122
98 2 905
98 2 890
98 2 845
98 2 295
98 2 0
98 2 0
99 2 0
99 2 59
99 2 627
99 2 659
99 2 951
99 2 245
99 2 53
99 2 619
99 2 895
99 2 0
99 2 0
99 2 0
99 2 0
100 2 0
100 2 874
100 2 828
100 2 0
100 2 0
100 2 662
100 2 857
100 2 0
101 1 0
101 1 655
101 1 712
101 1 0
101 1 0
101 1 496
101 1 119
101 1 301
101 1 0
102 2 0
102 2 458
102 2 534
102 2 792
102 2 332
102 2 613
102 2 995
102 2 0
102 2 0
102 2 28
102 2 0
103 1 0
103 1 830
103 1 0
103 1 0
103 1 546
103 1 789
103 1 0
104 2 0
104 2 149
104 2 142
104 2 634
104 2 825
104 2 387
104 2 0
104 2 0
104 2 43
104 2 0
105 1 0
105 1 126
105 1 730
105 1 0
105 1 0
105 1 530
105 1 920
105 1 638
105 1 772
105 1 0
105 1 0
105 1 0
105 1 0
106 1 0
106 1 642
106 1 908
106 1 728
106 1 498
106 1 548
106 1 503
106 1 381
106 1 617
106 1 0
106 1 0
106 1 0
106 1 0
107 2 0
107 2 78
107 2 414
107 2 505
107 2 0
108 1 0
108 1 842
108 1 0
109 1 0
109 1 445
109 1 348
109 1 1000
109 1 913
109 1 0
109 1 0
109 1 0
109 1 0
110 1 0
110 1 665
110 1 559
110 1 526
110 1 116
110 1 928
110 1 0
110 1 0
111 2 0
111 2 10
111 2 727
111 2 0
111 2 0
111 2 0
112 1 0
112 1 898
112 1 0
113 2 0
113 2 214
113 2 683
113 2 82
113 2 202
113 2 0
113 2 0
113 2 0
114 1 0
114 1 703
114 1 144
114 1 823
114 1 0
114 1 0
115 1 0
115 1 251
115 1 720
115 1 346
115 1 461
115 1 46
115 1 104
115 1 0
115 1 0
116 1 0
116 1 536
116 1 222
116 1 0
117 1 0
117 1 571
117 1 406
117 1 824
117 1 0
117 1 0
117 1 0
118 2 0
118 2 950
118 2 596
118 2 467
118 2 382
118 2 90
118 2 0
119 1 0
119 1 313
119 1 903
119 1 0
119 1 0
119 1 367
119 1 127
119 1 626
119 1 0
119 1 0
119 1 0
120 1 0
120 1 109
120 1 853
120 1 972
120 1 978
120 1 0
120 1 0
120 1 0
120 1 221
120 1 0
121 2 0
121 2 998
121 2 522
121 2 499
121 2 979
121 2 0
121 2 0
122 2 0
122 2 296
122 2 0
122 2 0
122 2 818
122 2 786
122 2 0
122 2 0
122 2 0
123 2 0
123 2 862
123 2 744
123 2 145
123 2 839
123 2 60
123 2 6
123 2 89
123 2 433
123 2 242
123 2 0
123 2 0
123 2 0
123 2 0
124 1 0
124 1 502
124 1 986
124 1 98
124 1 0
124 1 0
124 1 0
124 1 994
124 1 412
124 1 0
125 1 0
125 1 271
125 1 615
125 1 327
125 1 740
125 1 0
125 1 0
125 1 0
125 1 0
126 2 0
126 2 364
126 2 743
126 2 860
126 2 723
126 2 236
126 2 912
126 2 0
127 2 0
127 2 385
127 2 253
127 2 651
127 2 834
127 2 0
128 2 0
128 2 407
128 2 827
128 2 156
128 2 0
129 1 0
129 1 523
129 1 0
130 1 0
130 1 488
130 1 460
130 1 725
130 1 0
130 1 0
131 1 0
131 1 42
131 1 698
131 1 35
131 1 263
131 1 760
131 1 579
131 1 984
131 1 829
131 1 0
131 1 0
132 2 0
132 2 240
132 2 196
132 2 448
132 2 0
132 2 0
132 2 811
132 2 317
132 2 0
133 1 0
133 1 32
133 1 917
133 1 0
134 2 0
134 2 653
134 2 374
134 2 131
134 2 0
134 2 0
134 2 187
134 2 451
134 2 0
134 2 0
134 2 0
135 2 0
135 2 670
135 2 690
135 2 123
135 2 73
135 2 0
136 2 0
136 2 409
136 2 384
136 2 303
136 2 450
136 2 0
136 2 0
136 2 69
136 2 165
136 2 68
136 2 0
137 2 0
137 2 514
137 2 914
137 2 357
137 2 0
138 2 0
138 2 402
138 2 733
138 2 636
138 2 83
138 2 0
138 2 0
138 2 0
139 2 0
139 2 588
139 2 201
139 2 415
139 2 0
140 2 0
140 2 681
140 2 598
140 2 326
140 2 331
140 2 373
140 2 556
140 2 305
140 2 0
140 2 0
141 2 0
141 2 722
141 2 635
141 2 464
141 2 370
141 2 632
141 2 711
141 2 0
141 2 0
142 1 0
142 1 982
142 1 953
142 1 713
142 1 795
142 1 0
142 1 0
142 1 0
142 1 0
143 2 0
143 2 320
143 2 924
143 2 859
143 2 900
143 2 491
143 2 299
143 2 882
143 2 0
143 2 0
144 1 0
144 1 22
144 1 316
144 1 325
144 1 176
144 1 5
144 1 155
144 1 0
144 1 0
144 1 0
144 1 0
145 1 0
145 1 765
145 1 0
145 1 0
145 1 0
146 1 0
146 1 773
146 1 482
146 1 308
146 1 105
146 1 0
146 1 0
146 1 0
146 1 0
147 2 0
147 2 277
147 2 916
147 2 962
147 2 162
147 2 633
147 2 0
147 2 0
148 2 0
148 2 195
148 2 993
148 2 506
148 2 0
149 2 0
149 2 566
149 2 0
149 2 0
149 2 112
149 2 737
149 2 386
149 2 0
150 2 0
150 2 449
150 2 893
150 2 747
150 2 674
150 2 517
150 2 486
150 2 286
150 2 915
150 2 252
150 2 241
150 2 55
150 2 0
150 2 0
150 2 0
150 2 0
151 1 0
151 1 377
151 1 872
151 1 322
151 1 0
151 1 0
152 1 0
152 1 243
152 1 884
152 1 0
152 1 0
152 1 0
152 1 372
152 1 0
152 1 0
152 1 0
153 1 0
153 1 625
153 1 224
153 1 981
153 1 72
153 1 959
153 1 671
153 1 961
153 1 0
153 1 0
153 1 0
153 1 0
154 2 0
154 2 184
154 2 194
154 2 597
154 2 623
154 2 117
154 2 0
154 2 0
154 2 0
154 2 87
154 2 0
154 2 0
154 2 0
155 1 0
155 1 643
155 1 0
155 1 0
155 1 0
156 2 0
156 2 745
156 2 0
156 2 0
156 2 569
156 2 0
157 2 0
157 2 966
157 2 507
157 2 649
157 2 878
157 2 378
157 2 280
157 2 169
157 2 0
157 2 0
158 1 0
158 1 137
158 1 867
158 1 0
158 1 0
158 1 0
158 1 362
158 1 667
158 1 76
158 1 146
158 1 0
158 1 0
159 2 0
159 2 238
159 2 129
159 2 227
159 2 206
159 2 0
159 2 0
159 2 0
159 2 0
160 2 0
160 2 788
160 2 770
160 2 249
160 2 0
160 2 0
160 2 267
160 2 0
160 2 0
160 2 0
161 1 0
161 1 198
161 1 416
161 1 100
161 1 197
161 1 0
161 1 0
162 2 0
162 2 618
162 2 549
162 2 552
162 2 864
162 2 375
162 2 0
162 2 0
163 1 0
163 1 684
163 1 120
163 1 21
163 1 139
163 1 0
163 1 0
163 1 0
163 1 0
164 1 0
164 1 368
164 1 691
164 1 174
164 1 306
164 1 0
164 1 0
164 1 0
164 1 33
164 1 0
165 2 0
165 2 268
165 2 333
165 2 0
166 2 0
166 2 210
166 2 159
166 2 629
166 2 952
166 2 75
166 2 0
166 2 0
167 2 0
167 2 704
167 2 49
167 2 0
168 2 0
168 2 61
168 2 631
168 2 946
168 2 353
168 2 361
168 2 858
168 2 560
168 2 0
168 2 0
169 1 0
169 1 103
169 1 244
169 1 567
169 1 528
169 1 533
169 1 963
169 1 0
169 1 0
169 1 0
169 1 0
170 2 0
170 2 297
170 2 0
171 2 0
171 2 256
171 2 215
171 2 355
171 2 769
171 2 427
171 2 443
171 2 344
171 2 0
171 2 0
171 2 0
171 2 0
172 1 0
172 1 639
172 1 0
172 1 0
173 1 0
173 1 209
173 1 96
173 1 585
173 1 0
173 1 0
174 2 0
174 2 379
174 2 768
174 2 350
174 2 0
174 2 0
174 2 0
174 2 0
175 2 0
175 2 483
175 2 343
175 2 575
175 2 0
175 2 0
175 2 0
175 2 152
175 2 0
176 1 0
176 1 52
176 1 452
176 1 258
176 1 926
176 1 0
176 1 0
176 1 0
176 1 0
177 2 0
177 2 115
177 2 347
177 2 358
177 2 225
177 2 879
177 2 836
177 2 3
177 2 547
177 2 0
177 2 0
177 2 0
177 2 0
178 2 0
178 2 901
178 2 519
178 2 696
178 2 121
178 2 896
178 2 231
178 2 620
178 2 0
178 2 0
179 2 0
179 2 403
179 2 851
179 2 931
179 2 363
179 2 892
179 2 138
179 2 110
179 2 0
179 2 0
180 1 0
180 1 20
180 1 589
180 1 278
180 1 787
180 1 0
180 1 0
180 1 0
180 1 0
181 2 0
181 2 203
181 2 405
181 2 239
181 2 390
181 2 62
181 2 337
181 2 537
181 2 0
181 2 0
181 2 0
181 2 0
182 2 0
182 2 285
182 2 0
183 1 0
183 1 261
183 1 16
183 1 388
183 1 736
183 1 766
183 1 0
183 1 0
183 1 0
183 1 0
184 1 0
184 1 228
184 1 0
184 1 0
184 1 0
184 1 0
185 2 0
185 2 821
185 2 729
185 2 968
185 2 300
185 2 48
185 2 833
185 2 13
185 2 0
185 2 0
185 2 0
185 2 0
186 2 0
186 2 111
186 2 933
186 2 0
186 2 0
186 2 0
186 2 599
186 2 270
186 2 0
186 2 0
187 1 0
187 1 422
187 1 302
187 1 687
187 1 614
187 1 0
187 1 0
187 1 0
187 1 0
188 2 0
188 2 312
188 2 658
188 2 540
188 2 935
188 2 731
188 2 584
188 2 0
188 2 0
188 2 0
188 2 0
189 1 0
189 1 592
189 1 0
189 1 0
189 1 0
189 1 739
189 1 774
189 1 431
189 1 0
189 1 0
190 2 0
190 2 70
190 2 67
190 2 583
190 2 421
190 2 762
190 2 192
190 2 0
190 2 0
190 2 0
190 2 0
191 2 0
191 2 56
191 2 702
191 2 315
191 2 888
191 2 395
191 2 0
191 2 0
192 1 0
192 1 439
192 1 0
192 1 0
192 1 0
192 1 0
193 2 0
193 2 262
193 2 0
193 2 0
193 2 0
193 2 260
193 2 219
193 2 0
193 2 0
194 2 0
194 2 804
194 2 637
194 2 0
194 2 0
194 2 0
194 2 108
194 2 594
194 2 0
194 2 0
195 2 0
195 2 487
195 2 1
195 2 775
195 2 0
195 2 0
195 2 0
195 2 822
195 2 0
195 2 0
195 2 0
195 2 0
196 1 0
196 1 234
196 1 956
196 1 987
196 1 0
196 1 0
196 1 0
196 1 65
196 1 889
196 1 0
196 1 0
196 1 0
196 1 0
197 1 0
197 1 886
197 1 500
197 1 780
197 1 50
197 1 572
197 1 0
197 1 0
197 1 0
197 1 0
198 2 0
198 2 444
198 2 132
198 2 39
198 2 359
198 2 235
198 2 0
198 2 0
198 2 0
198 2 0
199 1 0
199 1 147
199 1 143
199 1 985
199 1 51
199 1 0
199 1 0
199 1 0
199 1 0
200 1 0
200 1 688
200 1 179
200 1 958
200 1 0
200 1 551
200 1 371
200 1 0
200 1 0
200 1 0
200 1 0
201 2 0
201 2 185
201 2 424
201 2 213
201 2 527
201 2 469
201 2 957
201 2 0
201 2 0
202 2 0
202 2 26
202 2 77
202 2 869
202 2 708
202 2 12
202 2 0
202 2 0
203 1 0
203 1 474
203 1 19
203 1 0
203 1 0
204 1 0
204 1 521
204 1 274
204 1 0
204 1 0
205 1 0
205 1 29
205 1 0
206 1 0
206 1 2
206 1 0
