total cost: 349305
1 2 0
1 2 553
1 2 288
1 2 767
1 2 0
1 2 0
1 2 616
1 2 180
1 2 257
1 2 932
1 2 0
2 1 0
2 1 220
2 1 802
2 1 0
2 1 0
2 1 463
2 1 539
2 1 693
2 1 0
3 2 0
3 2 254
3 2 577
3 2 408
3 2 801
3 2 459
3 2 0
3 2 0
3 2 790
3 2 0
3 2 0
3 2 141
3 2 0
4 2 0
4 2 645
4 2 865
4 2 189
4 2 428
4 2 0
4 2 0
4 2 307
4 2 793
4 2 654
4 2 0
5 1 0
5 1 605
5 1 593
5 1 754
5 1 947
5 1 974
5 1 716
5 1 525
5 1 8
5 1 476
5 1 205
5 1 0
6 2 0
6 2 57
6 2 843
6 2 281
6 2 717
6 2 532
6 2 423
6 2 544
6 2 304
6 2 114
6 2 0
7 2 0
7 2 856
7 2 763
7 2 831
7 2 939
7 2 0
7 2 0
7 2 954
7 2 161
7 2 652
7 2 520
7 2 535
7 2 0
8 2 0
8 2 354
8 2 442
8 2 749
8 2 319
8 2 401
8 2 229
8 2 0
9 2 0
9 2 170
9 2 400
9 2 798
9 2 468
9 2 641
9 2 742
9 2 0
10 2 0
10 2 154
10 2 0
10 2 0
10 2 37
10 2 855
10 2 269
10 2 397
10 2 212
10 2 0
11 2 0
11 2 462
11 2 813
11 2 478
11 2 975
11 2 759
11 2 0
11 2 0
11 2 124
11 2 475
11 2 799
11 2 0
12 2 0
12 2 4
12 2 911
12 2 899
12 2 250
12 2 826
12 2 700
12 2 783
12 2 217
12 2 897
12 2 815
12 2 0
13 2 0
13 2 454
13 2 283
13 2 714
13 2 293
13 2 0
14 1 0
14 1 689
14 1 380
14 1 106
14 1 470
14 1 477
14 1 345
14 1 880
14 1 0
14 1 0
14 1 0
15 1 0
15 1 391
15 1 710
15 1 440
15 1 216
15 1 732
15 1 0
15 1 0
15 1 0
16 2 0
16 2 501
16 2 682
16 2 922
16 2 101
16 2 64
16 2 437
16 2 992
16 2 923
16 2 436
16 2 0
16 2 0
16 2 0
17 2 0
17 2 602
17 2 237
17 2 570
17 2 0
17 2 0
17 2 919
17 2 356
17 2 0
18 1 0
18 1 164
18 1 92
18 1 650
18 1 600
18 1 0
19 2 0
19 2 612
19 2 591
19 2 504
19 2 0
20 1 0
20 1 841
20 1 7
20 1 543
20 1 133
20 1 246
20 1 40
20 1 990
20 1 873
20 1 0
20 1 0
20 1 0
21 1 0
21 1 565
21 1 850
21 1 58
21 1 871
21 1 36
21 1 264
21 1 63
21 1 99
21 1 807
21 1 0
21 1 0
21 1 0
22 1 0
22 1 489
22 1 741
22 1 107
22 1 967
22 1 0
22 1 0
22 1 0
23 2 0
23 2 284
23 2 531
23 2 945
23 2 791
23 2 964
23 2 314
23 2 125
23 2 0
24 1 0
24 1 291
24 1 542
24 1 562
24 1 752
24 1 664
24 1 0
24 1 0
24 1 510
24 1 276
24 1 784
24 1 0
25 2 0
25 2 473
25 2 863
25 2 816
25 2 910
25 2 524
25 2 0
25 2 0
25 2 590
25 2 949
25 2 692
25 2 0
26 1 0
26 1 866
26 1 9
26 1 324
26 1 648
26 1 0
26 1 0
26 1 561
26 1 230
26 1 0
27 2 0
27 2 128
27 2 925
27 2 715
27 2 902
27 2 418
27 2 84
27 2 709
27 2 323
27 2 208
27 2 0
27 2 0
27 2 0
28 1 0
28 1 820
28 1 188
28 1 781
28 1 178
28 1 38
28 1 0
28 1 0
28 1 0
29 1 0
29 1 158
29 1 541
29 1 338
29 1 204
29 1 563
29 1 940
29 1 677
29 1 0
29 1 0
29 1 0
30 2 0
30 2 868
30 2 738
30 2 609
30 2 349
30 2 0
30 2 0
30 2 171
30 2 810
30 2 191
30 2 0
31 2 0
31 2 113
31 2 456
31 2 102
31 2 351
31 2 921
31 2 0
31 2 0
31 2 352
31 2 678
31 2 360
31 2 0
32 2 0
32 2 389
32 2 538
32 2 446
32 2 580
32 2 232
32 2 808
32 2 495
32 2 852
32 2 0
33 2 0
33 2 907
33 2 796
33 2 608
33 2 335
33 2 279
33 2 0
33 2 0
33 2 148
33 2 0
34 2 0
34 2 529
34 2 603
34 2 644
34 2 447
34 2 840
34 2 0
34 2 0
34 2 248
34 2 785
34 2 0
35 2 0
35 2 606
35 2 955
35 2 45
35 2 809
35 2 430
35 2 977
35 2 396
35 2 685
35 2 936
35 2 630
35 2 0
35 2 0
35 2 0
36 1 0
36 1 153
36 1 394
36 1 329
36 1 934
36 1 207
36 1 168
36 1 0
36 1 0
36 1 0
37 1 0
37 1 666
37 1 441
37 1 14
37 1 676
37 1 71
37 1 383
37 1 545
37 1 0
37 1 0
37 1 0
37 1 0
38 2 0
38 2 54
38 2 511
38 2 425
38 2 79
38 2 586
38 2 904
38 2 494
38 2 287
38 2 0
38 2 0
38 2 0
39 1 0
39 1 17
39 1 721
39 1 0
39 1 0
39 1 837
39 1 0
40 2 0
40 2 846
40 2 969
40 2 803
40 2 512
40 2 44
40 2 0
40 2 0
40 2 0
41 1 0
41 1 707
41 1 399
41 1 680
41 1 844
41 1 438
41 1 581
41 1 509
41 1 0
42 2 0
42 2 336
42 2 369
42 2 854
42 2 426
42 2 0
42 2 0
42 2 255
42 2 86
42 2 74
42 2 0
43 1 0
43 1 472
43 1 513
43 1 906
43 1 679
43 1 0
44 1 0
44 1 817
44 1 751
44 1 0
44 1 0
44 1 435
44 1 160
44 1 835
44 1 490
44 1 471
44 1 0
44 1 0
44 1 0
45 1 0
45 1 806
45 1 814
45 1 93
45 1 417
45 1 181
45 1 259
45 1 0
45 1 0
45 1 0
46 1 0
46 1 518
46 1 497
46 1 610
46 1 574
46 1 419
46 1 150
46 1 621
46 1 0
46 1 0
46 1 0
46 1 0
47 1 0
47 1 266
47 1 943
47 1 410
47 1 199
47 1 485
47 1 0
47 1 0
47 1 508
47 1 970
47 1 734
47 1 0
48 1 0
48 1 611
48 1 647
48 1 724
48 1 455
48 1 0
49 2 0
49 2 909
49 2 971
49 2 965
49 2 480
49 2 0
50 2 0
50 2 576
50 2 753
50 2 838
50 2 0
51 1 0
51 1 980
51 1 289
51 1 675
51 1 0
51 1 0
51 1 0
52 2 0
52 2 550
52 2 0
53 2 0
53 2 41
53 2 136
53 2 918
53 2 309
53 2 0
53 2 0
53 2 0
54 1 0
54 1 292
54 1 0
54 1 0
54 1 200
54 1 694
54 1 223
54 1 434
54 1 0
54 1 0
54 1 0
55 1 0
55 1 699
55 1 996
55 1 870
55 1 0
55 1 0
55 1 398
55 1 80
55 1 311
55 1 0
55 1 0
55 1 0
56 2 0
56 2 646
56 2 334
56 2 938
56 2 755
56 2 997
56 2 0
56 2 0
56 2 876
56 2 929
56 2 0
57 2 0
57 2 340
57 2 794
57 2 233
57 2 134
57 2 376
57 2 601
57 2 140
57 2 515
57 2 0
57 2 0
57 2 0
58 2 0
58 2 392
58 2 273
58 2 735
58 2 628
58 2 937
58 2 761
58 2 758
58 2 0
58 2 0
58 2 0
59 1 0
59 1 989
59 1 157
59 1 887
59 1 0
59 1 0
59 1 290
59 1 0
59 1 0
59 1 166
59 1 27
59 1 0
60 2 0
60 2 275
60 2 771
60 2 481
60 2 479
60 2 0
61 1 0
61 1 151
61 1 973
61 1 0
61 1 0
61 1 885
61 1 776
61 1 0
61 1 0
61 1 0
62 2 0
62 2 568
62 2 779
62 2 0
63 1 0
63 1 673
63 1 18
63 1 891
63 1 571
63 1 0
63 1 0
63 1 163
63 1 604
63 1 0
64 2 0
64 2 686
64 2 175
64 2 177
64 2 701
64 2 847
64 2 0
64 2 0
64 2 0
65 2 0
65 2 321
65 2 655
65 2 0
65 2 0
65 2 748
65 2 11
65 2 0
66 2 0
66 2 756
66 2 420
66 2 554
66 2 663
66 2 218
66 2 432
66 2 0
66 2 0
66 2 0
67 2 0
67 2 193
67 2 365
67 2 705
67 2 0
67 2 0
67 2 0
68 1 0
68 1 328
68 1 492
68 1 413
68 1 683
68 1 0
68 1 0
68 1 130
68 1 0
69 1 0
69 1 310
69 1 941
69 1 341
69 1 226
69 1 118
69 1 0
69 1 0
69 1 0
70 2 0
70 2 186
70 2 894
70 2 172
70 2 595
70 2 211
70 2 0
71 2 0
71 2 411
71 2 404
71 2 0
71 2 0
71 2 183
71 2 861
71 2 119
71 2 28
71 2 994
71 2 0
72 2 0
72 2 960
72 2 536
72 2 0
73 1 0
73 1 930
73 1 764
73 1 0
73 1 0
73 1 757
73 1 812
73 1 624
73 1 0
74 1 0
74 1 564
74 1 695
74 1 0
75 2 0
75 2 30
75 2 805
75 2 466
75 2 484
75 2 948
75 2 135
75 2 0
75 2 0
75 2 0
76 2 0
76 2 718
76 2 0
76 2 0
76 2 0
77 2 0
77 2 557
77 2 668
77 2 0
78 2 0
78 2 366
78 2 272
78 2 81
78 2 0
78 2 0
78 2 330
78 2 95
78 2 0
79 1 0
79 1 640
79 1 374
79 1 196
79 1 448
79 1 0
79 1 0
79 1 0
79 1 94
79 1 24
79 1 0
80 1 0
80 1 167
80 1 782
80 1 596
80 1 126
80 1 0
80 1 0
80 1 457
80 1 818
80 1 301
80 1 0
81 1 0
81 1 777
81 1 559
81 1 0
81 1 0
81 1 85
81 1 778
81 1 881
81 1 298
81 1 0
82 1 0
82 1 999
82 1 622
82 1 458
82 1 613
82 1 488
82 1 187
82 1 0
82 1 0
82 1 0
82 1 0
83 1 0
83 1 697
83 1 950
83 1 467
83 1 493
83 1 800
83 1 97
83 1 465
83 1 0
83 1 0
83 1 0
83 1 0
84 2 0
84 2 429
84 2 25
84 2 660
84 2 582
84 2 726
84 2 201
84 2 0
84 2 0
84 2 0
84 2 0
85 1 0
85 1 797
85 1 927
85 1 318
85 1 0
85 1 0
85 1 944
85 1 669
85 1 857
85 1 0
86 1 0
86 1 31
86 1 849
86 1 832
86 1 190
86 1 619
86 1 53
86 1 503
86 1 0
86 1 0
87 1 0
87 1 282
87 1 730
87 1 0
87 1 0
87 1 877
87 1 587
87 1 0
88 1 0
88 1 59
88 1 0
89 2 0
89 2 393
89 2 523
89 2 348
89 2 1000
89 2 69
89 2 165
89 2 638
89 2 0
89 2 0
89 2 0
89 2 0
90 2 0
90 2 173
90 2 659
90 2 951
90 2 245
90 2 789
90 2 342
90 2 0
90 2 0
90 2 0
91 2 0
91 2 656
91 2 727
91 2 0
91 2 0
91 2 0
92 2 0
92 2 746
92 2 988
92 2 842
92 2 82
92 2 0
92 2 0
92 2 0
93 1 0
93 1 247
93 1 908
93 1 728
93 1 498
93 1 0
93 1 0
93 1 0
93 1 662
93 1 983
93 1 0
94 1 0
94 1 453
94 1 88
94 1 991
94 1 578
94 1 627
94 1 0
94 1 0
95 1 0
95 1 874
95 1 828
95 1 0
95 1 0
95 1 848
95 1 0
96 1 0
96 1 496
96 1 942
96 1 883
96 1 265
96 1 0
96 1 0
96 1 0
97 1 0
97 1 0
98 1 0
98 1 0
99 2 0
99 2 657
99 2 703
99 2 407
99 2 144
99 2 0
99 2 0
99 2 23
99 2 750
99 2 607
99 2 0
100 2 0
100 2 830
100 2 862
100 2 819
100 2 0
100 2 0
100 2 661
100 2 91
100 2 516
100 2 0
101 2 0
101 2 149
101 2 792
101 2 332
101 2 142
101 2 995
101 2 0
101 2 0
101 2 0
102 2 0
102 2 294
102 2 409
102 2 860
102 2 236
102 2 723
102 2 461
102 2 104
102 2 46
102 2 90
102 2 0
102 2 0
103 2 0
103 2 642
103 2 615
103 2 327
103 2 617
103 2 381
103 2 0
104 2 0
104 2 78
104 2 414
104 2 823
104 2 740
104 2 0
104 2 0
104 2 0
104 2 0
105 1 0
105 1 546
105 1 706
105 1 83
105 1 0
105 1 0
106 1 0
106 1 10
106 1 672
106 1 824
106 1 0
106 1 0
106 1 0
107 1 0
107 1 445
107 1 653
107 1 34
107 1 0
107 1 0
107 1 47
107 1 0
108 2 0
108 2 665
108 2 998
108 2 522
108 2 526
108 2 339
108 2 928
108 2 0
108 2 0
108 2 0
108 2 0
109 2 0
109 2 898
109 2 505
109 2 0
110 1 0
110 1 214
110 1 0
110 1 0
110 1 530
110 1 772
110 1 0
111 1 0
111 1 251
111 1 720
111 1 588
111 1 415
111 1 632
111 1 0
111 1 0
112 2 0
112 2 313
112 2 903
112 2 98
112 2 635
112 2 0
112 2 0
112 2 367
112 2 127
112 2 0
112 2 0
112 2 0
113 2 0
113 2 719
113 2 839
113 2 573
113 2 859
113 2 6
113 2 406
113 2 0
113 2 0
113 2 0
113 2 0
114 1 0
114 1 109
114 1 853
114 1 825
114 1 0
114 1 0
114 1 221
114 1 558
114 1 0
114 1 0
114 1 0
115 2 0
115 2 712
115 2 555
115 2 872
115 2 331
115 2 326
115 2 373
115 2 0
115 2 0
115 2 0
115 2 0
116 1 0
116 1 534
116 1 460
116 1 0
116 1 0
116 1 182
116 1 112
116 1 0
116 1 0
117 2 0
117 2 502
117 2 986
117 2 0
117 2 0
117 2 920
117 2 317
117 2 0
117 2 0
117 2 0
118 2 0
118 2 364
118 2 743
118 2 912
118 2 0
119 2 0
119 2 296
119 2 145
119 2 60
119 2 0
119 2 0
119 2 202
119 2 412
119 2 626
119 2 0
119 2 0
119 2 0
120 1 0
120 1 634
120 1 387
120 1 972
120 1 316
120 1 0
120 1 0
120 1 0
120 1 66
120 1 0
121 2 0
121 2 42
121 2 698
121 2 385
121 2 976
121 2 0
121 2 0
121 2 811
121 2 305
121 2 68
121 2 0
122 2 0
122 2 744
122 2 625
122 2 981
122 2 507
122 2 649
122 2 491
122 2 433
122 2 242
122 2 0
122 2 0
122 2 0
122 2 0
123 1 0
123 1 670
123 1 277
123 1 123
123 1 156
123 1 834
123 1 760
123 1 0
123 1 0
123 1 0
123 1 0
124 2 0
124 2 384
124 2 238
124 2 966
124 2 917
124 2 382
124 2 0
124 2 0
124 2 0
124 2 0
125 2 0
125 2 514
125 2 914
125 2 827
125 2 651
125 2 263
125 2 905
125 2 0
125 2 0
125 2 0
125 2 0
126 2 0
126 2 271
126 2 357
126 2 253
126 2 122
126 2 875
126 2 0
126 2 0
126 2 0
126 2 0
127 2 0
127 2 402
127 2 636
127 2 244
127 2 567
127 2 361
127 2 353
127 2 443
127 2 0
127 2 0
127 2 0
127 2 0
128 2 0
128 2 240
128 2 249
128 2 377
128 2 0
128 2 0
128 2 346
128 2 0
129 1 0
129 1 722
129 1 773
129 1 0
129 1 0
129 1 548
129 1 579
129 1 984
129 1 829
129 1 295
129 1 0
129 1 0
130 2 0
130 2 982
130 2 953
130 2 162
130 2 691
130 2 962
130 2 633
130 2 560
130 2 0
130 2 0
130 2 0
130 2 0
131 1 0
131 1 320
131 1 0
131 1 0
131 1 681
131 1 978
131 1 325
131 1 0
131 1 0
131 1 0
131 1 0
132 2 0
132 2 22
132 2 884
132 2 867
132 2 566
132 2 0
132 2 0
132 2 222
132 2 0
132 2 0
132 2 0
133 1 0
133 1 690
133 1 916
133 1 35
133 1 528
133 1 427
133 1 0
133 1 0
133 1 0
133 1 0
134 1 0
134 1 73
134 1 56
134 1 890
134 1 858
134 1 737
134 1 0
134 1 0
135 2 0
135 2 32
135 2 924
135 2 882
135 2 299
135 2 378
135 2 585
135 2 0
135 2 0
136 1 0
136 1 15
136 1 116
136 1 979
136 1 0
136 1 0
136 1 0
136 1 0
137 2 0
137 2 449
137 2 893
137 2 747
137 2 597
137 2 517
137 2 286
137 2 486
137 2 915
137 2 252
137 2 0
137 2 0
137 2 0
137 2 0
138 2 0
138 2 786
138 2 0
138 2 0
138 2 0
139 2 0
139 2 450
139 2 464
139 2 308
139 2 105
139 2 961
139 2 629
139 2 75
139 2 0
139 2 0
140 1 0
140 1 5
140 1 268
140 1 0
140 1 0
140 1 0
140 1 0
141 2 0
141 2 725
141 2 0
141 2 0
141 2 913
141 2 87
141 2 0
141 2 0
141 2 0
142 2 0
142 2 243
142 2 684
142 2 0
142 2 0
142 2 895
142 2 993
142 2 0
142 2 0
142 2 0
143 2 0
143 2 303
143 2 482
143 2 72
143 2 901
143 2 206
143 2 879
143 2 836
143 2 3
143 2 0
143 2 0
143 2 0
143 2 0
144 2 0
144 2 370
144 2 733
144 2 711
144 2 344
144 2 0
144 2 0
144 2 0
144 2 0
145 1 0
145 1 0
146 2 0
146 2 745
146 2 0
146 2 0
146 2 765
146 2 0
147 1 0
147 1 598
147 1 137
147 1 176
147 1 0
147 1 0
147 1 0
147 1 556
147 1 0
147 1 0
147 1 0
148 2 0
148 2 224
148 2 198
148 2 129
148 2 227
148 2 452
148 2 0
148 2 0
148 2 0
148 2 506
148 2 845
148 2 0
149 2 0
149 2 184
149 2 194
149 2 623
149 2 117
149 2 878
149 2 0
149 2 0
149 2 0
149 2 0
150 2 0
150 2 643
150 2 674
150 2 100
150 2 549
150 2 0
150 2 0
150 2 0
150 2 0
151 2 0
151 2 569
151 2 499
151 2 0
152 2 0
152 2 451
152 2 241
152 2 55
152 2 0
153 1 0
153 1 155
153 1 0
153 1 0
153 1 372
153 1 146
153 1 0
153 1 0
154 2 0
154 2 788
154 2 770
154 2 131
154 2 21
154 2 363
154 2 0
154 2 0
154 2 0
154 2 0
155 1 0
155 1 618
155 1 931
155 1 0
155 1 0
155 1 0
155 1 0
156 2 0
156 2 416
156 2 900
156 2 210
156 2 667
156 2 952
156 2 0
156 2 0
157 1 0
157 1 368
157 1 174
157 1 444
157 1 147
157 1 0
157 1 0
157 1 0
157 1 43
157 1 0
158 2 0
158 2 120
158 2 422
158 2 302
158 2 197
158 2 687
158 2 614
158 2 892
158 2 0
158 2 0
158 2 0
158 2 0
159 1 0
159 1 267
159 1 333
159 1 552
159 1 599
159 1 0
159 1 0
159 1 0
159 1 0
160 1 0
160 1 959
160 1 671
160 1 49
160 1 704
160 1 639
160 1 386
160 1 0
160 1 0
161 1 0
161 1 362
161 1 169
161 1 76
161 1 0
161 1 0
162 2 0
162 2 61
162 2 946
162 2 631
162 2 769
162 2 963
162 2 278
162 2 589
162 2 787
162 2 0
162 2 0
162 2 0
162 2 0
163 2 0
163 2 103
163 2 261
163 2 388
163 2 766
163 2 0
163 2 0
163 2 0
163 2 322
163 2 0
164 2 0
164 2 256
164 2 215
164 2 355
164 2 306
164 2 774
164 2 889
164 2 0
164 2 0
164 2 0
164 2 0
165 2 0
165 2 297
165 2 739
165 2 65
165 2 0
165 2 0
166 2 0
166 2 379
166 2 343
166 2 1
166 2 0
166 2 0
166 2 0
166 2 0
167 2 0
167 2 483
167 2 821
167 2 258
167 2 926
167 2 0
167 2 0
167 2 0
167 2 0
168 1 0
168 1 159
168 1 768
168 1 533
168 1 228
168 1 0
168 1 0
168 1 0
168 1 0
169 2 0
169 2 52
169 2 575
169 2 933
169 2 637
169 2 0
169 2 0
169 2 0
169 2 0
170 2 0
170 2 115
170 2 347
170 2 851
170 2 358
170 2 696
170 2 519
170 2 121
170 2 896
170 2 547
170 2 0
170 2 0
170 2 0
170 2 0
171 1 0
171 1 713
171 1 702
171 1 315
171 1 0
171 1 0
172 1 0
172 1 280
172 1 375
172 1 138
172 1 0
172 1 0
173 2 0
173 2 403
173 2 312
173 2 658
173 2 833
173 2 537
173 2 337
173 2 731
173 2 0
173 2 0
173 2 0
173 2 0
174 2 0
174 2 20
174 2 132
174 2 39
174 2 50
174 2 572
174 2 527
174 2 235
174 2 0
174 2 0
175 1 0
175 1 203
175 1 405
175 1 390
175 1 239
175 1 62
175 1 0
175 1 0
175 1 0
175 1 0
176 1 0
176 1 285
176 1 0
176 1 0
176 1 0
176 1 0
177 1 0
177 1 795
177 1 0
177 1 0
177 1 0
177 1 0
178 1 0
178 1 225
178 1 968
178 1 583
178 1 935
178 1 0
178 1 0
178 1 0
178 1 0
179 2 0
179 2 864
179 2 110
179 2 620
179 2 0
179 2 0
180 2 0
180 2 111
180 2 804
180 2 0
180 2 0
180 2 0
180 2 209
180 2 439
180 2 888
180 2 0
180 2 0
180 2 0
180 2 0
181 1 0
181 1 16
181 1 500
181 1 987
181 1 0
181 1 0
181 1 0
181 1 195
181 1 594
181 1 0
181 1 0
182 1 0
182 1 70
182 1 67
182 1 540
182 1 0
182 1 0
182 1 0
182 1 139
182 1 0
182 1 0
183 2 0
183 2 592
183 2 775
183 2 213
183 2 350
183 2 0
183 2 0
183 2 0
183 2 0
184 1 0
184 1 262
184 1 736
184 1 469
184 1 19
184 1 957
184 1 0
184 1 0
185 2 0
185 2 234
185 2 956
185 2 729
185 2 421
185 2 762
185 2 192
185 2 584
185 2 0
185 2 0
186 2 0
186 2 487
186 2 886
186 2 958
186 2 51
186 2 359
186 2 0
186 2 0
186 2 0
186 2 0
187 1 0
187 1 0
188 2 0
188 2 822
188 2 0
188 2 0
188 2 0
188 2 0
189 2 0
189 2 521
189 2 77
189 2 869
189 2 0
189 2 0
190 1 0
190 1 270
190 1 0
190 1 0
190 1 0
190 1 0
191 1 0
191 1 431
191 1 551
191 1 395
191 1 0
191 1 0
192 2 0
192 2 260
192 2 231
192 2 371
192 2 0
192 2 0
192 2 0
192 2 0
193 1 0
193 1 688
193 1 474
193 1 0
193 1 219
193 1 96
193 1 0
193 1 0
194 2 0
194 2 185
194 2 179
194 2 985
194 2 26
194 2 0
194 2 152
194 2 0
195 2 0
195 2 143
195 2 780
195 2 424
195 2 300
195 2 48
195 2 0
195 2 274
195 2 0
195 2 0
195 2 0
195 2 0
196 1 0
196 1 708
196 1 0
196 1 0
197 1 0
197 1 108
197 1 12
197 1 0
197 1 0
198 1 0
198 1 89
198 1 0
199 2 0
199 2 33
199 2 0
200 2 0
200 2 29
200 2 0
201 1 0
201 1 13
201 1 0
201 1 0
202 2 0
202 2 2
202 2 0
