total cost: 343730
1 2 0
1 2 553
1 2 288
1 2 767
1 2 0
1 2 0
1 2 616
1 2 180
1 2 257
1 2 932
1 2 0
2 2 0
2 2 220
2 2 802
2 2 577
2 2 408
2 2 801
2 2 0
2 2 0
2 2 307
2 2 790
2 2 0
2 2 0
2 2 141
2 2 0
3 1 0
3 1 539
3 1 462
3 1 813
3 1 693
3 1 754
3 1 974
3 1 0
3 1 0
3 1 793
3 1 654
3 1 0
4 1 0
4 1 645
4 1 865
4 1 189
4 1 428
4 1 0
4 1 0
4 1 652
4 1 591
4 1 520
4 1 0
5 1 0
5 1 605
5 1 856
5 1 947
5 1 593
5 1 602
5 1 716
5 1 525
5 1 8
5 1 476
5 1 205
5 1 0
5 1 0
5 1 0
6 1 0
6 1 463
6 1 354
6 1 442
6 1 710
6 1 717
6 1 94
6 1 0
6 1 0
6 1 0
7 2 0
7 2 254
7 2 57
7 2 843
7 2 423
7 2 798
7 2 468
7 2 380
7 2 304
7 2 114
7 2 0
8 1 0
8 1 281
8 1 532
8 1 489
8 1 440
8 1 391
8 1 0
9 2 0
9 2 954
9 2 154
9 2 37
9 2 283
9 2 919
9 2 475
9 2 0
9 2 0
9 2 0
10 1 0
10 1 170
10 1 400
10 1 689
10 1 749
10 1 229
10 1 0
10 1 0
10 1 535
10 1 0
11 2 0
11 2 459
11 2 454
11 2 124
11 2 401
11 2 510
11 2 356
11 2 0
12 2 0
12 2 4
12 2 911
12 2 899
12 2 831
12 2 939
12 2 759
12 2 0
12 2 0
12 2 161
12 2 504
12 2 732
12 2 0
13 2 0
13 2 763
13 2 250
13 2 237
13 2 850
13 2 58
13 2 0
13 2 0
13 2 319
13 2 561
13 2 799
13 2 0
14 2 0
14 2 501
14 2 826
14 2 922
14 2 101
14 2 783
14 2 217
14 2 470
14 2 897
14 2 0
14 2 0
14 2 0
15 2 0
15 2 478
15 2 473
15 2 863
15 2 609
15 2 0
15 2 0
15 2 544
15 2 641
15 2 477
15 2 0
16 2 0
16 2 164
16 2 92
16 2 216
16 2 650
16 2 600
16 2 0
17 1 0
17 1 841
17 1 7
17 1 543
17 1 992
17 1 437
17 1 40
17 1 246
17 1 990
17 1 0
17 1 0
17 1 0
18 2 0
18 2 284
18 2 338
18 2 975
18 2 264
18 2 810
18 2 276
18 2 784
18 2 0
19 2 0
19 2 565
19 2 910
19 2 816
19 2 868
19 2 349
19 2 0
19 2 0
19 2 570
19 2 742
19 2 0
20 1 0
20 1 682
20 1 531
20 1 806
20 1 814
20 1 93
20 1 945
20 1 880
20 1 0
20 1 0
20 1 0
21 1 0
21 1 291
21 1 542
21 1 707
21 1 399
21 1 680
21 1 873
21 1 844
21 1 0
21 1 0
21 1 0
22 1 0
22 1 846
22 1 335
22 1 0
23 2 0
23 2 820
23 2 925
23 2 9
23 2 324
23 2 648
23 2 0
23 2 0
23 2 590
23 2 0
24 2 0
24 2 866
24 2 128
24 2 741
24 2 418
24 2 84
24 2 709
24 2 323
24 2 208
24 2 0
24 2 0
24 2 0
25 1 0
25 1 107
25 1 133
25 1 923
25 1 0
25 1 0
25 1 230
25 1 807
25 1 0
26 2 0
26 2 158
26 2 871
26 2 36
26 2 524
26 2 63
26 2 99
26 2 785
26 2 0
26 2 0
26 2 0
27 2 0
27 2 54
27 2 715
27 2 902
27 2 292
27 2 38
27 2 757
27 2 0
27 2 0
27 2 0
28 2 0
28 2 389
28 2 580
28 2 538
28 2 446
28 2 232
28 2 855
28 2 808
28 2 512
28 2 397
28 2 692
28 2 0
28 2 0
28 2 0
29 1 0
29 1 113
29 1 456
29 1 102
29 1 351
29 1 0
29 1 0
29 1 700
29 1 815
29 1 360
29 1 223
29 1 0
30 2 0
30 2 14
30 2 666
30 2 495
30 2 969
30 2 852
30 2 949
30 2 293
30 2 0
31 1 0
31 1 738
31 1 796
31 1 644
31 1 0
32 2 0
32 2 721
32 2 436
32 2 970
32 2 27
32 2 434
32 2 0
33 2 0
33 2 64
33 2 106
33 2 345
33 2 136
33 2 259
33 2 964
33 2 0
34 2 0
34 2 907
34 2 441
34 2 207
34 2 168
34 2 71
34 2 44
34 2 383
34 2 545
34 2 0
35 1 0
35 1 279
35 1 921
35 1 150
35 1 944
35 1 669
35 1 857
35 1 0
36 2 0
36 2 17
36 2 188
36 2 781
36 2 178
36 2 885
36 2 776
36 2 0
36 2 0
36 2 0
37 2 0
37 2 714
37 2 612
37 2 967
37 2 0
38 1 0
38 1 529
38 1 603
38 1 934
38 1 0
39 2 0
39 2 606
39 2 955
39 2 562
39 2 410
39 2 199
39 2 485
39 2 290
39 2 0
39 2 0
39 2 269
39 2 0
40 1 0
40 1 153
40 1 394
40 1 453
40 1 88
40 1 0
40 1 0
40 1 472
40 1 0
41 2 0
41 2 541
41 2 204
41 2 392
41 2 563
41 2 940
41 2 677
41 2 314
41 2 0
41 2 0
41 2 0
42 1 0
42 1 791
42 1 181
42 1 191
42 1 125
42 1 0
43 1 0
43 1 837
43 1 909
43 1 971
43 1 965
43 1 0
44 2 0
44 2 171
44 2 41
44 2 694
44 2 0
45 1 0
45 1 678
45 1 508
45 1 200
45 1 0
46 1 0
46 1 255
46 1 647
46 1 611
46 1 724
46 1 0
47 1 0
47 1 45
47 1 809
47 1 930
47 1 771
47 1 492
47 1 977
47 1 396
47 1 0
47 1 0
47 1 212
47 1 0
48 2 0
48 2 336
48 2 369
48 2 854
48 2 426
48 2 0
48 2 0
48 2 679
48 2 513
48 2 906
48 2 0
49 2 0
49 2 817
49 2 751
49 2 157
49 2 226
49 2 752
49 2 664
49 2 734
49 2 0
49 2 0
49 2 0
50 2 0
50 2 608
50 2 0
50 2 0
50 2 435
50 2 835
50 2 490
50 2 471
50 2 0
51 1 0
51 1 518
51 1 497
51 1 610
51 1 894
51 1 25
51 1 726
51 1 758
51 1 0
51 1 0
51 1 0
51 1 0
52 1 0
52 1 550
52 1 86
52 1 135
52 1 0
53 2 0
53 2 266
53 2 943
53 2 941
53 2 310
53 2 973
53 2 0
53 2 0
53 2 352
53 2 166
53 2 11
53 2 0
54 2 0
54 2 455
54 2 980
54 2 289
54 2 675
54 2 0
55 2 0
55 2 576
55 2 753
55 2 838
55 2 0
56 1 0
56 1 699
56 1 996
56 1 870
56 1 0
56 1 0
56 1 248
56 1 148
56 1 0
57 2 0
57 2 646
57 2 334
57 2 938
57 2 755
57 2 997
57 2 0
57 2 0
57 2 876
57 2 929
57 2 0
58 1 0
58 1 989
58 1 233
58 1 134
58 1 175
58 1 0
58 1 0
58 1 160
58 1 960
58 1 480
58 1 28
58 1 0
59 1 0
59 1 340
59 1 794
59 1 874
59 1 0
59 1 0
59 1 398
59 1 80
59 1 494
59 1 668
59 1 0
60 1 0
60 1 275
60 1 685
60 1 936
60 1 656
60 1 581
60 1 630
60 1 0
60 1 0
60 1 0
61 2 0
61 2 151
61 2 393
61 2 861
61 2 457
61 2 119
61 2 994
61 2 883
61 2 0
62 2 0
62 2 673
62 2 887
62 2 891
62 2 571
62 2 942
62 2 406
62 2 824
62 2 0
62 2 0
62 2 0
63 2 0
63 2 447
63 2 840
63 2 0
63 2 0
63 2 95
63 2 311
63 2 0
63 2 0
63 2 0
64 2 0
64 2 511
64 2 777
64 2 663
64 2 425
64 2 0
64 2 0
64 2 163
64 2 0
65 1 0
65 1 686
65 1 0
65 1 0
65 1 748
65 1 438
65 1 509
65 1 0
66 1 0
66 1 321
66 1 655
66 1 0
66 1 0
66 1 568
66 1 918
66 1 309
66 1 0
66 1 0
66 1 0
67 2 0
67 2 756
67 2 420
67 2 665
67 2 554
67 2 376
67 2 79
67 2 586
67 2 515
67 2 624
67 2 0
67 2 0
67 2 0
67 2 0
68 1 0
68 1 193
68 1 365
68 1 705
68 1 0
69 2 0
69 2 430
69 2 764
69 2 819
69 2 0
69 2 0
69 2 676
69 2 803
69 2 604
69 2 516
69 2 0
70 1 0
70 1 328
70 1 413
70 1 683
70 1 0
70 1 0
70 1 0
71 1 0
71 1 186
71 1 735
71 1 628
71 1 937
71 1 761
71 1 595
71 1 587
71 1 0
71 1 0
72 1 0
72 1 411
72 1 574
72 1 419
72 1 190
72 1 0
72 1 0
72 1 0
73 2 0
73 2 183
73 2 177
73 2 701
73 2 904
73 2 812
73 2 847
73 2 0
74 2 0
74 2 18
74 2 458
74 2 792
74 2 613
74 2 523
74 2 0
74 2 0
74 2 74
74 2 0
74 2 0
74 2 0
75 2 0
75 2 564
75 2 695
75 2 657
75 2 0
75 2 0
75 2 417
75 2 877
75 2 881
75 2 298
75 2 0
75 2 0
75 2 0
76 1 0
76 1 329
76 1 991
76 1 627
76 1 173
76 1 659
76 1 0
76 1 0
76 1 0
76 1 0
77 2 0
77 2 273
77 2 797
77 2 805
77 2 466
77 2 211
77 2 948
77 2 0
78 2 0
78 2 404
78 2 247
78 2 908
78 2 0
78 2 0
78 2 718
78 2 0
78 2 0
78 2 0
79 1 0
79 1 30
79 1 660
79 1 582
79 1 875
79 1 122
79 1 983
79 1 0
79 1 0
79 1 0
79 1 0
80 2 0
80 2 366
80 2 272
80 2 0
80 2 0
80 2 557
80 2 287
80 2 0
80 2 0
80 2 0
81 1 0
81 1 697
81 1 429
81 1 927
81 1 778
81 1 800
81 1 493
81 1 465
81 1 0
81 1 0
81 1 0
81 1 0
82 1 0
82 1 85
82 1 97
82 1 842
82 1 779
82 1 0
82 1 0
82 1 0
83 2 0
83 2 640
83 2 559
83 2 712
83 2 653
83 2 448
83 2 331
83 2 0
83 2 0
83 2 0
83 2 24
83 2 0
84 2 0
84 2 167
84 2 830
84 2 730
84 2 126
84 2 0
84 2 0
84 2 481
84 2 265
84 2 0
84 2 0
84 2 0
85 2 0
85 2 81
85 2 467
85 2 82
85 2 727
85 2 0
85 2 0
85 2 0
86 2 0
86 2 59
86 2 703
86 2 951
86 2 245
86 2 823
86 2 503
86 2 617
86 2 0
86 2 0
87 1 0
87 1 118
87 1 0
87 1 0
87 1 661
87 1 750
87 1 342
87 1 0
88 2 0
88 2 999
88 2 622
88 2 332
88 2 488
88 2 187
88 2 626
88 2 0
88 2 0
88 2 0
89 1 0
89 1 31
89 1 849
89 1 402
89 1 558
89 1 706
89 1 83
89 1 415
89 1 0
89 1 0
89 1 0
89 1 0
90 1 0
90 1 282
90 1 341
90 1 0
90 1 0
90 1 479
90 1 0
90 1 0
90 1 0
91 1 0
91 1 484
91 1 318
91 1 0
91 1 0
91 1 662
91 1 619
91 1 895
91 1 0
91 1 0
92 1 0
92 1 746
92 1 988
92 1 172
92 1 0
92 1 0
92 1 23
92 1 848
92 1 789
92 1 0
93 2 0
93 2 621
93 2 414
93 2 53
93 2 0
93 2 0
93 2 0
94 2 0
94 2 218
94 2 34
94 2 432
94 2 526
94 2 339
94 2 928
94 2 0
94 2 0
94 2 0
94 2 0
95 1 0
95 1 782
95 1 862
95 1 596
95 1 0
95 1 0
95 1 496
95 1 0
95 1 0
95 1 0
96 1 0
96 1 149
96 1 534
96 1 634
96 1 825
96 1 0
96 1 0
96 1 0
96 1 91
96 1 607
96 1 0
97 2 0
97 2 642
97 2 615
97 2 327
97 2 740
97 2 505
97 2 0
97 2 0
97 2 0
98 2 0
98 2 294
98 2 950
98 2 214
98 2 0
98 2 0
98 2 546
98 2 182
98 2 0
99 2 0
99 2 578
99 2 144
99 2 728
99 2 498
99 2 548
99 2 381
99 2 0
99 2 0
100 2 0
100 2 530
100 2 920
100 2 772
100 2 0
101 2 0
101 2 78
101 2 898
101 2 112
101 2 0
102 2 0
102 2 10
102 2 672
102 2 412
102 2 0
103 2 0
103 2 445
103 2 387
103 2 348
103 2 5
103 2 569
103 2 68
103 2 0
103 2 0
103 2 0
104 2 0
104 2 601
104 2 140
104 2 116
104 2 811
104 2 317
104 2 0
104 2 0
104 2 0
104 2 0
105 1 0
105 1 367
105 1 301
105 1 0
105 1 0
105 1 0
106 1 0
106 1 251
106 1 773
106 1 98
106 1 635
106 1 0
106 1 0
106 1 0
106 1 536
106 1 0
107 2 0
107 2 828
107 2 555
107 2 0
107 2 0
107 2 330
107 2 322
107 2 0
108 1 0
108 1 313
108 1 903
108 1 0
108 1 0
108 1 221
108 1 47
108 1 0
108 1 0
108 1 0
109 1 0
109 1 109
109 1 853
109 1 972
109 1 884
109 1 0
109 1 0
109 1 0
109 1 130
109 1 66
109 1 0
110 2 0
110 2 720
110 2 986
110 2 464
110 2 0
110 2 0
110 2 43
110 2 0
111 1 0
111 1 719
111 1 839
111 1 966
111 1 859
111 1 6
111 1 912
111 1 104
111 1 461
111 1 0
111 1 0
111 1 0
111 1 0
112 1 0
112 1 142
112 1 320
112 1 460
112 1 0
112 1 0
112 1 0
112 1 818
112 1 0
112 1 0
112 1 0
113 2 0
113 2 502
113 2 409
113 2 860
113 2 723
113 2 236
113 2 46
113 2 382
113 2 346
113 2 90
113 2 0
113 2 0
114 2 0
114 2 998
114 2 522
114 2 872
114 2 326
114 2 373
114 2 0
114 2 0
114 2 0
114 2 0
115 1 0
115 1 364
115 1 743
115 1 238
115 1 0
115 1 0
115 1 0
115 1 638
115 1 305
115 1 0
116 2 0
116 2 385
116 2 832
116 2 976
116 2 0
116 2 0
116 2 202
116 2 0
117 1 0
117 1 42
117 1 698
117 1 35
117 1 253
117 1 760
117 1 834
117 1 0
117 1 0
118 1 0
118 1 407
118 1 827
118 1 156
118 1 0
118 1 0
119 1 0
119 1 670
119 1 690
119 1 123
119 1 651
119 1 263
119 1 905
119 1 0
119 1 0
119 1 0
119 1 0
120 2 0
120 2 296
120 2 0
120 2 0
120 2 69
120 2 1000
120 2 913
120 2 87
120 2 0
120 2 0
120 2 0
121 2 0
121 2 744
121 2 625
121 2 981
121 2 507
121 2 649
121 2 491
121 2 433
121 2 242
121 2 0
121 2 0
121 2 0
121 2 0
122 2 0
122 2 384
122 2 198
122 2 416
122 2 60
122 2 882
122 2 0
122 2 0
122 2 0
122 2 0
123 1 0
123 1 271
123 1 357
123 1 73
123 1 579
123 1 984
123 1 829
123 1 295
123 1 0
123 1 0
124 1 0
124 1 573
124 1 924
124 1 0
124 1 0
124 1 127
124 1 0
125 2 0
125 2 514
125 2 916
125 2 962
125 2 162
125 2 633
125 2 560
125 2 890
125 2 0
125 2 0
125 2 0
125 2 0
126 2 0
126 2 240
126 2 196
126 2 598
126 2 978
126 2 0
126 2 0
126 2 0
126 2 0
127 1 0
127 1 145
127 1 917
127 1 900
127 1 667
127 1 146
127 1 299
127 1 0
127 1 0
127 1 0
127 1 0
128 2 0
128 2 722
128 2 482
128 2 303
128 2 450
128 2 72
128 2 308
128 2 105
128 2 961
128 2 629
128 2 0
128 2 0
129 1 0
129 1 681
129 1 377
129 1 0
129 1 0
129 1 995
129 1 0
130 2 0
130 2 982
130 2 953
130 2 306
130 2 691
130 2 589
130 2 278
130 2 0
130 2 0
130 2 0
130 2 0
131 2 0
131 2 374
131 2 788
131 2 137
131 2 316
131 2 867
131 2 0
131 2 0
131 2 0
131 2 222
131 2 0
131 2 0
131 2 0
132 2 0
132 2 22
132 2 566
132 2 0
132 2 0
132 2 765
132 2 165
132 2 0
133 1 0
133 1 277
133 1 914
133 1 56
133 1 739
133 1 0
133 1 0
133 1 0
133 1 0
134 1 0
134 1 449
134 1 893
134 1 747
134 1 597
134 1 517
134 1 286
134 1 486
134 1 915
134 1 0
134 1 0
134 1 0
134 1 0
135 2 0
135 2 32
135 2 210
135 2 108
135 2 49
135 2 632
135 2 0
135 2 0
135 2 0
135 2 0
136 2 0
136 2 725
136 2 0
136 2 0
136 2 786
136 2 0
136 2 0
136 2 0
137 1 0
137 1 243
137 1 684
137 1 0
137 1 0
137 1 0
137 1 0
138 2 0
138 2 370
138 2 636
138 2 244
138 2 946
138 2 353
138 2 361
138 2 0
138 2 0
138 2 0
138 2 0
139 2 0
139 2 15
139 2 325
139 2 0
139 2 0
139 2 201
139 2 0
140 1 0
140 1 184
140 1 194
140 1 674
140 1 0
140 1 0
140 1 0
140 1 0
141 1 0
141 1 733
141 1 61
141 1 631
141 1 533
141 1 0
141 1 0
141 1 0
141 1 0
142 1 0
142 1 224
142 1 129
142 1 227
142 1 117
142 1 0
142 1 0
142 1 0
142 1 0
143 2 0
143 2 643
143 2 0
143 2 0
143 2 745
143 2 0
143 2 0
143 2 588
143 2 845
143 2 0
144 1 0
144 1 176
144 1 197
144 1 139
144 1 892
144 1 138
144 1 0
144 1 0
144 1 0
144 1 0
145 2 0
145 2 993
145 2 737
145 2 858
145 2 0
145 2 0
146 1 0
146 1 556
146 1 979
146 1 0
146 1 0
146 1 0
146 1 0
147 2 0
147 2 155
147 2 618
147 2 0
147 2 0
147 2 506
147 2 0
148 2 0
148 2 131
148 2 249
148 2 268
148 2 21
148 2 0
148 2 0
148 2 0
148 2 0
149 2 0
149 2 368
149 2 174
149 2 132
149 2 769
149 2 963
149 2 443
149 2 427
149 2 0
149 2 0
149 2 0
149 2 0
150 2 0
150 2 120
150 2 403
150 2 851
150 2 931
150 2 358
150 2 696
150 2 0
150 2 0
150 2 0
150 2 0
151 2 0
151 2 267
151 2 549
151 2 552
151 2 252
151 2 378
151 2 585
151 2 0
151 2 0
151 2 0
151 2 0
152 2 0
152 2 704
152 2 639
152 2 386
152 2 0
153 2 0
153 2 55
153 2 599
153 2 879
153 2 0
153 2 0
154 1 0
154 1 333
154 1 363
154 1 375
154 1 836
154 1 3
154 1 0
154 1 0
154 1 0
154 1 0
155 1 0
155 1 959
155 1 671
155 1 952
155 1 75
155 1 76
155 1 0
155 1 0
156 2 0
156 2 451
156 2 241
156 2 0
157 2 0
157 2 103
157 2 261
157 2 16
157 2 388
157 2 766
157 2 0
157 2 0
157 2 0
157 2 0
158 1 0
158 1 100
158 1 347
158 1 623
158 1 864
158 1 547
158 1 0
158 1 0
159 1 0
159 1 770
159 1 0
159 1 0
159 1 0
159 1 499
159 1 0
159 1 0
159 1 0
159 1 0
160 1 0
160 1 372
160 1 169
160 1 0
160 1 0
161 1 0
161 1 256
161 1 215
161 1 567
161 1 528
161 1 228
161 1 0
161 1 0
161 1 0
161 1 0
162 2 0
162 2 362
162 2 96
162 2 0
163 2 0
163 2 379
163 2 343
163 2 452
163 2 926
163 2 0
163 2 0
163 2 0
163 2 0
164 2 0
164 2 901
164 2 768
164 2 350
164 2 0
164 2 0
164 2 0
164 2 0
165 2 0
165 2 483
165 2 821
165 2 258
165 2 62
165 2 121
165 2 519
165 2 206
165 2 0
165 2 0
165 2 0
165 2 0
166 2 0
166 2 159
166 2 575
166 2 637
166 2 1
166 2 0
166 2 0
166 2 0
166 2 0
167 1 0
167 1 52
167 1 804
167 1 0
167 1 0
167 1 0
167 1 711
167 1 0
167 1 0
168 2 0
168 2 115
168 2 878
168 2 592
168 2 213
168 2 285
168 2 594
168 2 584
168 2 0
168 2 0
168 2 0
168 2 0
169 1 0
169 1 344
169 1 787
169 1 889
169 1 0
169 1 0
169 1 0
169 1 0
170 1 0
170 1 713
170 1 774
170 1 315
170 1 0
170 1 0
171 1 0
171 1 20
171 1 444
171 1 147
171 1 736
171 1 0
171 1 0
171 1 0
171 1 29
171 1 0
172 2 0
172 2 203
172 2 405
172 2 390
172 2 239
172 2 537
172 2 337
172 2 0
172 2 0
172 2 0
172 2 0
173 2 0
173 2 225
173 2 968
173 2 583
173 2 935
173 2 762
173 2 469
173 2 572
173 2 235
173 2 0
173 2 0
174 1 0
174 1 111
174 1 933
174 1 500
174 1 192
174 1 0
174 1 0
174 1 0
174 1 2
174 1 0
175 1 0
175 1 422
175 1 302
175 1 833
175 1 658
175 1 300
175 1 0
175 1 33
175 1 0
176 2 0
176 2 312
176 2 70
176 2 687
176 2 48
176 2 110
176 2 896
176 2 0
176 2 0
176 2 0
176 2 0
177 2 0
177 2 355
177 2 26
177 2 39
177 2 527
177 2 19
177 2 957
177 2 869
177 2 0
177 2 0
178 2 0
178 2 795
178 2 702
178 2 888
178 2 0
178 2 0
178 2 0
178 2 0
179 2 0
179 2 262
179 2 780
179 2 50
179 2 51
179 2 0
179 2 0
179 2 0
179 2 0
180 1 0
180 1 234
180 1 956
180 1 775
180 1 0
180 1 0
180 1 0
180 1 439
180 1 0
180 1 0
181 2 0
181 2 487
181 2 886
181 2 958
181 2 359
181 2 77
181 2 0
181 2 0
181 2 0
181 2 0
182 1 0
182 1 0
183 2 0
183 2 822
183 2 0
183 2 0
183 2 0
183 2 0
184 1 0
184 1 729
184 1 987
184 1 0
184 1 0
184 1 0
184 1 297
184 1 65
184 1 0
184 1 0
185 2 0
185 2 521
185 2 551
185 2 395
185 2 371
185 2 0
185 2 0
186 1 0
186 1 431
186 1 708
186 1 274
186 1 0
186 1 0
187 1 0
187 1 614
187 1 731
187 1 620
187 1 0
187 1 0
188 1 0
188 1 280
188 1 260
188 1 0
188 1 0
188 1 0
188 1 0
189 1 0
189 1 688
189 1 179
189 1 985
189 1 0
189 1 270
189 1 0
189 1 0
189 1 0
189 1 0
190 1 0
190 1 143
190 1 474
190 1 0
190 1 231
190 1 219
190 1 0
190 1 0
190 1 0
190 1 0
191 1 0
191 1 185
191 1 67
191 1 0
191 1 0
191 1 0
191 1 209
191 1 0
191 1 0
192 1 0
192 1 540
192 1 424
192 1 421
192 1 0
192 1 195
192 1 0
192 1 0
192 1 0
193 2 0
193 2 152
193 2 12
193 2 0
193 2 0
194 2 0
194 2 89
194 2 0
195 1 0
195 1 13
195 1 0
195 1 0
