total cost: 346270
1 2 0
1 2 553
1 2 288
1 2 767
1 2 0
1 2 0
1 2 616
1 2 180
1 2 257
1 2 932
1 2 0
2 2 0
2 2 220
2 2 802
2 2 577
2 2 408
2 2 801
2 2 0
2 2 0
2 2 307
2 2 790
2 2 0
2 2 0
2 2 141
2 2 0
3 2 0
3 2 539
3 2 462
3 2 813
3 2 693
3 2 754
3 2 974
3 2 716
3 2 525
3 2 0
3 2 0
3 2 0
4 1 0
4 1 645
4 1 865
4 1 189
4 1 428
4 1 0
4 1 0
4 1 793
4 1 654
4 1 652
4 1 504
4 1 0
5 1 0
5 1 605
5 1 856
5 1 593
5 1 602
5 1 284
5 1 759
5 1 0
5 1 0
5 1 612
5 1 0
6 2 0
6 2 463
6 2 354
6 2 442
6 2 710
6 2 717
6 2 94
6 2 732
6 2 600
6 2 0
6 2 0
6 2 0
7 2 0
7 2 254
7 2 57
7 2 843
7 2 423
7 2 798
7 2 468
7 2 380
7 2 205
7 2 114
7 2 0
8 1 0
8 1 281
8 1 532
8 1 489
8 1 440
8 1 391
8 1 304
8 1 476
8 1 0
8 1 0
8 1 0
9 1 0
9 1 954
9 1 0
10 2 0
10 2 749
10 2 689
10 2 319
10 2 544
10 2 8
10 2 535
10 2 0
11 1 0
11 1 170
11 1 911
11 1 700
11 1 783
11 1 641
11 1 742
11 1 0
12 2 0
12 2 37
12 2 389
12 2 855
12 2 232
12 2 512
12 2 397
12 2 269
12 2 0
13 1 0
13 1 0
14 2 0
14 2 154
14 2 14
14 2 0
14 2 0
14 2 454
14 2 919
14 2 475
14 2 799
14 2 0
15 2 0
15 2 947
15 2 501
15 2 899
15 2 237
15 2 975
15 2 0
15 2 0
15 2 401
15 2 229
15 2 0
16 2 0
16 2 4
16 2 831
16 2 250
16 2 101
16 2 922
16 2 217
16 2 470
16 2 897
16 2 815
16 2 360
16 2 0
17 1 0
17 1 459
17 1 714
17 1 293
17 1 0
18 2 0
18 2 478
18 2 473
18 2 863
18 2 609
18 2 0
18 2 0
18 2 164
18 2 171
18 2 477
18 2 0
19 1 0
19 1 763
19 1 400
19 1 7
19 1 543
19 1 992
19 1 437
19 1 40
19 1 246
19 1 0
19 1 0
19 1 0
20 1 0
20 1 283
20 1 124
20 1 510
20 1 356
20 1 0
21 1 0
21 1 92
21 1 216
21 1 418
21 1 323
21 1 178
21 1 208
21 1 0
21 1 0
21 1 0
22 2 0
22 2 161
22 2 650
22 2 885
22 2 776
22 2 0
23 2 0
23 2 841
23 2 826
23 2 682
23 2 531
23 2 106
23 2 64
23 2 967
23 2 923
23 2 436
23 2 0
23 2 0
23 2 0
24 2 0
24 2 570
24 2 264
24 2 810
24 2 276
24 2 784
24 2 86
24 2 0
24 2 0
24 2 0
25 2 0
25 2 565
25 2 850
25 2 58
25 2 871
25 2 338
25 2 204
25 2 563
25 2 964
25 2 940
25 2 0
25 2 0
25 2 0
26 2 0
26 2 291
26 2 542
26 2 45
26 2 399
26 2 680
26 2 990
26 2 873
26 2 844
26 2 0
26 2 0
26 2 0
27 2 0
27 2 846
27 2 335
27 2 63
27 2 524
27 2 785
27 2 0
27 2 0
27 2 0
28 2 0
28 2 820
28 2 925
28 2 9
28 2 324
28 2 648
28 2 0
28 2 0
28 2 591
28 2 0
29 2 0
29 2 866
29 2 741
29 2 107
29 2 721
29 2 678
29 2 508
29 2 200
29 2 0
30 2 0
30 2 816
30 2 113
30 2 910
30 2 868
30 2 349
30 2 0
30 2 0
30 2 590
30 2 949
30 2 692
30 2 0
31 2 0
31 2 128
31 2 715
31 2 781
31 2 425
31 2 84
31 2 709
31 2 757
31 2 0
31 2 0
31 2 0
32 2 0
32 2 158
32 2 541
32 2 36
32 2 939
32 2 255
32 2 980
32 2 724
32 2 0
32 2 0
32 2 0
33 1 0
33 1 54
33 1 511
33 1 902
33 1 292
33 1 0
33 1 0
33 1 807
33 1 472
33 1 0
34 2 0
34 2 738
34 2 796
34 2 644
34 2 608
34 2 447
34 2 0
34 2 0
34 2 561
34 2 520
34 2 0
35 1 0
35 1 907
35 1 446
35 1 538
35 1 580
35 1 808
35 1 676
35 1 852
35 1 0
35 1 0
35 1 0
36 1 0
36 1 529
36 1 603
36 1 666
36 1 207
36 1 168
36 1 71
36 1 44
36 1 383
36 1 0
36 1 0
36 1 0
36 1 0
37 2 0
37 2 441
37 2 329
37 2 969
37 2 803
37 2 516
37 2 0
38 2 0
38 2 606
38 2 955
38 2 562
38 2 266
38 2 752
38 2 664
38 2 0
38 2 0
38 2 352
38 2 345
38 2 880
38 2 0
39 2 0
39 2 153
39 2 453
39 2 88
39 2 578
39 2 0
39 2 0
39 2 495
39 2 513
39 2 545
39 2 906
39 2 0
40 1 0
40 1 17
40 1 188
40 1 0
40 1 0
40 1 279
40 1 921
40 1 679
40 1 0
41 1 0
41 1 133
41 1 806
41 1 93
41 1 945
41 1 791
41 1 314
41 1 0
41 1 0
41 1 0
42 2 0
42 2 99
42 2 611
42 2 647
42 2 455
42 2 0
42 2 0
42 2 0
43 2 0
43 2 837
43 2 909
43 2 971
43 2 965
43 2 0
44 2 0
44 2 677
44 2 259
44 2 136
44 2 918
44 2 0
45 1 0
45 1 707
45 1 275
45 1 970
45 1 734
45 1 480
45 1 0
45 1 0
45 1 0
46 1 0
46 1 456
46 1 996
46 1 699
46 1 392
46 1 417
46 1 181
46 1 675
46 1 0
46 1 0
46 1 0
46 1 0
47 2 0
47 2 336
47 2 102
47 2 273
47 2 735
47 2 628
47 2 937
47 2 289
47 2 0
47 2 0
47 2 0
48 2 0
48 2 817
48 2 751
48 2 157
48 2 199
48 2 485
48 2 0
48 2 0
48 2 230
48 2 212
48 2 0
49 2 0
49 2 394
49 2 991
49 2 934
49 2 78
49 2 365
49 2 0
49 2 0
49 2 550
49 2 191
49 2 125
49 2 0
50 1 0
50 1 518
50 1 497
50 1 574
50 1 419
50 1 976
50 1 0
50 1 0
50 1 248
50 1 576
50 1 0
50 1 0
50 1 0
51 1 0
51 1 369
51 1 426
51 1 0
52 2 0
52 2 351
52 2 854
52 2 0
52 2 0
52 2 41
52 2 694
52 2 0
53 1 0
53 1 809
53 1 930
53 1 771
53 1 492
53 1 413
53 1 0
53 1 0
53 1 163
53 1 929
53 1 0
54 2 0
54 2 340
54 2 756
54 2 134
54 2 175
54 2 376
54 2 601
54 2 140
54 2 515
54 2 0
54 2 0
54 2 0
55 2 0
55 2 646
55 2 334
55 2 938
55 2 755
55 2 997
55 2 0
55 2 0
55 2 876
55 2 753
55 2 838
55 2 0
56 1 0
56 1 814
56 1 430
56 1 977
56 1 685
56 1 936
56 1 581
56 1 509
56 1 630
56 1 0
56 1 0
56 1 0
56 1 0
57 1 0
57 1 290
57 1 410
57 1 0
57 1 0
57 1 398
57 1 80
57 1 490
57 1 0
58 2 0
58 2 989
58 2 233
58 2 794
58 2 874
58 2 0
58 2 0
58 2 160
58 2 835
58 2 471
58 2 0
59 2 0
59 2 435
59 2 686
59 2 177
59 2 701
59 2 494
59 2 812
59 2 0
59 2 0
59 2 0
60 2 0
60 2 151
60 2 973
60 2 118
60 2 656
60 2 265
60 2 0
60 2 0
60 2 0
61 1 0
61 1 568
61 1 779
61 1 0
61 1 0
61 1 0
62 2 0
62 2 223
62 2 438
62 2 166
62 2 434
62 2 0
63 2 0
63 2 673
63 2 887
63 2 891
63 2 730
63 2 0
63 2 0
63 2 148
63 2 604
63 2 0
64 1 0
64 1 943
64 1 941
64 1 341
64 1 226
64 1 496
64 1 119
64 1 301
64 1 0
64 1 0
64 1 0
64 1 0
65 2 0
65 2 321
65 2 655
65 2 0
65 2 0
65 2 748
65 2 481
65 2 27
65 2 0
66 1 0
66 1 186
66 1 894
66 1 172
66 1 761
66 1 758
66 1 0
66 1 0
66 1 0
67 2 0
67 2 150
67 2 621
67 2 951
67 2 659
67 2 0
67 2 0
67 2 74
67 2 0
67 2 0
67 2 0
68 2 0
68 2 328
68 2 282
68 2 571
68 2 942
68 2 883
68 2 994
68 2 824
68 2 0
68 2 0
68 2 0
69 1 0
69 1 310
69 1 126
69 1 819
69 1 0
69 1 0
69 1 183
69 1 457
69 1 960
69 1 28
69 1 0
70 1 0
70 1 193
70 1 0
71 2 0
71 2 411
71 2 404
71 2 0
71 2 0
71 2 718
71 2 0
71 2 0
71 2 0
72 2 0
72 2 610
72 2 746
72 2 25
72 2 582
72 2 726
72 2 0
72 2 0
72 2 95
72 2 668
72 2 0
73 2 0
73 2 564
73 2 695
73 2 657
73 2 0
73 2 0
73 2 396
73 2 10
73 2 727
73 2 0
73 2 0
73 2 0
74 2 0
74 2 18
74 2 458
74 2 622
74 2 573
74 2 0
74 2 0
74 2 38
74 2 0
75 2 0
75 2 30
75 2 805
75 2 466
75 2 484
75 2 211
75 2 948
75 2 595
75 2 587
75 2 0
76 2 0
76 2 840
76 2 173
76 2 848
76 2 750
76 2 342
76 2 0
76 2 0
76 2 0
77 1 0
77 1 861
77 1 393
77 1 523
77 1 995
77 1 0
78 2 0
78 2 557
78 2 0
79 1 0
79 1 330
79 1 0
79 1 0
79 1 0
80 1 0
80 1 311
80 1 847
80 1 0
80 1 0
80 1 0
81 2 0
81 2 366
81 2 272
81 2 0
81 2 0
81 2 135
81 2 309
81 2 298
81 2 0
82 1 0
82 1 697
82 1 870
82 1 429
82 1 81
82 1 778
82 1 800
82 1 465
82 1 0
82 1 0
82 1 0
82 1 0
83 2 0
83 2 640
83 2 777
83 2 554
83 2 998
83 2 663
83 2 0
83 2 0
83 2 705
83 2 91
83 2 789
83 2 0
84 1 0
84 1 167
84 1 782
84 1 764
84 1 0
84 1 0
84 1 85
84 1 881
84 1 842
84 1 0
85 2 0
85 2 59
85 2 627
85 2 944
85 2 669
85 2 857
85 2 0
86 2 0
86 2 586
86 2 79
86 2 432
86 2 339
86 2 928
86 2 0
87 1 0
87 1 661
87 1 23
87 1 607
87 1 0
87 1 0
87 1 0
88 2 0
88 2 999
88 2 332
88 2 792
88 2 613
88 2 488
88 2 187
88 2 0
88 2 0
88 2 479
88 2 11
88 2 0
89 2 0
89 2 797
89 2 927
89 2 318
89 2 346
89 2 461
89 2 104
89 2 90
89 2 0
89 2 0
90 2 0
90 2 31
90 2 849
90 2 660
90 2 402
90 2 983
90 2 558
90 2 706
90 2 83
90 2 0
90 2 0
91 2 0
91 2 877
91 2 0
92 1 0
92 1 247
92 1 908
92 1 728
92 1 498
92 1 0
92 1 0
92 1 0
92 1 662
92 1 619
92 1 0
93 2 0
93 2 97
93 2 493
93 2 82
93 2 672
93 2 0
94 1 0
94 1 420
94 1 559
94 1 712
94 1 653
94 1 0
94 1 0
94 1 0
94 1 47
94 1 0
95 2 0
95 2 830
95 2 862
95 2 596
95 2 467
95 2 0
95 2 0
95 2 546
95 2 182
95 2 0
96 1 0
96 1 149
96 1 534
96 1 634
96 1 825
96 1 0
96 1 0
96 1 0
96 1 130
96 1 0
97 1 0
97 1 294
97 1 950
97 1 683
97 1 0
97 1 0
97 1 530
97 1 920
97 1 0
98 2 0
98 2 642
98 2 190
98 2 615
98 2 327
98 2 617
98 2 503
98 2 0
99 2 0
99 2 665
99 2 555
99 2 34
99 2 116
99 2 526
99 2 322
99 2 499
99 2 0
99 2 0
100 1 0
100 1 445
100 1 387
100 1 348
100 1 0
100 1 0
100 1 66
100 1 0
101 2 0
101 2 218
101 2 624
101 2 904
101 2 287
101 2 0
101 2 0
101 2 0
102 1 0
102 1 703
102 1 144
102 1 823
102 1 548
102 1 0
102 1 0
102 1 0
102 1 24
102 1 0
103 1 0
103 1 251
103 1 988
103 1 0
103 1 0
103 1 245
103 1 53
103 1 0
103 1 0
103 1 0
104 2 0
104 2 414
104 2 740
104 2 895
104 2 0
104 2 0
104 2 0
105 1 0
105 1 828
105 1 448
105 1 598
105 1 681
105 1 0
105 1 0
105 1 0
105 1 536
105 1 0
106 1 0
106 1 313
106 1 903
106 1 98
106 1 0
106 1 0
106 1 0
106 1 898
106 1 505
106 1 0
106 1 0
107 1 0
107 1 109
107 1 853
107 1 972
107 1 316
107 1 0
107 1 0
107 1 0
107 1 367
107 1 222
107 1 0
107 1 0
107 1 0
108 1 0
108 1 720
108 1 986
108 1 635
108 1 0
108 1 0
108 1 0
108 1 221
108 1 0
109 2 0
109 2 719
109 2 839
109 2 966
109 2 859
109 2 6
109 2 406
109 2 0
109 2 0
109 2 0
110 1 0
110 1 142
110 1 320
110 1 460
110 1 0
110 1 0
110 1 0
110 1 818
110 1 0
110 1 0
110 1 0
111 1 0
111 1 502
111 1 773
111 1 464
111 1 0
111 1 0
111 1 0
111 1 638
111 1 772
111 1 0
111 1 0
111 1 0
112 1 0
112 1 296
112 1 0
112 1 0
112 1 214
112 1 412
112 1 127
112 1 0
112 1 0
112 1 0
113 1 0
113 1 364
113 1 743
113 1 860
113 1 723
113 1 236
113 1 0
113 1 0
113 1 0
113 1 0
114 2 0
114 2 385
114 2 832
114 2 253
114 2 760
114 2 834
114 2 381
114 2 0
114 2 0
115 1 0
115 1 407
115 1 827
115 1 156
115 1 0
115 1 0
116 1 0
116 1 42
116 1 698
116 1 35
116 1 122
116 1 875
116 1 263
116 1 905
116 1 0
116 1 0
117 1 0
117 1 271
117 1 123
117 1 651
117 1 297
117 1 890
117 1 579
117 1 0
117 1 0
117 1 0
117 1 0
118 2 0
118 2 240
118 2 196
118 2 872
118 2 0
118 2 0
118 2 811
118 2 373
118 2 0
119 1 0
119 1 670
119 1 914
119 1 357
119 1 73
119 1 984
119 1 829
119 1 0
119 1 0
119 1 0
119 1 0
120 1 0
120 1 409
120 1 384
120 1 303
120 1 450
120 1 959
120 1 308
120 1 105
120 1 961
120 1 0
120 1 0
120 1 0
120 1 0
121 1 0
121 1 145
121 1 60
121 1 917
121 1 32
121 1 46
121 1 912
121 1 0
121 1 0
122 2 0
122 2 744
122 2 625
122 2 981
122 2 507
122 2 649
122 2 491
122 2 433
122 2 242
122 2 0
122 2 0
122 2 0
122 2 0
123 1 0
123 1 514
123 1 916
123 1 162
123 1 691
123 1 962
123 1 0
123 1 0
123 1 0
123 1 0
124 2 0
124 2 15
124 2 522
124 2 326
124 2 331
124 2 317
124 2 0
124 2 0
124 2 0
124 2 0
125 1 0
125 1 69
125 1 1000
125 1 0
125 1 0
125 1 0
126 2 0
126 2 722
126 2 482
126 2 379
126 2 768
126 2 159
126 2 671
126 2 629
126 2 952
126 2 75
126 2 0
126 2 0
127 2 0
127 2 765
127 2 913
127 2 87
127 2 0
127 2 0
127 2 0
128 2 0
128 2 982
128 2 953
128 2 633
128 2 56
128 2 560
128 2 858
128 2 0
128 2 0
129 2 0
129 2 374
129 2 788
129 2 137
129 2 978
129 2 0
129 2 0
129 2 0
129 2 588
129 2 415
129 2 0
130 2 0
130 2 22
130 2 566
130 2 867
130 2 0
130 2 0
130 2 305
130 2 68
130 2 0
131 1 0
131 1 277
131 1 690
131 1 845
131 1 993
131 1 0
131 1 0
131 1 0
131 1 0
132 2 0
132 2 786
132 2 0
132 2 0
132 2 0
133 2 0
133 2 382
133 2 49
133 2 632
133 2 0
133 2 0
133 2 0
134 2 0
134 2 626
134 2 0
134 2 0
134 2 0
135 2 0
135 2 377
135 2 325
135 2 0
135 2 0
135 2 165
135 2 0
136 1 0
136 1 449
136 1 893
136 1 747
136 1 597
136 1 517
136 1 286
136 1 486
136 1 915
136 1 0
136 1 0
136 1 0
136 1 0
137 1 0
137 1 5
137 1 268
137 1 0
137 1 0
137 1 0
137 1 0
138 2 0
138 2 725
138 2 0
138 2 0
138 2 506
138 2 201
138 2 386
138 2 0
138 2 0
139 1 0
139 1 243
139 1 684
139 1 884
139 1 0
139 1 0
139 1 0
139 1 372
139 1 0
139 1 0
139 1 0
140 1 0
140 1 370
140 1 636
140 1 244
140 1 946
140 1 353
140 1 0
140 1 0
140 1 0
140 1 0
141 2 0
141 2 745
141 2 0
141 2 0
141 2 556
141 2 0
142 2 0
142 2 184
142 2 194
142 2 924
142 2 549
142 2 0
142 2 0
142 2 0
142 2 202
142 2 146
142 2 0
143 2 0
143 2 224
143 2 238
143 2 198
143 2 129
143 2 0
143 2 0
143 2 0
143 2 112
143 2 0
144 1 0
144 1 733
144 1 61
144 1 631
144 1 533
144 1 0
144 1 0
144 1 0
144 1 0
145 2 0
145 2 643
145 2 674
145 2 100
145 2 623
145 2 882
145 2 0
145 2 0
145 2 0
145 2 0
146 2 0
146 2 176
146 2 197
146 2 241
146 2 599
146 2 836
146 2 585
146 2 0
146 2 0
147 1 0
147 1 569
147 1 979
147 1 0
147 1 0
147 1 0
147 1 0
148 2 0
148 2 155
148 2 618
148 2 0
148 2 0
148 2 0
149 1 0
149 1 131
149 1 249
149 1 267
149 1 0
149 1 0
149 1 0
149 1 451
149 1 252
149 1 0
149 1 0
150 2 0
150 2 368
150 2 174
150 2 444
150 2 147
150 2 26
150 2 889
150 2 774
150 2 0
150 2 0
150 2 0
150 2 0
151 1 0
151 1 416
151 1 117
151 1 878
151 1 206
151 1 519
151 1 121
151 1 0
151 1 0
151 1 0
151 1 0
152 1 0
152 1 120
152 1 21
152 1 851
152 1 931
152 1 358
152 1 0
152 1 0
152 1 0
152 1 0
153 2 0
153 2 210
153 2 901
153 2 285
153 2 0
153 2 0
154 1 0
154 1 704
154 1 737
154 1 0
154 1 0
155 2 0
155 2 55
155 2 552
155 2 378
155 2 375
155 2 0
155 2 0
156 2 0
156 2 333
156 2 363
156 2 892
156 2 139
156 2 138
156 2 110
156 2 0
156 2 0
157 1 0
157 1 72
157 1 228
157 1 963
157 1 443
157 1 711
157 1 0
157 1 0
157 1 0
157 1 0
158 1 0
158 1 362
158 1 667
158 1 76
158 1 0
158 1 0
159 1 0
159 1 103
159 1 261
159 1 769
159 1 388
159 1 766
159 1 0
159 1 0
159 1 0
159 1 0
160 1 0
160 1 770
160 1 0
160 1 0
160 1 0
160 1 299
160 1 169
160 1 0
160 1 0
161 2 0
161 2 900
161 2 343
161 2 350
161 2 0
161 2 0
161 2 0
161 2 0
162 2 0
162 2 256
162 2 215
162 2 567
162 2 528
162 2 361
162 2 427
162 2 278
162 2 0
162 2 0
162 2 0
162 2 0
163 1 0
163 1 639
163 1 739
163 1 65
163 1 0
163 1 0
164 2 0
164 2 209
164 2 96
164 2 0
165 1 0
165 1 227
165 1 347
165 1 115
165 1 452
165 1 0
165 1 0
165 1 0
165 1 295
165 1 0
165 1 0
166 2 0
166 2 483
166 2 575
166 2 933
166 2 637
166 2 0
166 2 0
166 2 0
166 2 0
167 1 0
167 1 52
167 1 804
167 1 0
167 1 0
167 1 0
167 1 344
167 1 787
167 1 431
167 1 0
167 1 0
168 1 0
168 1 713
168 1 702
168 1 315
168 1 0
168 1 0
169 1 0
169 1 403
169 1 302
169 1 833
169 1 658
169 1 0
169 1 0
169 1 0
169 1 0
170 2 0
170 2 20
170 2 132
170 2 39
170 2 50
170 2 572
170 2 527
170 2 235
170 2 0
170 2 0
171 2 0
171 2 203
171 2 821
171 2 258
171 2 62
171 2 405
171 2 696
171 2 879
171 2 0
171 2 0
171 2 0
171 2 0
172 1 0
172 1 795
172 1 0
172 1 0
172 1 0
172 1 0
173 2 0
173 2 225
173 2 926
173 2 3
173 2 896
173 2 864
173 2 620
173 2 0
173 2 0
173 2 0
173 2 0
174 1 0
174 1 111
174 1 487
174 1 1
174 1 213
174 1 0
174 1 0
174 1 0
174 1 43
174 1 0
175 1 0
175 1 422
175 1 312
175 1 687
175 1 300
175 1 537
175 1 0
175 1 0
175 1 0
175 1 0
176 1 0
176 1 16
176 1 736
176 1 500
176 1 762
176 1 0
176 1 0
176 1 0
176 1 0
177 1 0
177 1 592
177 1 390
177 1 239
177 1 583
177 1 0
177 1 0
177 1 0
177 1 0
178 1 0
178 1 355
178 1 306
178 1 589
178 1 0
178 1 0
178 1 0
178 1 547
178 1 0
178 1 0
179 2 0
179 2 70
179 2 67
179 2 968
179 2 935
179 2 337
179 2 731
179 2 0
179 2 0
179 2 0
179 2 0
180 1 0
180 1 439
180 1 888
180 1 0
180 1 0
181 1 0
181 1 280
181 1 594
181 1 0
181 1 0
181 1 0
181 1 0
182 1 0
182 1 262
182 1 780
182 1 0
182 1 0
182 1 0
182 1 260
182 1 231
182 1 0
182 1 0
183 1 0
183 1 234
183 1 956
183 1 775
183 1 0
183 1 0
183 1 0
183 1 0
184 1 0
184 1 0
185 1 0
185 1 0
186 2 0
186 2 822
186 2 0
186 2 0
186 2 0
186 2 0
187 2 0
187 2 729
187 2 987
187 2 421
187 2 0
187 2 0
187 2 0
187 2 0
188 1 0
188 1 521
188 1 584
188 1 551
188 1 0
188 1 0
189 1 0
189 1 886
189 1 958
189 1 179
189 1 51
189 1 0
189 1 270
189 1 0
189 1 0
189 1 0
189 1 0
190 1 0
190 1 614
190 1 192
190 1 0
190 1 0
190 1 0
190 1 0
191 1 0
191 1 688
191 1 540
191 1 985
191 1 0
191 1 219
191 1 395
191 1 0
191 1 0
191 1 0
191 1 0
192 1 0
192 1 143
192 1 474
192 1 0
192 1 0
192 1 0
192 1 195
192 1 371
192 1 12
192 1 0
192 1 0
193 1 0
193 1 185
193 1 424
193 1 48
193 1 0
193 1 469
193 1 0
193 1 0
193 1 0
193 1 0
194 2 0
194 2 77
194 2 359
194 2 957
194 2 869
194 2 0
194 2 0
195 2 0
195 2 19
195 2 708
195 2 274
195 2 0
195 2 0
196 1 0
196 1 152
196 1 0
196 1 0
197 2 0
197 2 108
197 2 0
198 1 0
198 1 89
198 1 0
199 1 0
199 1 33
199 1 0
200 2 0
200 2 29
200 2 0
201 1 0
201 1 13
201 1 0
201 1 0
202 1 0
202 1 2
202 1 0
