total cost: 336357
1 2 0
1 2 553
1 2 288
1 2 767
1 2 0
1 2 0
1 2 307
1 2 793
1 2 0
1 2 0
1 2 141
1 2 0
2 2 0
2 2 220
2 2 802
2 2 577
2 2 254
2 2 170
2 2 749
2 2 0
2 2 0
2 2 654
2 2 520
2 2 0
3 2 0
3 2 801
3 2 754
3 2 593
3 2 475
3 2 510
3 2 356
3 2 0
4 2 0
4 2 463
4 2 539
4 2 154
4 2 693
4 2 0
4 2 0
4 2 180
4 2 257
4 2 0
5 2 0
5 2 616
5 2 161
5 2 652
5 2 0
5 2 0
5 2 0
6 1 0
6 1 408
6 1 974
6 1 716
6 1 525
6 1 476
6 1 0
7 2 0
7 2 645
7 2 865
7 2 189
7 2 442
7 2 92
7 2 717
7 2 532
7 2 0
7 2 0
7 2 0
8 1 0
8 1 281
8 1 57
8 1 710
8 1 423
8 1 544
8 1 380
8 1 0
9 1 0
9 1 605
9 1 947
9 1 501
9 1 831
9 1 602
9 1 401
9 1 229
9 1 0
9 1 0
9 1 0
10 1 0
10 1 354
10 1 954
10 1 459
10 1 454
10 1 0
10 1 0
10 1 790
10 1 0
10 1 0
10 1 0
11 2 0
11 2 856
11 2 763
11 2 250
11 2 911
11 2 400
11 2 798
11 2 468
11 2 641
11 2 742
11 2 0
12 2 0
12 2 843
12 2 689
12 2 319
12 2 164
12 2 391
12 2 932
12 2 0
13 2 0
13 2 124
13 2 919
13 2 799
13 2 148
13 2 0
14 2 0
14 2 37
14 2 14
14 2 855
14 2 808
14 2 512
14 2 397
14 2 212
14 2 0
15 1 0
15 1 462
15 1 813
15 1 473
15 1 609
15 1 293
15 1 0
15 1 0
15 1 535
15 1 0
16 2 0
16 2 8
16 2 304
16 2 205
16 2 114
16 2 0
17 1 0
17 1 4
17 1 899
17 1 826
17 1 922
17 1 531
17 1 217
17 1 0
17 1 0
17 1 283
17 1 590
17 1 0
18 1 0
18 1 478
18 1 975
18 1 759
18 1 0
18 1 0
18 1 612
18 1 230
18 1 0
19 2 0
19 2 714
19 2 248
19 2 0
20 2 0
20 2 841
20 2 7
20 2 101
20 2 543
20 2 437
20 2 992
20 2 923
20 2 436
20 2 0
20 2 0
20 2 0
21 1 0
21 1 570
21 1 810
21 1 276
21 1 0
21 1 0
21 1 0
22 1 0
22 1 284
22 1 237
22 1 0
23 1 0
23 1 565
23 1 850
23 1 58
23 1 871
23 1 36
23 1 264
23 1 63
23 1 99
23 1 807
23 1 0
23 1 0
23 1 0
24 1 0
24 1 440
24 1 216
24 1 650
24 1 600
24 1 732
24 1 0
24 1 0
24 1 0
25 2 0
25 2 428
25 2 820
25 2 715
25 2 741
25 2 107
25 2 0
25 2 0
25 2 591
25 2 504
25 2 0
26 2 0
26 2 489
26 2 64
26 2 783
26 2 470
26 2 897
26 2 345
26 2 880
26 2 0
27 2 0
27 2 291
27 2 542
27 2 133
27 2 707
27 2 246
27 2 40
27 2 815
27 2 360
27 2 0
27 2 0
27 2 0
28 1 0
28 1 682
28 1 338
28 1 939
28 1 791
28 1 964
28 1 940
28 1 314
28 1 125
28 1 0
29 1 0
29 1 866
29 1 9
29 1 721
29 1 967
29 1 678
29 1 508
29 1 0
30 2 0
30 2 128
30 2 925
30 2 54
30 2 418
30 2 292
30 2 208
30 2 38
30 2 0
30 2 0
30 2 0
31 1 0
31 1 846
31 1 335
31 1 0
31 1 0
31 1 171
31 1 477
31 1 0
32 1 0
32 1 816
32 1 863
32 1 868
32 1 910
32 1 524
32 1 0
32 1 0
32 1 561
32 1 0
33 1 0
33 1 113
33 1 529
33 1 738
33 1 907
33 1 349
33 1 0
33 1 0
33 1 352
33 1 0
34 2 0
34 2 389
34 2 580
34 2 538
34 2 446
34 2 495
34 2 949
34 2 692
34 2 852
34 2 0
35 1 0
35 1 158
35 1 541
35 1 204
35 1 392
35 1 563
35 1 945
35 1 0
35 1 0
35 1 0
36 1 0
36 1 17
36 1 323
36 1 178
36 1 885
36 1 0
37 2 0
37 2 700
37 2 106
37 2 93
37 2 259
37 2 191
37 2 0
38 1 0
38 1 441
38 1 666
38 1 232
38 1 676
38 1 168
38 1 803
38 1 0
38 1 0
38 1 0
39 1 0
39 1 606
39 1 955
39 1 562
39 1 266
39 1 399
39 1 680
39 1 990
39 1 873
39 1 844
39 1 223
39 1 0
39 1 0
40 2 0
40 2 153
40 2 394
40 2 603
40 2 0
40 2 0
40 2 279
40 2 255
40 2 980
40 2 74
40 2 724
40 2 0
41 1 0
41 1 472
41 1 785
41 1 0
41 1 0
41 1 0
42 1 0
42 1 677
42 1 181
42 1 0
43 1 0
43 1 837
43 1 909
43 1 0
44 2 0
44 2 784
44 2 86
44 2 0
45 1 0
45 1 550
45 1 0
46 2 0
46 2 269
46 2 0
47 2 0
47 2 456
47 2 102
47 2 610
47 2 574
47 2 419
47 2 621
47 2 944
47 2 669
47 2 0
47 2 0
47 2 0
48 2 0
48 2 921
48 2 351
48 2 455
48 2 0
48 2 0
48 2 0
49 1 0
49 1 45
49 1 809
49 1 430
49 1 334
49 1 755
49 1 800
49 1 778
49 1 0
49 1 0
49 1 0
49 1 0
50 1 0
50 1 336
50 1 369
50 1 854
50 1 0
50 1 0
50 1 679
50 1 576
50 1 0
51 1 0
51 1 817
51 1 157
51 1 199
51 1 324
51 1 0
51 1 0
51 1 0
52 1 0
52 1 0
53 1 0
53 1 0
54 1 0
54 1 0
55 1 0
55 1 0
56 2 0
56 2 608
56 2 513
56 2 906
56 2 545
56 2 0
56 2 0
56 2 0
57 2 0
57 2 806
57 2 814
57 2 136
57 2 41
57 2 200
57 2 0
58 2 0
58 2 435
58 2 686
58 2 160
58 2 0
58 2 0
58 2 0
59 1 0
59 1 796
59 1 644
59 1 329
59 1 934
59 1 207
59 1 969
59 1 44
59 1 516
59 1 0
59 1 0
59 1 0
59 1 0
60 2 0
60 2 163
60 2 753
60 2 0
61 1 0
61 1 518
61 1 497
61 1 404
61 1 0
61 1 0
61 1 611
61 1 647
61 1 289
61 1 135
61 1 0
61 1 0
61 1 0
62 2 0
62 2 664
62 2 410
62 2 290
62 2 0
62 2 0
62 2 95
62 2 0
63 1 0
63 1 752
63 1 310
63 1 748
63 1 581
63 1 0
63 1 0
63 1 0
64 2 0
64 2 130
64 2 0
64 2 0
64 2 0
65 2 0
65 2 648
65 2 485
65 2 151
65 2 970
65 2 734
65 2 965
65 2 24
65 2 0
66 2 0
66 2 699
66 2 996
66 2 870
66 2 81
66 2 628
66 2 937
66 2 211
66 2 761
66 2 595
66 2 0
66 2 0
66 2 0
67 1 0
67 1 340
67 1 781
67 1 188
67 1 425
67 1 776
67 1 668
67 1 0
67 1 0
67 1 0
68 2 0
68 2 398
68 2 0
69 2 0
69 2 646
69 2 697
69 2 272
69 2 0
69 2 0
69 2 876
69 2 718
69 2 0
69 2 0
69 2 0
70 1 0
70 1 989
70 1 751
70 1 673
70 1 0
70 1 0
70 1 166
70 1 438
70 1 0
71 2 0
71 2 902
71 2 84
71 2 709
71 2 757
71 2 0
72 1 0
72 1 275
72 1 434
72 1 936
72 1 630
72 1 0
72 1 0
72 1 0
73 2 0
73 2 568
73 2 918
73 2 309
73 2 675
73 2 0
74 1 0
74 1 94
74 1 80
74 1 0
75 1 0
75 1 447
75 1 840
75 1 0
75 1 0
75 1 47
75 1 0
76 1 0
76 1 943
76 1 18
76 1 887
76 1 0
76 1 0
76 1 43
76 1 694
76 1 0
77 2 0
77 2 511
77 2 777
77 2 663
77 2 79
77 2 586
77 2 904
77 2 0
77 2 0
77 2 0
78 1 0
78 1 233
78 1 794
78 1 134
78 1 175
78 1 376
78 1 601
78 1 140
78 1 515
78 1 0
78 1 0
78 1 0
78 1 0
79 1 0
79 1 321
79 1 701
79 1 177
79 1 218
79 1 490
79 1 835
79 1 471
79 1 0
79 1 0
79 1 0
79 1 0
80 2 0
80 2 756
80 2 420
80 2 998
80 2 554
80 2 624
80 2 847
80 2 812
80 2 287
80 2 0
80 2 0
80 2 0
80 2 0
81 1 0
81 1 186
81 1 484
81 1 172
81 1 948
81 1 0
82 2 0
82 2 150
82 2 894
82 2 0
83 1 0
83 1 193
83 1 426
83 1 0
84 2 0
84 2 328
84 2 771
84 2 492
84 2 413
84 2 0
84 2 0
84 2 971
84 2 480
84 2 28
84 2 0
85 1 0
85 1 226
85 1 973
85 1 0
85 1 0
85 1 33
85 1 779
85 1 0
86 2 0
86 2 411
86 2 247
86 2 190
86 2 0
86 2 0
86 2 183
86 2 960
86 2 0
87 1 0
87 1 930
87 1 977
87 1 396
87 1 685
87 1 656
87 1 509
87 1 0
87 1 0
87 1 0
88 2 0
88 2 564
88 2 365
88 2 929
88 2 705
88 2 91
88 2 0
88 2 0
88 2 0
89 2 0
89 2 941
89 2 282
89 2 819
89 2 730
89 2 0
89 2 0
89 2 417
89 2 0
90 1 0
90 1 273
90 1 797
90 1 805
90 1 466
90 1 758
90 1 587
90 1 0
90 1 0
90 1 0
90 1 0
91 2 0
91 2 30
91 2 660
91 2 25
91 2 582
91 2 726
91 2 83
91 2 415
91 2 201
91 2 0
91 2 0
91 2 0
91 2 0
92 1 0
92 1 604
92 1 383
92 1 0
93 1 0
93 1 861
93 1 393
93 1 457
93 1 119
93 1 0
94 1 0
94 1 557
94 1 494
94 1 311
94 1 0
95 1 0
95 1 366
95 1 938
95 1 493
95 1 97
95 1 0
95 1 0
95 1 29
95 1 27
95 1 11
95 1 0
96 2 0
96 2 640
96 2 559
96 2 555
96 2 34
96 2 655
96 2 0
96 2 0
96 2 481
96 2 0
97 1 0
97 1 167
97 1 782
97 1 997
97 1 465
97 1 881
97 1 0
97 1 0
97 1 0
98 2 0
98 2 695
98 2 657
98 2 703
98 2 0
98 2 0
98 2 118
98 2 496
98 2 0
99 2 0
99 2 59
99 2 173
99 2 659
99 2 848
99 2 838
99 2 750
99 2 342
99 2 0
100 2 0
100 2 999
100 2 891
100 2 341
100 2 571
100 2 883
100 2 942
100 2 994
100 2 824
100 2 0
100 2 0
100 2 0
101 1 0
101 1 429
101 1 988
101 1 927
101 1 318
101 1 0
101 1 0
101 1 877
101 1 298
101 1 0
102 1 0
102 1 31
102 1 849
102 1 385
102 1 832
102 1 122
102 1 983
102 1 558
102 1 706
102 1 0
102 1 0
103 2 0
103 2 735
103 2 0
104 2 0
104 2 85
104 2 842
104 2 0
105 1 0
105 1 764
105 1 294
105 1 683
105 1 0
105 1 0
105 1 662
105 1 857
105 1 0
106 1 0
106 1 746
106 1 502
106 1 346
106 1 461
106 1 46
106 1 104
106 1 0
106 1 0
107 2 0
107 2 874
107 2 828
107 2 0
107 2 0
107 2 661
107 2 66
107 2 0
108 2 0
108 2 453
108 2 88
108 2 991
108 2 578
108 2 627
108 2 23
108 2 898
108 2 607
108 2 789
108 2 0
108 2 0
108 2 0
108 2 0
109 1 0
109 1 458
109 1 534
109 1 792
109 1 332
109 1 622
109 1 187
109 1 0
109 1 0
109 1 0
109 1 0
110 2 0
110 2 951
110 2 144
110 2 245
110 2 414
110 2 53
110 2 619
110 2 895
110 2 0
110 2 0
110 2 0
110 2 0
111 1 0
111 1 830
111 1 126
111 1 596
111 1 214
111 1 0
111 1 0
111 1 546
111 1 182
111 1 0
112 2 0
112 2 149
112 2 613
112 2 320
112 2 460
112 2 0
112 2 0
112 2 479
112 2 727
112 2 0
112 2 0
112 2 0
113 1 0
113 1 642
113 1 908
113 1 728
113 1 498
113 1 548
113 1 503
113 1 381
113 1 617
113 1 0
113 1 0
113 1 0
113 1 0
114 1 0
114 1 78
114 1 71
114 1 221
114 1 505
114 1 0
114 1 0
114 1 0
114 1 0
115 1 0
115 1 445
115 1 348
115 1 165
115 1 920
115 1 0
115 1 0
115 1 0
116 2 0
116 2 665
116 2 712
116 2 653
116 2 116
116 2 526
116 2 339
116 2 0
116 2 0
116 2 0
116 2 0
117 2 0
117 2 251
117 2 950
117 2 467
117 2 82
117 2 0
117 2 0
117 2 0
118 1 0
118 1 672
118 1 265
118 1 0
118 1 0
118 1 0
119 2 0
119 2 10
119 2 406
119 2 0
120 1 0
120 1 720
120 1 773
120 1 98
120 1 0
120 1 0
120 1 0
120 1 536
120 1 0
121 2 0
121 2 313
121 2 903
121 2 0
121 2 0
121 2 976
121 2 875
121 2 506
121 2 0
121 2 0
121 2 0
122 2 0
122 2 109
122 2 853
122 2 825
122 2 387
122 2 0
122 2 0
122 2 530
122 2 638
122 2 772
122 2 0
123 2 0
123 2 719
123 2 573
123 2 839
123 2 60
123 2 6
123 2 89
123 2 433
123 2 242
123 2 146
123 2 0
123 2 0
123 2 0
123 2 0
124 2 0
124 2 142
124 2 634
124 2 972
124 2 978
124 2 325
124 2 176
124 2 5
124 2 569
124 2 68
124 2 0
124 2 0
124 2 0
124 2 0
125 2 0
125 2 296
125 2 0
125 2 0
125 2 818
125 2 301
125 2 626
125 2 0
125 2 0
125 2 0
126 1 0
126 1 862
126 1 744
126 1 364
126 1 145
126 1 917
126 1 0
126 1 0
126 1 0
126 1 0
127 1 0
127 1 271
127 1 327
127 1 615
127 1 253
127 1 651
127 1 0
127 1 0
127 1 0
127 1 0
128 1 0
128 1 432
128 1 928
128 1 0
129 2 0
129 2 407
129 2 827
129 2 156
129 2 823
129 2 0
129 2 0
129 2 112
129 2 0
130 2 0
130 2 488
130 2 995
130 2 786
130 2 0
130 2 0
130 2 0
131 2 0
131 2 42
131 2 698
131 2 35
131 2 263
131 2 760
131 2 579
131 2 984
131 2 829
131 2 295
131 2 0
131 2 0
132 2 0
132 2 240
132 2 249
132 2 0
132 2 0
132 2 811
132 2 317
132 2 0
133 2 0
133 2 32
133 2 236
133 2 382
133 2 90
133 2 0
134 2 0
134 2 523
134 2 1000
134 2 69
134 2 305
134 2 0
135 2 0
135 2 670
135 2 277
135 2 357
135 2 834
135 2 0
136 1 0
136 1 409
136 1 743
136 1 860
136 1 723
136 1 912
136 1 0
136 1 0
137 1 0
137 1 740
137 1 0
138 1 0
138 1 384
138 1 0
138 1 0
138 1 15
138 1 322
138 1 499
138 1 0
138 1 0
139 1 0
139 1 127
139 1 0
140 1 0
140 1 514
140 1 123
140 1 73
140 1 0
140 1 0
141 1 0
141 1 402
141 1 636
141 1 733
141 1 635
141 1 632
141 1 737
141 1 0
141 1 0
141 1 0
141 1 0
142 1 0
142 1 588
142 1 993
142 1 905
142 1 0
142 1 0
143 1 0
143 1 448
143 1 196
143 1 131
143 1 522
143 1 872
143 1 331
143 1 326
143 1 0
143 1 0
143 1 0
143 1 0
144 2 0
144 2 681
144 2 598
144 2 373
144 2 979
144 2 0
144 2 0
144 2 0
145 2 0
145 2 722
145 2 986
145 2 464
145 2 370
145 2 450
145 2 0
145 2 0
145 2 0
145 2 412
145 2 0
146 2 0
146 2 982
146 2 368
146 2 914
146 2 713
146 2 795
146 2 0
146 2 0
146 2 0
146 2 0
147 2 0
147 2 374
147 2 788
147 2 137
147 2 316
147 2 867
147 2 0
147 2 0
147 2 0
147 2 0
148 2 0
148 2 22
148 2 884
148 2 566
148 2 268
148 2 0
148 2 0
148 2 222
148 2 0
148 2 0
148 2 0
149 1 0
149 1 765
149 1 0
149 1 0
149 1 0
150 1 0
150 1 690
150 1 916
150 1 56
150 1 162
150 1 962
150 1 633
150 1 0
150 1 0
151 2 0
151 2 367
151 2 0
151 2 0
151 2 0
152 1 0
152 1 377
152 1 267
152 1 0
152 1 0
152 1 0
152 1 0
153 2 0
153 2 913
153 2 87
153 2 0
153 2 0
153 2 0
154 2 0
154 2 449
154 2 194
154 2 893
154 2 597
154 2 549
154 2 286
154 2 486
154 2 915
154 2 252
154 2 241
154 2 55
154 2 0
154 2 0
154 2 0
154 2 0
155 2 0
155 2 372
155 2 882
155 2 0
156 1 0
156 1 725
156 1 0
156 1 0
156 1 330
156 1 0
157 2 0
157 2 625
157 2 224
157 2 981
157 2 507
157 2 649
157 2 491
157 2 299
157 2 0
157 2 0
158 2 0
158 2 243
158 2 120
158 2 747
158 2 0
158 2 0
158 2 745
158 2 0
158 2 0
158 2 0
159 1 0
159 1 303
159 1 482
159 1 308
159 1 105
159 1 671
159 1 961
159 1 629
159 1 0
159 1 0
160 1 0
160 1 184
160 1 859
160 1 0
160 1 0
160 1 0
160 1 556
160 1 0
160 1 0
160 1 0
161 2 0
161 2 643
161 2 674
161 2 924
161 2 117
161 2 0
161 2 0
161 2 0
161 2 0
162 1 0
162 1 966
162 1 238
162 1 900
162 1 210
162 1 667
162 1 96
162 1 0
162 1 0
162 1 0
162 1 0
163 1 0
163 1 198
163 1 129
163 1 227
163 1 878
163 1 0
163 1 0
163 1 0
163 1 0
164 2 0
164 2 451
164 2 0
165 2 0
165 2 155
165 2 618
165 2 333
165 2 552
165 2 0
165 2 0
165 2 0
165 2 0
166 1 0
166 1 684
166 1 422
166 1 21
166 1 197
166 1 687
166 1 0
166 1 0
166 1 0
166 1 0
167 1 0
167 1 416
167 1 623
167 1 378
167 1 585
167 1 879
167 1 836
167 1 0
167 1 0
167 1 0
167 1 0
168 2 0
168 2 362
168 2 49
168 2 386
168 2 0
169 2 0
169 2 704
169 2 639
169 2 0
170 1 0
170 1 72
170 1 901
170 1 959
170 1 209
170 1 75
170 1 76
170 1 0
170 1 0
171 1 0
171 1 297
171 1 890
171 1 858
171 1 0
171 1 0
172 1 0
172 1 61
172 1 631
172 1 946
172 1 353
172 1 361
172 1 0
172 1 0
172 1 0
172 1 0
173 2 0
173 2 103
173 2 244
173 2 567
173 2 528
173 2 443
173 2 963
173 2 427
173 2 344
173 2 0
173 2 0
174 2 0
174 2 517
174 2 347
174 2 225
174 2 519
174 2 696
174 2 3
174 2 599
174 2 375
174 2 0
174 2 0
175 1 0
175 1 100
175 1 864
175 1 0
175 1 0
176 2 0
176 2 770
176 2 403
176 2 851
176 2 931
176 2 363
176 2 0
176 2 0
176 2 0
176 2 845
176 2 0
177 1 0
177 1 256
177 1 215
177 1 691
177 1 306
177 1 0
177 1 0
177 1 0
177 1 0
178 1 0
178 1 379
178 1 768
178 1 159
178 1 343
178 1 0
178 1 0
178 1 0
178 1 0
179 1 0
179 1 953
179 1 174
179 1 355
179 1 769
179 1 0
179 1 0
179 1 0
179 1 0
180 2 0
180 2 711
180 2 739
180 2 787
180 2 0
180 2 0
181 1 0
181 1 202
181 1 169
181 1 0
181 1 0
182 1 0
182 1 483
182 1 452
182 1 258
182 1 926
182 1 0
182 1 0
182 1 0
182 1 0
183 1 0
183 1 52
183 1 592
183 1 575
183 1 0
183 1 0
183 1 0
183 1 195
183 1 0
184 1 0
184 1 115
184 1 821
184 1 206
184 1 358
184 1 0
184 1 0
184 1 0
184 1 0
185 2 0
185 2 228
185 2 350
185 2 0
185 2 0
185 2 0
185 2 0
186 2 0
186 2 560
186 2 439
186 2 822
186 2 0
186 2 0
186 2 0
186 2 0
187 2 0
187 2 20
187 2 132
187 2 444
187 2 147
187 2 26
187 2 889
187 2 0
187 2 0
187 2 0
187 2 0
188 2 0
188 2 203
188 2 234
188 2 405
188 2 239
188 2 337
188 2 537
188 2 300
188 2 0
188 2 0
188 2 0
188 2 0
189 2 0
189 2 285
189 2 121
189 2 896
189 2 547
189 2 231
189 2 620
189 2 0
189 2 0
189 2 0
189 2 0
190 1 0
190 1 261
190 1 736
190 1 766
190 1 0
190 1 0
190 1 0
190 1 952
190 1 0
190 1 0
190 1 0
190 1 0
191 1 0
191 1 111
191 1 933
191 1 0
191 1 0
191 1 0
191 1 280
191 1 892
191 1 138
191 1 0
191 1 0
192 1 0
192 1 533
192 1 637
192 1 0
192 1 0
192 1 0
192 1 152
192 1 0
193 2 0
193 2 312
193 2 302
193 2 614
193 2 833
193 2 48
193 2 13
193 2 0
193 2 0
194 2 0
194 2 70
194 2 67
194 2 658
194 2 583
194 2 935
194 2 731
194 2 584
194 2 0
194 2 0
194 2 0
194 2 0
195 1 0
195 1 16
195 1 388
195 1 262
195 1 0
195 1 0
195 1 0
195 1 139
195 1 0
195 1 0
196 2 0
196 2 1
196 2 886
196 2 500
196 2 469
196 2 19
196 2 0
196 2 0
197 1 0
197 1 804
197 1 0
197 1 0
197 1 0
197 1 278
197 1 589
197 1 774
197 1 0
197 1 0
197 1 0
197 1 0
198 1 0
198 1 487
198 1 775
198 1 390
198 1 62
198 1 0
198 1 0
198 1 0
198 1 594
198 1 395
198 1 0
198 1 0
199 1 0
199 1 213
199 1 729
199 1 421
199 1 762
199 1 0
199 1 0
199 1 0
199 1 0
200 1 0
200 1 521
200 1 315
200 1 888
200 1 0
200 1 0
201 2 0
201 2 65
201 2 702
201 2 572
201 2 235
201 2 0
201 2 0
202 2 0
202 2 431
202 2 77
202 2 869
202 2 0
202 2 0
203 2 0
203 2 968
203 2 540
203 2 192
203 2 551
203 2 371
203 2 0
203 2 0
203 2 0
203 2 0
204 1 0
204 1 110
204 1 270
204 1 0
204 1 0
204 1 0
204 1 0
205 1 0
205 1 688
205 1 987
205 1 958
205 1 0
205 1 0
205 1 0
205 1 260
205 1 0
205 1 0
206 2 0
206 2 185
206 2 985
206 2 179
206 2 51
206 2 957
206 2 274
206 2 0
206 2 0
206 2 0
206 2 0
207 1 0
207 1 143
207 1 39
207 1 50
207 1 0
207 1 219
207 1 0
207 1 0
207 1 0
207 1 0
208 1 0
208 1 956
208 1 474
208 1 0
208 1 527
208 1 0
208 1 0
208 1 0
208 1 0
209 1 0
209 1 780
209 1 424
209 1 0
209 1 0
209 1 0
209 1 708
209 1 0
209 1 0
210 1 0
210 1 359
210 1 0
210 1 0
211 1 0
211 1 108
211 1 12
211 1 0
211 1 0
212 1 0
212 1 2
212 1 0
