total cost: 358424
1 2 0
1 2 553
1 2 288
1 2 767
1 2 0
1 2 0
1 2 307
1 2 793
1 2 0
1 2 0
1 2 141
1 2 0
2 1 0
2 1 220
2 1 802
2 1 577
2 1 254
2 1 0
2 1 0
2 1 180
2 1 257
2 1 932
2 1 0
3 2 0
3 2 616
3 2 161
3 2 652
3 2 0
3 2 0
3 2 0
4 1 0
4 1 954
4 1 654
4 1 520
4 1 0
5 1 0
5 1 463
5 1 539
5 1 459
5 1 693
5 1 454
5 1 0
5 1 0
5 1 790
5 1 0
5 1 0
5 1 0
6 2 0
6 2 408
6 2 801
6 2 754
6 2 593
6 2 475
6 2 510
6 2 356
6 2 0
7 1 0
7 1 645
7 1 865
7 1 189
7 1 442
7 1 92
7 1 0
7 1 0
7 1 612
7 1 0
8 2 0
8 2 605
8 2 974
8 2 401
8 2 229
8 2 0
9 1 0
9 1 57
9 1 281
9 1 843
9 1 170
9 1 749
9 1 689
9 1 525
9 1 476
9 1 0
9 1 0
9 1 0
10 1 0
10 1 856
10 1 4
10 1 501
10 1 250
10 1 911
10 1 468
10 1 700
10 1 0
10 1 0
10 1 230
10 1 0
11 2 0
11 2 354
11 2 154
11 2 0
11 2 0
11 2 319
11 2 8
11 2 0
12 1 0
12 1 164
12 1 717
12 1 532
12 1 423
12 1 0
13 1 0
13 1 37
13 1 389
13 1 855
13 1 808
13 1 512
13 1 397
13 1 212
13 1 0
14 2 0
14 2 124
14 2 919
14 2 799
14 2 148
14 2 0
15 1 0
15 1 462
15 1 813
15 1 478
15 1 0
15 1 0
15 1 591
15 1 504
15 1 0
16 1 0
16 1 947
16 1 716
16 1 400
16 1 380
16 1 798
16 1 641
16 1 0
16 1 0
16 1 535
16 1 0
17 2 0
17 2 763
17 2 831
17 2 602
17 2 284
17 2 759
17 2 0
17 2 0
17 2 561
17 2 0
18 2 0
18 2 710
18 2 440
18 2 216
18 2 650
18 2 95
18 2 323
18 2 178
18 2 0
19 2 0
19 2 544
19 2 64
19 2 304
19 2 205
19 2 114
19 2 0
20 1 0
20 1 391
20 1 94
20 1 732
20 1 600
20 1 0
20 1 0
20 1 0
21 2 0
21 2 714
21 2 248
21 2 0
22 1 0
22 1 841
22 1 7
22 1 101
22 1 543
22 1 437
22 1 992
22 1 923
22 1 0
22 1 0
22 1 0
23 1 0
23 1 570
23 1 975
23 1 810
23 1 276
23 1 0
23 1 0
23 1 0
24 2 0
24 2 565
24 2 871
24 2 850
24 2 58
24 2 237
24 2 0
24 2 0
24 2 283
24 2 590
24 2 269
24 2 0
25 1 0
25 1 899
25 1 826
25 1 922
25 1 531
25 1 217
25 1 0
25 1 0
25 1 352
25 1 742
25 1 0
26 2 0
26 2 428
26 2 820
26 2 128
26 2 741
26 2 0
26 2 0
26 2 43
26 2 0
27 1 0
27 1 473
27 1 738
27 1 609
27 1 863
27 1 0
27 1 0
27 1 107
27 1 0
28 1 0
28 1 291
28 1 866
28 1 721
28 1 967
28 1 678
28 1 508
28 1 0
29 2 0
29 2 682
29 2 338
29 2 939
29 2 36
29 2 264
29 2 63
29 2 807
29 2 0
30 1 0
30 1 816
30 1 113
30 1 910
30 1 868
30 1 0
30 1 0
30 1 99
30 1 550
30 1 784
30 1 964
30 1 0
31 2 0
31 2 158
31 2 541
31 2 204
31 2 563
31 2 940
31 2 314
31 2 125
31 2 259
31 2 0
31 2 0
31 2 0
32 1 0
32 1 54
32 1 925
32 1 9
32 1 324
32 1 648
32 1 0
32 1 0
32 1 293
32 1 0
33 2 0
33 2 907
33 2 349
33 2 0
33 2 0
33 2 279
33 2 785
33 2 472
33 2 679
33 2 0
34 2 0
34 2 17
34 2 715
34 2 902
34 2 418
34 2 84
34 2 885
34 2 398
34 2 208
34 2 0
35 1 0
35 1 529
35 1 603
35 1 796
35 1 0
36 1 0
36 1 14
36 1 538
36 1 446
36 1 495
36 1 949
36 1 692
36 1 852
36 1 0
37 2 0
37 2 846
37 2 335
37 2 608
37 2 513
37 2 0
37 2 0
37 2 0
38 1 0
38 1 441
38 1 580
38 1 232
38 1 676
38 1 969
38 1 803
38 1 66
38 1 0
38 1 0
38 1 0
38 1 0
39 1 0
39 1 606
39 1 955
39 1 542
39 1 707
39 1 246
39 1 40
39 1 360
39 1 990
39 1 223
39 1 0
39 1 0
39 1 0
40 1 0
40 1 524
40 1 351
40 1 0
40 1 0
40 1 171
40 1 477
40 1 0
41 1 0
41 1 153
41 1 394
41 1 329
41 1 934
41 1 207
41 1 168
41 1 0
41 1 0
41 1 0
42 2 0
42 2 666
42 2 644
42 2 447
42 2 545
42 2 929
42 2 23
42 2 0
43 1 0
43 1 489
43 1 783
43 1 470
43 1 897
43 1 345
43 1 880
43 1 0
44 2 0
44 2 133
44 2 815
44 2 200
44 2 0
45 1 0
45 1 106
45 1 93
45 1 136
45 1 41
45 1 191
45 1 0
46 1 0
46 1 837
46 1 909
46 1 0
47 1 0
47 1 945
47 1 791
47 1 0
48 1 0
48 1 456
48 1 102
48 1 610
48 1 574
48 1 419
48 1 621
48 1 0
48 1 0
48 1 0
49 1 0
49 1 255
49 1 647
49 1 611
49 1 980
49 1 86
49 1 0
49 1 0
49 1 0
50 1 0
50 1 921
50 1 876
50 1 753
50 1 0
51 2 0
51 2 45
51 2 809
51 2 430
51 2 334
51 2 755
51 2 800
51 2 493
51 2 778
51 2 0
51 2 0
51 2 0
52 2 0
52 2 336
52 2 369
52 2 854
52 2 426
52 2 0
52 2 0
52 2 677
52 2 0
53 1 0
53 1 817
53 1 157
53 1 199
53 1 410
53 1 0
53 1 0
53 1 163
53 1 906
53 1 0
54 2 0
54 2 518
54 2 497
54 2 404
54 2 247
54 2 0
54 2 0
54 2 435
54 2 835
54 2 0
55 2 0
55 2 266
55 2 562
55 2 664
55 2 752
55 2 0
55 2 0
55 2 455
55 2 0
55 2 0
55 2 0
56 2 0
56 2 806
56 2 814
56 2 694
56 2 844
56 2 0
57 1 0
57 1 436
57 1 970
57 1 0
58 1 0
58 1 576
58 1 724
58 1 74
58 1 0
59 2 0
59 2 399
59 2 680
59 2 873
59 2 438
59 2 481
59 2 0
59 2 0
59 2 0
60 1 0
60 1 292
60 1 38
60 1 0
60 1 0
60 1 0
61 1 0
61 1 699
61 1 646
61 1 392
61 1 30
61 1 628
61 1 937
61 1 0
61 1 0
61 1 0
62 1 0
62 1 340
62 1 781
62 1 188
62 1 425
62 1 776
62 1 668
62 1 0
62 1 0
62 1 0
63 1 0
63 1 290
63 1 0
63 1 0
63 1 130
63 1 0
64 1 0
64 1 996
64 1 697
64 1 870
64 1 81
64 1 289
64 1 211
64 1 0
65 2 0
65 2 989
65 2 751
65 2 673
65 2 485
65 2 226
65 2 0
65 2 0
65 2 166
65 2 11
65 2 27
65 2 0
66 1 0
66 1 160
66 1 233
66 1 686
66 1 183
66 1 490
66 1 471
66 1 0
67 2 0
67 2 275
67 2 310
67 2 973
67 2 118
67 2 0
67 2 0
67 2 0
68 1 0
68 1 151
68 1 965
68 1 971
68 1 734
68 1 480
68 1 0
69 1 0
69 1 181
69 1 417
69 1 918
69 1 309
69 1 0
69 1 0
69 1 0
70 1 0
70 1 511
70 1 777
70 1 79
70 1 663
70 1 0
70 1 0
70 1 47
70 1 0
71 2 0
71 2 943
71 2 941
71 2 685
71 2 936
71 2 581
71 2 509
71 2 630
71 2 0
72 1 0
72 1 321
72 1 134
72 1 177
72 1 701
72 1 80
72 1 494
72 1 0
72 1 0
73 1 0
73 1 748
73 1 479
73 1 434
73 1 0
74 2 0
74 2 186
74 2 484
74 2 172
74 2 761
74 2 595
74 2 758
74 2 587
74 2 0
75 1 0
75 1 756
75 1 794
75 1 175
75 1 376
75 1 601
75 1 140
75 1 515
75 1 0
75 1 0
75 1 0
75 1 0
76 1 0
76 1 150
76 1 944
76 1 669
76 1 857
76 1 0
77 2 0
77 2 193
77 2 840
77 2 0
77 2 0
77 2 568
77 2 675
77 2 0
78 1 0
78 1 328
78 1 771
78 1 492
78 1 413
78 1 0
78 1 0
78 1 0
79 2 0
79 2 411
79 2 642
79 2 908
79 2 245
79 2 414
79 2 789
79 2 0
80 2 0
80 2 757
80 2 0
81 1 0
81 1 960
81 1 24
81 1 0
82 1 0
82 1 709
82 1 557
82 1 0
83 2 0
83 2 930
83 2 764
83 2 126
83 2 214
83 2 0
83 2 0
83 2 718
83 2 0
83 2 0
83 2 0
84 1 0
84 1 564
84 1 59
84 1 0
85 2 0
85 2 18
85 2 887
85 2 341
85 2 656
85 2 672
85 2 0
85 2 0
85 2 0
86 2 0
86 2 273
86 2 797
86 2 805
86 2 466
86 2 0
87 1 0
87 1 396
87 1 977
87 1 0
88 1 0
88 1 604
88 1 383
88 1 44
88 1 516
88 1 0
89 2 0
89 2 861
89 2 393
89 2 457
89 2 119
89 2 28
89 2 0
90 2 0
90 2 330
90 2 0
91 1 0
91 1 311
91 1 0
91 1 0
91 1 0
92 1 0
92 1 366
92 1 0
92 1 0
92 1 85
92 1 97
92 1 842
92 1 881
92 1 298
92 1 0
92 1 0
92 1 0
93 2 0
93 2 640
93 2 420
93 2 665
93 2 554
93 2 624
93 2 904
93 2 812
93 2 287
93 2 0
93 2 0
93 2 0
93 2 0
94 1 0
94 1 695
94 1 0
95 1 0
95 1 705
95 1 91
95 1 0
96 1 0
96 1 167
96 1 938
96 1 997
96 1 465
96 1 0
97 1 0
97 1 586
97 1 218
97 1 432
97 1 0
97 1 0
97 1 0
98 2 0
98 2 779
98 2 135
98 2 0
99 2 0
99 2 999
99 2 891
99 2 730
99 2 819
99 2 0
99 2 0
99 2 948
99 2 0
100 1 0
100 1 429
100 1 988
100 1 927
100 1 318
100 1 0
100 1 0
100 1 877
100 1 0
101 1 0
101 1 282
101 1 683
101 1 0
101 1 0
101 1 661
101 1 0
102 1 0
102 1 31
102 1 25
102 1 894
102 1 582
102 1 726
102 1 83
102 1 0
102 1 0
102 1 0
102 1 0
103 1 0
103 1 735
103 1 0
104 2 0
104 2 173
104 2 848
104 2 838
104 2 342
104 2 607
104 2 0
105 2 0
105 2 746
105 2 849
105 2 385
105 2 190
105 2 0
106 1 0
106 1 874
106 1 828
106 1 0
106 1 0
106 1 662
106 1 558
106 1 983
106 1 0
107 2 0
107 2 453
107 2 88
107 2 991
107 2 578
107 2 0
107 2 0
107 2 33
107 2 0
108 1 0
108 1 272
108 1 0
108 1 0
108 1 655
108 1 445
108 1 920
108 1 0
108 1 0
108 1 0
109 1 0
109 1 365
109 1 750
109 1 0
109 1 0
109 1 0
110 1 0
110 1 782
110 1 830
110 1 596
110 1 0
110 1 0
110 1 71
110 1 898
110 1 0
111 2 0
111 2 458
111 2 534
111 2 792
111 2 613
111 2 488
111 2 187
111 2 301
111 2 127
111 2 0
111 2 0
111 2 0
111 2 0
112 1 0
112 1 0
113 2 0
113 2 657
113 2 0
113 2 0
113 2 951
113 2 659
113 2 221
113 2 182
113 2 0
114 1 0
114 1 149
114 1 332
114 1 622
114 1 320
114 1 0
114 1 0
114 1 0
114 1 496
114 1 994
114 1 883
114 1 0
115 1 0
115 1 660
115 1 402
115 1 370
115 1 636
115 1 993
115 1 0
115 1 0
115 1 0
115 1 0
116 1 0
116 1 294
116 1 950
116 1 467
116 1 10
116 1 0
116 1 0
116 1 0
117 2 0
117 2 546
117 2 0
118 2 0
118 2 78
118 2 627
118 2 0
119 2 0
119 2 703
119 2 144
119 2 53
119 2 619
119 2 895
119 2 0
120 1 0
120 1 251
120 1 720
120 1 346
120 1 461
120 1 90
120 1 0
120 1 0
121 1 0
121 1 536
121 1 0
122 1 0
122 1 571
122 1 942
122 1 824
122 1 0
122 1 0
122 1 0
123 2 0
123 2 265
123 2 727
123 2 0
123 2 0
123 2 0
124 1 0
124 1 712
124 1 653
124 1 448
124 1 681
124 1 0
124 1 0
124 1 0
124 1 0
125 1 0
125 1 313
125 1 903
125 1 0
125 1 0
125 1 530
125 1 638
125 1 772
125 1 0
125 1 0
125 1 0
126 2 0
126 2 719
126 2 839
126 2 60
126 2 6
126 2 89
126 2 0
127 2 0
127 2 109
127 2 634
127 2 825
127 2 387
127 2 348
127 2 0
127 2 0
127 2 367
127 2 412
127 2 0
128 2 0
128 2 271
128 2 827
128 2 156
128 2 728
128 2 823
128 2 0
128 2 0
128 2 847
128 2 0
129 2 0
129 2 998
129 2 559
129 2 555
129 2 34
129 2 339
129 2 526
129 2 928
129 2 0
129 2 0
130 2 0
130 2 296
130 2 145
130 2 32
130 2 0
130 2 0
130 2 82
130 2 0
131 1 0
131 1 142
131 1 523
131 1 1000
131 1 913
131 1 0
131 1 0
131 1 0
131 1 0
132 2 0
132 2 976
132 2 832
132 2 0
132 2 0
132 2 818
132 2 786
132 2 0
132 2 0
132 2 0
133 2 0
133 2 862
133 2 744
133 2 917
133 2 406
133 2 104
133 2 46
133 2 0
134 2 0
134 2 502
134 2 986
134 2 98
134 2 0
134 2 0
134 2 706
134 2 588
134 2 201
134 2 415
134 2 0
135 1 0
135 1 364
135 1 743
135 1 860
135 1 236
135 1 0
135 1 0
135 1 0
135 1 165
135 1 0
136 2 0
136 2 407
136 2 740
136 2 0
137 2 0
137 2 505
137 2 503
137 2 0
138 1 0
138 1 42
138 1 615
138 1 327
138 1 617
138 1 381
138 1 0
138 1 0
139 1 0
139 1 875
139 1 122
139 1 905
139 1 890
139 1 845
139 1 295
139 1 0
139 1 0
140 2 0
140 2 240
140 2 249
140 2 522
140 2 0
140 2 0
140 2 811
140 2 317
140 2 0
141 2 0
141 2 670
141 2 698
141 2 35
141 2 253
141 2 760
141 2 651
141 2 0
141 2 0
142 1 0
142 1 409
142 1 384
142 1 382
142 1 0
143 1 0
143 1 69
143 1 765
143 1 68
143 1 0
143 1 0
144 2 0
144 2 853
144 2 972
144 2 316
144 2 978
144 2 0
144 2 0
144 2 202
144 2 0
145 1 0
145 1 573
145 1 859
145 1 924
145 1 0
145 1 0
145 1 0
145 1 112
145 1 0
146 2 0
146 2 514
146 2 277
146 2 498
146 2 73
146 2 548
146 2 0
147 2 0
147 2 15
147 2 116
147 2 0
148 1 0
148 1 722
148 1 981
148 1 723
148 1 912
148 1 0
148 1 0
149 1 0
149 1 982
149 1 368
149 1 123
149 1 834
149 1 263
149 1 0
149 1 0
149 1 0
149 1 305
149 1 0
150 2 0
150 2 374
150 2 788
150 2 196
150 2 872
150 2 377
150 2 0
150 2 0
150 2 995
150 2 222
150 2 0
150 2 0
150 2 0
151 2 0
151 2 773
151 2 635
151 2 464
151 2 450
151 2 959
151 2 308
151 2 105
151 2 0
151 2 0
151 2 0
151 2 0
152 2 0
152 2 690
152 2 916
152 2 56
152 2 162
152 2 633
152 2 984
152 2 579
152 2 829
152 2 0
152 2 0
153 2 0
153 2 22
153 2 325
153 2 176
153 2 5
153 2 155
153 2 0
154 2 0
154 2 566
154 2 867
154 2 0
154 2 0
154 2 626
154 2 0
154 2 0
154 2 0
155 2 0
155 2 449
155 2 460
155 2 725
155 2 0
155 2 0
155 2 372
155 2 882
155 2 0
156 1 0
156 1 357
156 1 713
156 1 795
156 1 0
156 1 0
157 1 0
157 1 914
157 1 256
157 1 962
157 1 858
157 1 560
157 1 0
157 1 0
158 1 0
158 1 506
158 1 737
158 1 632
158 1 0
158 1 0
159 2 0
159 2 243
159 2 884
159 2 0
159 2 0
159 2 195
159 2 0
160 2 0
160 2 625
160 2 224
160 2 238
160 2 966
160 2 210
160 2 433
160 2 0
160 2 0
160 2 0
160 2 0
161 2 0
161 2 303
161 2 482
161 2 72
161 2 671
161 2 961
161 2 0
161 2 0
162 1 0
162 1 0
163 1 0
163 1 0
164 2 0
164 2 745
164 2 0
164 2 0
164 2 373
164 2 0
165 1 0
165 1 598
165 1 137
165 1 326
165 1 331
165 1 556
165 1 0
165 1 0
165 1 0
165 1 0
166 1 0
166 1 184
166 1 893
166 1 747
166 1 674
166 1 0
166 1 0
166 1 0
166 1 108
166 1 242
166 1 146
166 1 0
166 1 0
167 1 0
167 1 733
167 1 61
167 1 443
167 1 0
167 1 0
167 1 0
167 1 87
167 1 0
167 1 0
167 1 0
168 1 0
168 1 643
168 1 0
168 1 0
168 1 569
168 1 0
169 2 0
169 2 198
169 2 507
169 2 129
169 2 649
169 2 491
169 2 299
169 2 0
169 2 0
170 2 0
170 2 131
170 2 979
170 2 499
170 2 0
170 2 0
170 2 0
171 2 0
171 2 267
171 2 0
171 2 0
171 2 451
171 2 252
171 2 915
171 2 0
172 2 0
172 2 618
172 2 0
172 2 0
172 2 362
172 2 667
172 2 76
172 2 0
173 1 0
173 1 684
173 1 120
173 1 517
173 1 549
173 1 286
173 1 486
173 1 552
173 1 0
173 1 0
173 1 0
173 1 0
174 1 0
174 1 194
174 1 623
174 1 117
174 1 878
174 1 378
174 1 280
174 1 0
174 1 0
174 1 0
174 1 0
175 1 0
175 1 416
175 1 227
175 1 900
175 1 169
175 1 585
175 1 836
175 1 0
175 1 0
175 1 0
175 1 0
176 2 0
176 2 268
176 2 197
176 2 0
176 2 0
177 2 0
177 2 55
177 2 241
177 2 0
178 1 0
178 1 333
178 1 0
178 1 0
179 2 0
179 2 704
179 2 49
179 2 386
179 2 0
180 1 0
180 1 322
180 1 0
180 1 0
181 1 0
181 1 103
181 1 244
181 1 567
181 1 528
181 1 946
181 1 353
181 1 0
181 1 0
181 1 0
181 1 0
182 1 0
182 1 100
182 1 347
182 1 225
182 1 358
182 1 696
182 1 3
182 1 0
182 1 0
182 1 0
182 1 0
183 1 0
183 1 770
183 1 422
183 1 0
183 1 0
183 1 0
183 1 297
183 1 0
183 1 0
184 2 0
184 2 597
184 2 21
184 2 851
184 2 931
184 2 363
184 2 892
184 2 139
184 2 260
184 2 0
184 2 0
185 1 0
185 1 639
185 1 0
185 1 0
186 1 0
186 1 209
186 1 75
186 1 0
186 1 0
187 1 0
187 1 379
187 1 768
187 1 159
187 1 901
187 1 206
187 1 0
187 1 0
188 1 0
188 1 953
188 1 691
188 1 174
188 1 306
188 1 0
188 1 0
188 1 0
188 1 96
188 1 629
188 1 0
188 1 0
189 2 0
189 2 361
189 2 427
189 2 963
189 2 344
189 2 711
189 2 0
189 2 0
190 1 0
190 1 631
190 1 261
190 1 769
190 1 533
190 1 228
190 1 0
190 1 0
190 1 0
190 1 0
191 2 0
191 2 483
191 2 343
191 2 452
191 2 285
191 2 952
191 2 0
191 2 0
191 2 0
191 2 0
192 2 0
192 2 115
192 2 821
192 2 258
192 2 926
192 2 519
192 2 121
192 2 0
192 2 0
192 2 0
192 2 0
193 2 0
193 2 215
193 2 355
193 2 278
193 2 787
193 2 65
193 2 431
193 2 0
193 2 0
194 1 0
194 1 403
194 1 312
194 1 302
194 1 687
194 1 614
194 1 0
194 1 0
194 1 0
194 1 0
195 1 0
195 1 20
195 1 132
195 1 444
195 1 147
195 1 0
195 1 0
195 1 0
195 1 29
195 1 0
196 2 0
196 2 203
196 2 879
196 2 599
196 2 375
196 2 138
196 2 0
196 2 0
197 2 0
197 2 111
197 2 62
197 2 405
197 2 239
197 2 620
197 2 0
197 2 0
198 1 0
198 1 52
198 1 575
198 1 0
198 1 0
198 1 0
198 1 864
198 1 547
198 1 231
198 1 0
198 1 0
199 1 0
199 1 16
199 1 388
199 1 736
199 1 766
199 1 888
199 1 0
199 1 0
199 1 0
199 1 0
200 1 0
200 1 592
200 1 933
200 1 0
200 1 0
200 1 0
200 1 739
200 1 0
200 1 0
201 1 0
201 1 70
201 1 67
201 1 658
201 1 833
201 1 0
201 1 0
201 1 0
201 1 439
201 1 0
201 1 0
201 1 0
201 1 0
202 2 0
202 2 350
202 2 0
202 2 0
202 2 0
202 2 219
202 2 0
202 2 0
203 2 0
203 2 1
203 2 804
203 2 0
203 2 0
203 2 0
203 2 896
203 2 0
203 2 0
204 2 0
204 2 234
204 2 688
204 2 537
204 2 583
204 2 337
204 2 731
204 2 0
204 2 0
205 2 0
205 2 637
205 2 886
205 2 262
205 2 213
205 2 594
205 2 551
205 2 395
205 2 0
205 2 0
205 2 0
205 2 0
206 1 0
206 1 487
206 1 775
206 1 729
206 1 390
206 1 0
206 1 0
206 1 0
206 1 0
207 1 0
207 1 0
208 1 0
208 1 0
209 1 0
209 1 0
210 1 0
210 1 0
211 2 0
211 2 822
211 2 0
211 2 0
211 2 0
211 2 0
212 1 0
212 1 589
212 1 26
212 1 889
212 1 0
212 1 0
212 1 0
212 1 0
213 1 0
213 1 968
213 1 935
213 1 421
213 1 762
213 1 0
213 1 0
213 1 0
213 1 0
214 1 0
214 1 702
214 1 774
214 1 572
214 1 0
214 1 0
215 2 0
215 2 315
215 2 527
215 2 0
215 2 0
216 1 0
216 1 110
216 1 13
216 1 584
216 1 0
216 1 0
216 1 0
216 1 0
217 2 0
217 2 143
217 2 50
217 2 469
217 2 19
217 2 0
217 2 0
218 1 0
218 1 500
218 1 185
218 1 958
218 1 51
218 1 0
218 1 0
218 1 0
218 1 0
219 2 0
219 2 192
219 2 521
219 2 235
219 2 869
219 2 0
219 2 0
220 2 0
220 2 424
220 2 987
220 2 0
220 2 0
220 2 0
220 2 152
220 2 0
221 1 0
221 1 780
221 1 985
221 1 957
221 1 0
221 1 0
221 1 0
221 1 0
222 2 0
222 2 956
222 2 540
222 2 179
222 2 708
222 2 274
222 2 0
222 2 0
222 2 0
222 2 0
223 1 0
223 1 300
223 1 48
223 1 0
223 1 0
223 1 0
223 1 371
223 1 0
223 1 0
223 1 0
223 1 0
224 1 0
224 1 39
224 1 474
224 1 0
224 1 0
224 1 0
224 1 359
224 1 77
224 1 0
224 1 0
224 1 0
224 1 0
225 1 0
225 1 270
225 1 12
225 1 0
225 1 0
226 1 0
226 1 2
226 1 0
