total cost: 347923
1 2 0
1 2 553
1 2 288
1 2 767
1 2 0
1 2 0
1 2 616
1 2 180
1 2 257
1 2 932
1 2 0
2 2 0
2 2 220
2 2 802
2 2 577
2 2 408
2 2 801
2 2 0
2 2 0
2 2 307
2 2 790
2 2 0
2 2 0
2 2 141
2 2 0
3 1 0
3 1 539
3 1 462
3 1 813
3 1 693
3 1 754
3 1 974
3 1 0
3 1 0
3 1 793
3 1 654
3 1 0
4 2 0
4 2 645
4 2 865
4 2 189
4 2 428
4 2 0
4 2 0
4 2 652
4 2 591
4 2 520
4 2 0
5 2 0
5 2 605
5 2 856
5 2 947
5 2 593
5 2 602
5 2 716
5 2 525
5 2 8
5 2 476
5 2 205
5 2 0
6 2 0
6 2 463
6 2 354
6 2 442
6 2 710
6 2 717
6 2 94
6 2 732
6 2 600
6 2 0
6 2 0
6 2 0
7 2 0
7 2 254
7 2 57
7 2 843
7 2 423
7 2 798
7 2 468
7 2 380
7 2 304
7 2 114
7 2 0
8 2 0
8 2 281
8 2 532
8 2 489
8 2 440
8 2 391
8 2 0
9 2 0
9 2 954
9 2 154
9 2 37
9 2 283
9 2 919
9 2 475
9 2 0
9 2 0
9 2 0
10 1 0
10 1 170
10 1 400
10 1 689
10 1 749
10 1 229
10 1 0
10 1 0
10 1 535
10 1 0
11 2 0
11 2 459
11 2 454
11 2 124
11 2 401
11 2 510
11 2 356
11 2 0
12 1 0
12 1 4
12 1 911
12 1 899
12 1 831
12 1 939
12 1 0
12 1 0
12 1 319
12 1 561
12 1 799
12 1 0
13 2 0
13 2 763
13 2 250
13 2 826
13 2 922
13 2 101
13 2 783
13 2 217
13 2 470
13 2 897
13 2 0
13 2 0
13 2 0
14 2 0
14 2 501
14 2 682
14 2 338
14 2 237
14 2 759
14 2 0
14 2 0
14 2 161
14 2 504
14 2 0
15 1 0
15 1 478
15 1 473
15 1 863
15 1 609
15 1 0
15 1 0
15 1 544
15 1 641
15 1 477
15 1 0
16 2 0
16 2 164
16 2 92
16 2 216
16 2 650
16 2 885
16 2 323
16 2 178
16 2 0
17 2 0
17 2 841
17 2 7
17 2 543
17 2 992
17 2 437
17 2 40
17 2 246
17 2 990
17 2 844
17 2 0
17 2 0
17 2 0
18 1 0
18 1 284
18 1 58
18 1 264
18 1 99
18 1 807
18 1 0
18 1 0
18 1 0
19 2 0
19 2 975
19 2 570
19 2 810
19 2 276
19 2 784
19 2 86
19 2 0
19 2 0
19 2 0
20 2 0
20 2 565
20 2 850
20 2 871
20 2 541
20 2 36
20 2 524
20 2 0
20 2 0
20 2 612
20 2 590
20 2 0
21 1 0
21 1 291
21 1 542
21 1 707
21 1 399
21 1 680
21 1 873
21 1 360
21 1 815
21 1 0
21 1 0
21 1 0
22 1 0
22 1 820
22 1 925
22 1 9
22 1 324
22 1 0
22 1 0
22 1 714
22 1 293
22 1 0
23 2 0
23 2 866
23 2 128
23 2 741
23 2 418
23 2 84
23 2 709
23 2 776
23 2 0
23 2 0
23 2 0
24 1 0
24 1 846
24 1 335
24 1 0
24 1 0
24 1 171
24 1 742
24 1 0
25 2 0
25 2 816
25 2 113
25 2 910
25 2 868
25 2 349
25 2 0
25 2 0
25 2 107
25 2 837
25 2 0
26 2 0
26 2 158
26 2 531
26 2 806
26 2 814
26 2 93
26 2 945
26 2 880
26 2 345
26 2 0
27 1 0
27 1 389
27 1 580
27 1 538
27 1 446
27 1 232
27 1 855
27 1 808
27 1 512
27 1 0
27 1 0
27 1 0
28 2 0
28 2 54
28 2 715
28 2 781
28 2 79
28 2 586
28 2 208
28 2 38
28 2 668
28 2 0
29 1 0
29 1 738
29 1 796
29 1 644
29 1 0
30 1 0
30 1 14
30 1 666
30 1 495
30 1 969
30 1 0
31 1 0
31 1 63
31 1 279
31 1 921
31 1 876
31 1 753
31 1 929
31 1 0
31 1 0
31 1 0
32 2 0
32 2 721
32 2 923
32 2 436
32 2 970
32 2 27
32 2 0
33 1 0
33 1 907
33 1 0
34 1 0
34 1 17
34 1 188
34 1 0
34 1 0
34 1 700
34 1 791
34 1 964
34 1 314
34 1 191
34 1 0
35 2 0
35 2 529
35 2 603
35 2 207
35 2 168
35 2 71
35 2 44
35 2 383
35 2 545
35 2 906
35 2 0
36 1 0
36 1 64
36 1 106
36 1 41
36 1 677
36 1 940
36 1 125
36 1 0
37 1 0
37 1 441
37 1 676
37 1 852
37 1 0
38 2 0
38 2 606
38 2 955
38 2 562
38 2 266
38 2 752
38 2 664
38 2 0
38 2 0
38 2 967
38 2 508
38 2 0
39 2 0
39 2 153
39 2 394
39 2 329
39 2 934
39 2 0
39 2 0
39 2 472
39 2 785
39 2 576
39 2 0
39 2 0
39 2 0
40 1 0
40 1 133
40 1 290
40 1 0
40 1 0
40 1 397
40 1 949
40 1 0
41 2 0
41 2 678
41 2 200
41 2 223
41 2 0
42 1 0
42 1 550
42 1 0
43 1 0
43 1 204
43 1 392
43 1 563
43 1 417
43 1 181
43 1 259
43 1 0
43 1 0
43 1 0
44 2 0
44 2 352
44 2 230
44 2 692
44 2 0
45 1 0
45 1 456
45 1 996
45 1 699
45 1 186
45 1 628
45 1 937
45 1 289
45 1 0
45 1 0
45 1 0
45 1 0
46 1 0
46 1 45
46 1 809
46 1 930
46 1 771
46 1 492
46 1 977
46 1 396
46 1 0
46 1 0
46 1 269
46 1 0
47 1 0
47 1 336
47 1 102
47 1 0
47 1 0
47 1 255
47 1 647
47 1 724
47 1 0
48 1 0
48 1 817
48 1 751
48 1 0
48 1 0
48 1 0
49 1 0
49 1 0
50 1 0
50 1 0
51 2 0
51 2 608
51 2 854
51 2 0
51 2 0
51 2 909
51 2 971
51 2 965
51 2 0
52 2 0
52 2 351
52 2 150
52 2 944
52 2 669
52 2 0
52 2 0
52 2 0
53 1 0
53 1 435
53 1 686
53 1 160
53 1 0
53 1 0
53 1 679
53 1 0
54 1 0
54 1 518
54 1 497
54 1 610
54 1 894
54 1 25
54 1 726
54 1 758
54 1 0
54 1 0
54 1 0
54 1 0
55 2 0
55 2 611
55 2 455
55 2 980
55 2 0
55 2 0
55 2 0
56 2 0
56 2 513
56 2 604
56 2 23
56 2 0
57 1 0
57 1 369
57 1 695
57 1 0
58 2 0
58 2 199
58 2 410
58 2 310
58 2 275
58 2 973
58 2 0
58 2 0
58 2 212
58 2 516
58 2 0
59 1 0
59 1 648
59 1 485
59 1 151
59 1 118
59 1 630
59 1 509
59 1 434
59 1 1044
59 1 0
60 1 0
60 1 292
60 1 0
60 1 0
60 1 248
60 1 136
60 1 0
61 1 0
61 1 340
61 1 756
61 1 134
61 1 175
61 1 376
61 1 601
61 1 0
61 1 0
61 1 148
61 1 0
62 1 0
62 1 989
62 1 233
62 1 794
62 1 874
62 1 0
62 1 0
62 1 398
62 1 80
62 1 494
62 1 287
62 1 0
62 1 0
62 1 0
63 2 0
63 2 646
63 2 334
63 2 938
63 2 755
63 2 997
63 2 0
63 2 0
63 2 166
63 2 936
63 2 0
64 1 0
64 1 902
64 1 663
64 1 177
64 1 701
64 1 835
64 1 490
64 1 471
64 1 1076
64 1 0
64 1 1076
64 1 0
65 1 0
65 1 568
65 1 918
65 1 309
65 1 0
65 1 0
65 1 0
66 2 0
66 2 673
66 2 887
66 2 891
66 2 685
66 2 656
66 2 672
66 2 0
66 2 0
66 2 0
67 1 0
67 1 447
67 1 840
67 1 0
68 2 0
68 2 511
68 2 777
68 2 425
68 2 140
68 2 0
68 2 0
68 2 163
68 2 74
68 2 0
68 2 0
68 2 0
69 1 0
69 1 157
69 1 999
69 1 341
69 1 941
69 1 413
69 1 683
69 1 1005
69 1 0
69 1 1005
69 1 727
69 1 0
69 1 0
69 1 0
70 2 0
70 2 943
70 2 18
70 2 226
70 2 734
70 2 496
70 2 119
70 2 994
70 2 0
71 2 0
71 2 321
71 2 655
71 2 0
71 2 0
71 2 748
71 2 581
71 2 28
71 2 0
72 2 0
72 2 193
72 2 426
72 2 0
72 2 0
72 2 694
72 2 438
72 2 11
72 2 0
73 1 0
73 1 430
73 1 764
73 1 0
73 1 0
73 1 183
73 1 861
73 1 457
73 1 960
73 1 480
73 1 0
74 2 0
74 2 411
74 2 574
74 2 419
74 2 190
74 2 621
74 2 0
74 2 0
74 2 0
75 1 0
75 1 328
75 1 282
75 1 571
75 1 0
75 1 0
75 1 757
75 1 812
75 1 0
76 2 0
76 2 564
76 2 657
76 2 703
76 2 407
76 2 0
76 2 0
76 2 718
76 2 0
76 2 0
76 2 0
77 1 0
77 1 273
77 1 797
77 1 429
77 1 735
77 1 484
77 1 172
77 1 761
77 1 595
77 1 587
77 1 0
77 1 0
78 1 0
78 1 30
78 1 805
78 1 0
78 1 0
78 1 803
78 1 0
78 1 0
78 1 24
78 1 0
79 2 0
79 2 404
79 2 247
79 2 908
79 2 0
79 2 0
79 2 557
79 2 515
79 2 624
79 2 0
80 1 0
80 1 330
80 1 847
80 1 0
80 1 0
80 1 0
81 2 0
81 2 366
81 2 272
81 2 0
81 2 0
81 2 311
81 2 95
81 2 0
82 2 0
82 2 697
82 2 870
82 2 81
82 2 466
82 2 211
82 2 948
82 2 706
82 2 983
82 2 0
82 2 0
83 1 0
83 1 85
83 1 800
83 1 778
83 1 465
83 1 881
83 1 0
83 1 0
83 1 0
84 1 0
84 1 640
84 1 559
84 1 712
84 1 653
84 1 448
84 1 0
84 1 0
84 1 0
84 1 675
84 1 298
84 1 0
85 1 0
85 1 167
85 1 782
85 1 596
85 1 126
85 1 0
85 1 0
85 1 705
85 1 848
85 1 838
85 1 342
85 1 0
86 1 0
86 1 59
86 1 627
86 1 578
86 1 365
86 1 0
86 1 0
86 1 779
86 1 135
86 1 0
87 2 0
87 2 877
87 2 0
88 1 0
88 1 31
88 1 849
88 1 660
88 1 582
88 1 122
88 1 875
88 1 558
88 1 506
88 1 0
88 1 0
89 2 0
89 2 661
89 2 91
89 2 789
89 2 0
90 1 0
90 1 173
90 1 951
90 1 659
90 1 750
90 1 607
90 1 1058
90 1 0
91 1 0
91 1 393
91 1 622
91 1 187
91 1 626
91 1 0
91 1 0
91 1 0
91 1 0
92 1 0
92 1 662
92 1 619
92 1 895
92 1 0
92 1 0
93 2 0
93 2 746
93 2 988
93 2 927
93 2 318
93 2 0
93 2 0
93 2 481
93 2 0
93 2 0
93 2 0
94 2 0
94 2 453
94 2 88
94 2 991
94 2 78
94 2 414
94 2 245
94 2 53
94 2 0
94 2 0
94 2 0
94 2 0
95 1 0
95 1 97
95 1 493
95 1 842
95 1 10
95 1 0
95 1 0
95 1 0
96 2 0
96 2 458
96 2 792
96 2 332
96 2 613
96 2 488
96 2 995
96 2 0
96 2 0
96 2 0
97 2 0
97 2 420
97 2 554
97 2 998
97 2 522
97 2 526
97 2 339
97 2 928
97 2 0
97 2 0
98 2 0
98 2 218
98 2 34
98 2 432
98 2 116
98 2 0
99 1 0
99 1 830
99 1 862
99 1 0
99 1 0
99 1 546
99 1 182
99 1 0
100 1 0
100 1 149
100 1 534
100 1 634
100 1 825
100 1 0
100 1 0
100 1 0
100 1 479
100 1 0
100 1 0
100 1 0
101 1 0
101 1 294
101 1 730
101 1 0
101 1 0
101 1 530
101 1 920
101 1 772
101 1 0
102 2 0
102 2 819
102 2 364
102 2 467
102 2 860
102 2 236
102 2 723
102 2 0
102 2 0
102 2 0
103 2 0
103 2 642
103 2 327
103 2 615
103 2 253
103 2 760
103 2 579
103 2 829
103 2 295
103 2 0
103 2 0
103 2 0
103 2 0
104 2 0
104 2 665
104 2 828
104 2 555
104 2 0
104 2 0
104 2 898
104 2 857
104 2 0
105 1 0
105 1 445
105 1 387
105 1 523
105 1 0
105 1 0
105 1 47
105 1 0
106 2 0
106 2 251
106 2 950
106 2 214
106 2 942
106 2 883
106 2 0
106 2 0
106 2 0
107 1 0
107 1 904
107 1 499
107 1 0
107 1 0
108 1 0
108 1 265
108 1 0
108 1 0
108 1 0
109 1 0
109 1 720
109 1 773
109 1 98
109 1 635
109 1 632
109 1 0
109 1 0
109 1 0
109 1 0
110 1 0
110 1 313
110 1 903
110 1 0
110 1 0
110 1 536
110 1 1000
110 1 68
110 1 0
110 1 0
111 2 0
111 2 719
111 2 839
111 2 573
111 2 859
111 2 6
111 2 406
111 2 0
111 2 0
111 2 0
111 2 0
112 2 0
112 2 109
112 2 853
112 2 972
112 2 316
112 2 978
112 2 0
112 2 0
112 2 367
112 2 301
112 2 412
112 2 0
113 2 0
113 2 271
113 2 728
113 2 498
113 2 156
113 2 823
113 2 0
113 2 0
113 2 0
114 1 0
114 1 296
114 1 0
114 1 0
114 1 82
114 1 824
114 1 104
114 1 90
114 1 0
114 1 0
115 1 0
115 1 144
115 1 827
115 1 357
115 1 834
115 1 0
115 1 0
115 1 0
115 1 66
115 1 0
116 1 0
116 1 142
116 1 320
116 1 460
116 1 0
116 1 0
116 1 0
116 1 818
116 1 0
116 1 0
116 1 0
117 2 0
117 2 502
117 2 986
117 2 464
117 2 0
117 2 0
117 2 638
117 2 317
117 2 0
117 2 0
117 2 0
118 2 0
118 2 145
118 2 917
118 2 60
118 2 912
118 2 46
118 2 461
118 2 346
118 2 1004
118 2 0
119 1 0
119 1 976
119 1 832
119 1 263
119 1 905
119 1 890
119 1 0
119 1 0
119 1 0
119 1 0
120 2 0
120 2 385
120 2 402
120 2 636
120 2 415
120 2 201
120 2 83
120 2 1097
120 2 0
121 2 0
121 2 505
121 2 503
121 2 617
121 2 0
122 2 0
122 2 348
122 2 325
122 2 176
122 2 5
122 2 305
122 2 0
123 1 0
123 1 42
123 1 698
123 1 35
123 1 361
123 1 353
123 1 443
123 1 0
123 1 0
123 1 0
123 1 0
124 1 0
124 1 240
124 1 196
124 1 0
124 1 0
124 1 0
124 1 811
124 1 373
124 1 0
124 1 0
124 1 0
125 2 0
125 2 32
125 2 382
125 2 0
126 1 0
126 1 740
126 1 0
127 1 0
127 1 670
127 1 914
127 1 123
127 1 651
127 1 56
127 1 162
127 1 0
127 1 0
127 1 0
127 1 0
128 1 0
128 1 409
128 1 743
128 1 238
128 1 210
128 1 433
128 1 0
128 1 0
128 1 0
128 1 0
129 2 0
129 2 69
129 2 569
129 2 913
129 2 87
129 2 0
129 2 0
129 2 0
130 1 0
130 1 744
130 1 625
130 1 981
130 1 507
130 1 649
130 1 0
130 1 0
130 1 0
130 1 0
131 1 0
131 1 384
131 1 198
131 1 966
131 1 900
131 1 0
131 1 0
131 1 0
131 1 165
131 1 0
131 1 0
131 1 0
132 1 0
132 1 15
132 1 872
132 1 326
132 1 331
132 1 0
132 1 0
132 1 0
132 1 0
133 2 0
133 2 514
133 2 690
133 2 73
133 2 548
133 2 984
133 2 845
133 2 858
133 2 0
133 2 0
134 2 0
134 2 127
134 2 786
134 2 0
134 2 0
134 2 0
135 2 0
135 2 681
135 2 598
135 2 979
135 2 0
135 2 0
135 2 0
136 2 0
136 2 722
136 2 482
136 2 303
136 2 450
136 2 72
136 2 308
136 2 105
136 2 961
136 2 629
136 2 0
136 2 0
137 2 0
137 2 765
137 2 0
138 2 0
138 2 982
138 2 953
138 2 306
138 2 691
138 2 589
138 2 278
138 2 0
138 2 0
138 2 0
138 2 0
139 2 0
139 2 374
139 2 788
139 2 137
139 2 377
139 2 566
139 2 0
139 2 0
139 2 0
139 2 0
140 2 0
140 2 22
140 2 884
140 2 867
140 2 618
140 2 0
140 2 0
140 2 222
140 2 0
140 2 0
140 2 0
141 2 0
141 2 588
141 2 49
141 2 386
141 2 0
142 1 0
142 1 277
142 1 916
142 1 962
142 1 633
142 1 739
142 1 0
142 1 0
142 1 0
142 1 0
143 2 0
143 2 381
143 2 795
143 2 0
143 2 0
144 1 0
144 1 221
144 1 993
144 1 0
144 1 0
144 1 0
144 1 0
145 2 0
145 2 449
145 2 893
145 2 747
145 2 597
145 2 517
145 2 286
145 2 486
145 2 915
145 2 252
145 2 241
145 2 0
145 2 0
145 2 0
145 2 0
146 1 0
146 1 372
146 1 0
146 1 0
146 1 0
147 2 0
147 2 725
147 2 0
147 2 0
147 2 202
147 2 146
147 2 491
147 2 0
148 1 0
148 1 243
148 1 684
148 1 0
148 1 0
148 1 0
148 1 0
149 2 0
149 2 370
149 2 244
149 2 946
149 2 533
149 2 963
149 2 427
149 2 711
149 2 737
149 2 0
149 2 0
149 2 0
149 2 0
150 1 0
150 1 0
151 2 0
151 2 745
151 2 0
151 2 0
151 2 556
151 2 0
152 1 0
152 1 184
152 1 194
152 1 0
152 1 0
152 1 0
152 1 195
152 1 704
152 1 0
152 1 0
153 1 0
153 1 224
153 1 129
153 1 227
153 1 117
153 1 623
153 1 0
153 1 0
153 1 0
153 1 0
154 2 0
154 2 733
154 2 631
154 2 769
154 2 388
154 2 0
154 2 0
154 2 0
154 2 0
155 1 0
155 1 643
155 1 0
155 1 0
155 1 451
155 1 882
155 1 0
155 1 0
156 1 0
156 1 155
156 1 267
156 1 0
156 1 0
156 1 0
156 1 0
157 2 0
157 2 131
157 2 674
157 2 924
157 2 549
157 2 552
157 2 55
157 2 0
157 2 0
158 2 0
158 2 249
158 2 21
158 2 197
158 2 139
158 2 892
158 2 0
158 2 0
158 2 0
158 2 0
159 1 0
159 1 268
159 1 687
159 1 614
159 1 138
159 1 0
159 1 0
159 1 0
159 1 0
160 2 0
160 2 416
160 2 100
160 2 878
160 2 206
160 2 519
160 2 121
160 2 879
160 2 0
160 2 0
160 2 0
160 2 0
161 2 0
161 2 368
161 2 174
161 2 132
161 2 147
161 2 26
161 2 889
161 2 0
161 2 0
161 2 0
161 2 0
162 2 0
162 2 120
162 2 931
162 2 347
162 2 225
162 2 926
162 2 0
162 2 0
162 2 0
162 2 0
163 1 0
163 1 362
163 1 667
163 1 242
163 1 0
163 1 0
163 1 0
163 1 0
164 1 0
164 1 333
164 1 363
164 1 599
164 1 836
164 1 585
164 1 0
164 1 0
164 1 0
164 1 0
165 2 0
165 2 959
165 2 671
165 2 952
165 2 75
165 2 76
165 2 0
165 2 0
166 1 0
166 1 297
166 1 713
166 1 65
166 1 0
166 1 0
167 1 0
167 1 322
167 1 0
167 1 0
168 2 0
168 2 61
168 2 768
168 2 575
168 2 637
168 2 0
168 2 0
168 2 0
168 2 0
169 1 0
169 1 103
169 1 261
169 1 16
169 1 736
169 1 766
169 1 0
169 1 0
169 1 0
169 1 0
170 2 0
170 2 770
170 2 302
170 2 851
170 2 358
170 2 0
170 2 0
170 2 0
170 2 0
171 1 0
171 1 299
171 1 378
171 1 375
171 1 0
171 1 0
172 2 0
172 2 209
172 2 639
172 2 0
173 1 0
173 1 256
173 1 215
173 1 444
173 1 787
173 1 774
173 1 0
173 1 0
174 1 0
174 1 152
174 1 110
174 1 0
174 1 0
175 1 0
175 1 379
175 1 343
175 1 1
175 1 0
175 1 0
175 1 0
175 1 112
175 1 0
176 2 0
176 2 567
176 2 528
176 2 228
176 2 350
176 2 0
176 2 0
176 2 0
176 2 0
177 2 0
177 2 901
177 2 452
177 2 696
177 2 3
177 2 896
177 2 547
177 2 231
177 2 0
177 2 0
178 2 0
178 2 560
178 2 702
178 2 572
178 2 235
178 2 0
178 2 0
179 2 0
179 2 483
179 2 821
179 2 258
179 2 405
179 2 337
179 2 0
179 2 0
179 2 0
179 2 0
180 1 0
180 1 159
180 1 804
180 1 0
180 1 0
180 1 0
180 1 169
180 1 0
180 1 0
181 1 0
181 1 115
181 1 62
181 1 390
181 1 239
181 1 537
181 1 300
181 1 0
181 1 0
182 2 0
182 2 52
182 2 592
182 2 933
182 2 213
182 2 285
182 2 594
182 2 584
182 2 0
182 2 0
182 2 0
182 2 0
183 2 0
183 2 344
183 2 315
183 2 888
183 2 0
183 2 0
183 2 0
183 2 0
184 1 0
184 1 403
184 1 422
184 1 658
184 1 833
184 1 48
184 1 0
184 1 130
184 1 0
185 2 0
185 2 203
185 2 234
185 2 968
185 2 935
185 2 583
185 2 731
185 2 620
185 2 0
185 2 0
185 2 0
185 2 0
186 2 0
186 2 20
186 2 39
186 2 985
186 2 51
186 2 19
186 2 527
186 2 0
186 2 0
186 2 0
186 2 0
187 2 0
187 2 111
187 2 688
187 2 775
187 2 762
187 2 0
187 2 0
187 2 0
187 2 43
187 2 0
188 2 0
188 2 312
188 2 70
188 2 864
188 2 260
188 2 0
188 2 0
189 1 0
189 1 355
189 1 262
189 1 192
189 1 0
189 1 0
189 1 0
189 1 0
190 1 0
190 1 487
190 1 886
190 1 500
190 1 50
190 1 0
190 1 0
190 1 0
190 1 0
191 2 0
191 2 822
191 2 0
191 2 0
191 2 0
191 2 0
192 1 0
192 1 521
192 1 551
192 1 439
192 1 0
192 1 0
193 2 0
193 2 729
193 2 987
193 2 0
193 2 0
193 2 0
193 2 431
193 2 77
193 2 0
193 2 0
194 1 0
194 1 280
194 1 219
194 1 0
194 1 0
194 1 0
194 1 0
195 1 0
195 1 143
195 1 958
195 1 179
195 1 0
195 1 395
195 1 0
195 1 0
195 1 0
195 1 0
196 1 0
196 1 67
196 1 540
196 1 780
196 1 0
196 1 270
196 1 0
196 1 0
196 1 0
196 1 0
197 1 0
197 1 185
197 1 424
197 1 421
197 1 0
197 1 0
197 1 0
197 1 371
197 1 0
197 1 0
197 1 0
197 1 0
198 1 0
198 1 956
198 1 474
198 1 0
198 1 0
198 1 0
198 1 469
198 1 869
198 1 0
198 1 0
199 1 0
199 1 359
199 1 957
199 1 708
199 1 0
199 1 0
199 1 0
199 1 0
200 2 0
200 2 274
200 2 0
200 2 0
201 2 0
201 2 108
201 2 96
201 2 12
201 2 0
201 2 0
202 1 0
202 1 89
202 1 0
203 1 0
203 1 33
203 1 0
204 2 0
204 2 29
204 2 0
205 1 0
205 1 13
205 1 0
205 1 0
206 2 0
206 2 2
206 2 0
