total cost: 347173
1 2 0
1 2 553
1 2 288
1 2 767
1 2 0
1 2 0
1 2 616
1 2 180
1 2 257
1 2 932
1 2 0
2 2 0
2 2 220
2 2 802
2 2 577
2 2 408
2 2 801
2 2 0
2 2 0
2 2 307
2 2 790
2 2 0
2 2 0
2 2 141
2 2 0
3 2 0
3 2 539
3 2 462
3 2 813
3 2 693
3 2 754
3 2 974
3 2 716
3 2 525
3 2 0
3 2 0
3 2 0
4 2 0
4 2 645
4 2 865
4 2 189
4 2 428
4 2 0
4 2 0
4 2 793
4 2 654
4 2 652
4 2 504
4 2 0
5 2 0
5 2 605
5 2 856
5 2 593
5 2 602
5 2 284
5 2 759
5 2 0
5 2 0
5 2 612
5 2 520
5 2 0
6 2 0
6 2 463
6 2 354
6 2 442
6 2 710
6 2 717
6 2 94
6 2 732
6 2 600
6 2 0
6 2 0
6 2 0
7 2 0
7 2 254
7 2 57
7 2 843
7 2 423
7 2 798
7 2 468
7 2 380
7 2 205
7 2 114
7 2 0
8 2 0
8 2 281
8 2 532
8 2 489
8 2 440
8 2 391
8 2 304
8 2 476
8 2 742
8 2 0
8 2 0
8 2 0
9 1 0
9 1 954
9 1 0
10 2 0
10 2 170
10 2 400
10 2 689
10 2 749
10 2 8
10 2 535
10 2 401
10 2 0
11 2 0
11 2 37
11 2 389
11 2 855
11 2 232
11 2 512
11 2 397
11 2 269
11 2 0
12 2 0
12 2 154
12 2 14
12 2 0
12 2 0
12 2 454
12 2 919
12 2 475
12 2 799
12 2 0
13 2 0
13 2 4
13 2 911
13 2 899
13 2 831
13 2 939
13 2 975
13 2 570
13 2 510
13 2 0
13 2 0
13 2 0
14 1 0
14 1 947
14 1 250
14 1 237
14 1 58
14 1 0
14 1 0
14 1 319
14 1 229
14 1 356
14 1 0
14 1 0
14 1 0
15 2 0
15 2 478
15 2 473
15 2 863
15 2 609
15 2 0
15 2 0
15 2 164
15 2 641
15 2 0
16 1 0
16 1 763
16 1 826
16 1 922
16 1 101
16 1 543
16 1 0
16 1 0
16 1 283
16 1 590
16 1 148
16 1 293
16 1 0
17 2 0
17 2 501
17 2 850
17 2 871
17 2 36
17 2 264
17 2 63
17 2 99
17 2 807
17 2 0
17 2 0
17 2 0
18 2 0
18 2 544
18 2 700
18 2 217
18 2 470
18 2 897
18 2 815
18 2 0
19 2 0
19 2 459
19 2 714
19 2 124
19 2 810
19 2 784
19 2 0
20 1 0
20 1 565
20 1 816
20 1 910
20 1 524
20 1 0
20 1 0
20 1 92
20 1 216
20 1 650
20 1 885
20 1 323
20 1 0
21 1 0
21 1 841
21 1 7
21 1 992
21 1 707
21 1 246
21 1 40
21 1 990
21 1 844
21 1 0
21 1 0
21 1 0
22 1 0
22 1 291
22 1 542
22 1 266
22 1 399
22 1 680
22 1 873
22 1 360
22 1 694
22 1 223
22 1 0
22 1 0
23 2 0
23 2 682
23 2 531
23 2 806
23 2 814
23 2 93
23 2 945
23 2 880
23 2 345
23 2 0
24 2 0
24 2 820
24 2 925
24 2 9
24 2 324
24 2 648
24 2 0
24 2 0
24 2 591
24 2 0
25 2 0
25 2 866
25 2 128
25 2 741
25 2 418
25 2 84
25 2 709
25 2 776
25 2 0
25 2 0
25 2 0
26 2 0
26 2 846
26 2 335
26 2 608
26 2 0
26 2 0
26 2 230
26 2 0
27 2 0
27 2 158
27 2 541
27 2 338
27 2 204
27 2 563
27 2 964
27 2 940
27 2 314
27 2 191
27 2 0
28 2 0
28 2 868
28 2 738
28 2 796
28 2 349
28 2 279
28 2 0
28 2 0
28 2 161
28 2 0
29 2 0
29 2 113
29 2 456
29 2 102
29 2 351
29 2 921
29 2 0
29 2 0
29 2 107
29 2 967
29 2 508
29 2 0
30 2 0
30 2 907
30 2 446
30 2 538
30 2 580
30 2 808
30 2 676
30 2 852
30 2 692
30 2 212
30 2 0
31 2 0
31 2 54
31 2 715
31 2 902
31 2 292
31 2 208
31 2 0
31 2 0
31 2 0
32 2 0
32 2 529
32 2 603
32 2 644
32 2 447
32 2 840
32 2 0
32 2 0
32 2 678
32 2 436
32 2 0
33 1 0
33 1 17
33 1 188
33 1 781
33 1 79
33 1 0
33 1 0
33 1 171
33 1 477
33 1 0
34 1 0
34 1 441
34 1 329
34 1 207
34 1 168
34 1 71
34 1 44
34 1 383
34 1 0
34 1 0
34 1 0
34 1 0
35 2 0
35 2 606
35 2 955
35 2 562
35 2 752
35 2 410
35 2 664
35 2 0
35 2 0
35 2 561
35 2 276
35 2 0
36 2 0
36 2 153
36 2 394
36 2 453
36 2 88
36 2 578
36 2 0
36 2 0
36 2 949
36 2 513
36 2 545
36 2 0
37 1 0
37 1 666
37 1 934
37 1 78
37 1 365
37 1 0
37 1 0
37 1 472
37 1 785
37 1 0
37 1 0
37 1 0
38 1 0
38 1 437
38 1 290
38 1 0
38 1 0
38 1 550
38 1 86
38 1 74
38 1 0
38 1 0
38 1 0
39 2 0
39 2 133
39 2 783
39 2 106
39 2 64
39 2 923
39 2 970
39 2 734
39 2 0
40 2 0
40 2 721
40 2 435
40 2 686
40 2 835
40 2 0
40 2 0
40 2 0
41 2 0
41 2 495
41 2 969
41 2 803
41 2 906
41 2 0
42 1 0
42 1 255
42 1 647
42 1 611
42 1 724
42 1 0
43 1 0
43 1 45
43 1 809
43 1 930
43 1 771
43 1 492
43 1 977
43 1 396
43 1 0
43 1 0
43 1 837
43 1 0
44 1 0
44 1 336
44 1 369
44 1 854
44 1 0
44 1 0
44 1 791
44 1 677
44 1 259
44 1 125
44 1 0
45 2 0
45 2 817
45 2 751
45 2 157
45 2 199
45 2 485
45 2 151
45 2 0
45 2 0
45 2 0
46 1 0
46 1 518
46 1 497
46 1 610
46 1 894
46 1 25
46 1 726
46 1 758
46 1 0
46 1 0
46 1 0
46 1 0
47 1 0
47 1 455
47 1 980
47 1 289
47 1 675
47 1 0
47 1 0
47 1 0
48 1 0
48 1 909
48 1 971
48 1 965
48 1 480
48 1 0
48 1 0
48 1 0
49 2 0
49 2 679
49 2 753
49 2 838
49 2 342
49 2 0
50 2 0
50 2 576
50 2 0
50 2 0
50 2 0
51 1 0
51 1 178
51 1 38
51 1 668
51 1 494
51 1 0
52 1 0
52 1 352
52 1 200
52 1 0
53 2 0
53 2 699
53 2 996
53 2 870
53 2 272
53 2 0
53 2 0
53 2 41
53 2 417
53 2 918
53 2 309
53 2 0
54 1 0
54 1 340
54 1 756
54 1 134
54 1 175
54 1 376
54 1 601
54 1 0
54 1 0
54 1 0
55 2 0
55 2 646
55 2 334
55 2 938
55 2 755
55 2 997
55 2 0
55 2 0
55 2 876
55 2 929
55 2 0
56 2 0
56 2 392
56 2 366
56 2 81
56 2 628
56 2 937
56 2 761
56 2 595
56 2 0
56 2 0
56 2 0
57 2 0
57 2 989
57 2 233
57 2 794
57 2 874
57 2 0
57 2 0
57 2 160
57 2 490
57 2 471
57 2 0
58 2 0
58 2 398
58 2 80
58 2 311
58 2 0
58 2 0
58 2 0
59 1 0
59 1 181
59 1 136
59 1 779
59 1 0
60 2 0
60 2 275
60 2 310
60 2 973
60 2 118
60 2 0
60 2 0
60 2 166
60 2 0
61 1 0
61 1 568
61 1 135
61 1 0
62 2 0
62 2 673
62 2 887
62 2 891
62 2 685
62 2 936
62 2 656
62 2 581
62 2 630
62 2 0
62 2 0
62 2 0
63 2 0
63 2 511
63 2 777
63 2 663
63 2 425
63 2 586
63 2 904
63 2 0
63 2 0
63 2 0
64 1 0
64 1 943
64 1 941
64 1 341
64 1 571
64 1 0
64 1 0
64 1 248
64 1 47
64 1 0
65 1 0
65 1 321
65 1 655
65 1 0
65 1 0
65 1 748
65 1 438
65 1 434
65 1 0
66 1 0
66 1 186
66 1 735
66 1 172
66 1 211
66 1 948
66 1 0
67 2 0
67 2 193
67 2 426
67 2 0
67 2 0
67 2 163
67 2 604
67 2 516
67 2 0
68 1 0
68 1 430
68 1 764
68 1 819
68 1 0
68 1 0
68 1 150
68 1 944
68 1 669
68 1 857
68 1 0
69 1 0
69 1 328
69 1 413
69 1 683
69 1 0
69 1 0
69 1 0
70 1 0
70 1 226
70 1 496
70 1 119
70 1 301
70 1 0
71 1 0
71 1 411
71 1 574
71 1 582
71 1 875
71 1 122
71 1 983
71 1 0
71 1 0
71 1 0
71 1 0
72 1 0
72 1 183
72 1 393
72 1 861
72 1 457
72 1 960
72 1 536
72 1 0
72 1 0
73 2 0
73 2 757
73 2 287
73 2 0
73 2 0
73 2 0
74 2 0
74 2 18
74 2 458
74 2 792
74 2 613
74 2 187
74 2 0
74 2 0
74 2 95
74 2 0
75 2 0
75 2 564
75 2 695
75 2 657
75 2 0
75 2 0
75 2 177
75 2 701
75 2 515
75 2 624
75 2 0
76 2 0
76 2 273
76 2 805
76 2 927
76 2 466
76 2 877
76 2 881
76 2 298
76 2 0
77 2 0
77 2 30
77 2 660
77 2 484
77 2 706
77 2 558
77 2 506
77 2 0
77 2 0
78 2 0
78 2 404
78 2 419
78 2 190
78 2 615
78 2 0
78 2 0
78 2 718
78 2 0
78 2 0
78 2 0
79 2 0
79 2 557
79 2 812
79 2 847
79 2 0
80 1 0
80 1 697
80 1 797
80 1 429
80 1 85
80 1 800
80 1 778
80 1 465
80 1 0
80 1 0
80 1 0
80 1 0
81 1 0
81 1 481
81 1 509
81 1 0
81 1 0
81 1 0
82 1 0
82 1 640
82 1 554
82 1 559
82 1 555
82 1 34
82 1 0
82 1 0
82 1 0
82 1 27
82 1 28
82 1 0
83 2 0
83 2 167
83 2 830
83 2 730
83 2 126
83 2 0
83 2 0
83 2 705
83 2 848
83 2 750
83 2 607
83 2 0
84 1 0
84 1 59
84 1 627
84 1 659
84 1 951
84 1 0
84 1 0
84 1 479
84 1 727
84 1 0
84 1 0
84 1 0
85 1 0
85 1 999
85 1 622
85 1 332
85 1 488
85 1 995
85 1 0
85 1 0
85 1 0
85 1 0
86 2 0
86 2 282
86 2 296
86 2 0
86 2 0
86 2 661
86 2 91
86 2 789
86 2 0
87 1 0
87 1 31
87 1 849
87 1 402
87 1 636
87 1 83
87 1 415
87 1 632
87 1 386
87 1 0
87 1 0
88 1 0
88 1 173
88 1 621
88 1 245
88 1 0
88 1 0
88 1 24
88 1 0
89 2 0
89 2 746
89 2 988
89 2 318
89 2 346
89 2 461
89 2 104
89 2 90
89 2 0
89 2 0
90 1 0
90 1 247
90 1 908
90 1 728
90 1 498
90 1 0
90 1 0
90 1 0
90 1 23
90 1 0
91 1 0
91 1 97
91 1 493
91 1 842
91 1 0
92 1 0
92 1 991
92 1 703
92 1 144
92 1 642
92 1 0
92 1 0
92 1 0
92 1 11
92 1 265
92 1 0
93 1 0
93 1 782
93 1 862
93 1 596
93 1 467
93 1 0
93 1 0
93 1 662
93 1 619
93 1 895
93 1 0
93 1 0
94 1 0
94 1 420
94 1 998
94 1 665
94 1 15
94 1 432
94 1 218
94 1 0
94 1 0
94 1 0
94 1 0
95 2 0
95 2 149
95 2 534
95 2 634
95 2 825
95 2 387
95 2 0
95 2 0
95 2 546
95 2 182
95 2 0
96 2 0
96 2 294
96 2 950
96 2 214
96 2 942
96 2 883
96 2 994
96 2 824
96 2 0
97 2 0
97 2 10
97 2 672
97 2 412
97 2 0
98 1 0
98 1 445
98 1 348
98 1 523
98 1 0
98 1 0
98 1 0
99 1 0
99 1 898
99 1 505
99 1 503
99 1 0
99 1 0
100 1 0
100 1 530
100 1 920
100 1 339
100 1 0
100 1 0
100 1 0
101 1 0
101 1 251
101 1 773
101 1 98
101 1 635
101 1 0
101 1 0
101 1 0
101 1 66
101 1 0
102 2 0
102 2 414
102 2 53
102 2 740
102 2 0
102 2 0
102 2 0
103 2 0
103 2 828
103 2 0
103 2 0
103 2 140
103 2 526
103 2 116
103 2 928
103 2 0
104 2 0
104 2 720
104 2 986
104 2 464
104 2 0
104 2 0
104 2 367
104 2 222
104 2 0
104 2 0
104 2 0
105 2 0
105 2 313
105 2 903
105 2 502
105 2 303
105 2 450
105 2 959
105 2 308
105 2 49
105 2 0
105 2 0
105 2 0
105 2 0
106 2 0
106 2 719
106 2 839
106 2 966
106 2 859
106 2 6
106 2 406
106 2 82
106 2 0
106 2 0
107 2 0
107 2 109
107 2 853
107 2 972
107 2 316
107 2 978
107 2 0
107 2 0
107 2 330
107 2 0
108 2 0
108 2 142
108 2 320
108 2 460
108 2 725
108 2 0
108 2 0
108 2 818
108 2 0
108 2 0
108 2 0
109 2 0
109 2 712
109 2 653
109 2 448
109 2 598
109 2 326
109 2 331
109 2 0
109 2 0
109 2 0
109 2 0
110 1 0
110 1 271
110 1 327
110 1 253
110 1 760
110 1 0
110 1 0
110 1 0
110 1 587
110 1 0
111 1 0
111 1 145
111 1 917
111 1 60
111 1 433
111 1 491
111 1 299
111 1 882
111 1 0
111 1 0
112 1 0
112 1 976
112 1 832
112 1 263
112 1 905
112 1 890
112 1 579
112 1 829
112 1 0
112 1 0
112 1 0
112 1 0
113 1 0
113 1 364
113 1 743
113 1 860
113 1 723
113 1 236
113 1 0
113 1 0
113 1 0
113 1 0
114 1 0
114 1 638
114 1 1000
114 1 0
114 1 0
114 1 0
115 2 0
115 2 385
115 2 35
115 2 993
115 2 0
115 2 0
115 2 0
116 1 0
116 1 407
116 1 827
116 1 156
116 1 823
116 1 548
116 1 0
116 1 0
116 1 0
116 1 0
117 2 0
117 2 42
117 2 698
117 2 244
117 2 567
117 2 361
117 2 353
117 2 443
117 2 0
117 2 0
117 2 0
117 2 0
118 1 0
118 1 240
118 1 196
118 1 0
118 1 0
118 1 0
118 1 811
118 1 772
118 1 0
119 2 0
119 2 32
119 2 46
119 2 912
119 2 0
120 2 0
120 2 670
120 2 690
120 2 123
120 2 834
120 2 651
120 2 617
120 2 381
120 2 0
120 2 0
121 2 0
121 2 409
121 2 981
121 2 507
121 2 649
121 2 378
121 2 599
121 2 836
121 2 0
121 2 0
121 2 0
121 2 0
122 1 0
122 1 69
122 1 569
122 1 305
122 1 68
122 1 0
122 1 0
123 2 0
123 2 744
123 2 625
123 2 384
123 2 210
123 2 900
123 2 242
123 2 0
123 2 0
123 2 0
123 2 0
124 1 0
124 1 127
124 1 0
125 1 0
125 1 573
125 1 924
125 1 0
125 1 0
125 1 221
125 1 112
125 1 0
125 1 0
125 1 0
126 1 0
126 1 514
126 1 916
126 1 56
126 1 162
126 1 962
126 1 0
126 1 0
126 1 0
126 1 0
127 1 0
127 1 722
127 1 61
127 1 631
127 1 946
127 1 533
127 1 963
127 1 0
127 1 0
127 1 0
127 1 0
128 1 0
128 1 681
128 1 872
128 1 373
128 1 0
128 1 0
128 1 0
128 1 0
129 2 0
129 2 982
129 2 953
129 2 633
129 2 984
129 2 845
129 2 858
129 2 0
129 2 0
130 2 0
130 2 374
130 2 788
130 2 522
130 2 249
130 2 377
130 2 0
130 2 0
130 2 0
130 2 0
131 1 0
131 1 22
131 1 867
131 1 0
131 1 0
131 1 0
131 1 765
131 1 0
131 1 0
131 1 0
132 2 0
132 2 73
132 2 713
132 2 795
132 2 65
132 2 0
132 2 0
133 2 0
133 2 588
133 2 201
133 2 0
134 1 0
134 1 277
134 1 914
134 1 691
134 1 147
134 1 0
134 1 0
134 1 0
134 1 786
134 1 0
134 1 0
134 1 0
135 1 0
135 1 382
135 1 146
135 1 76
135 1 0
135 1 0
136 1 0
136 1 566
136 1 0
136 1 0
136 1 626
136 1 0
136 1 0
136 1 0
137 1 0
137 1 913
137 1 0
137 1 0
137 1 0
138 2 0
138 2 449
138 2 893
138 2 747
138 2 597
138 2 517
138 2 286
138 2 486
138 2 915
138 2 252
138 2 0
138 2 0
138 2 0
138 2 0
139 1 0
139 1 372
139 1 0
139 1 0
139 1 0
140 1 0
140 1 5
140 1 325
140 1 0
140 1 0
140 1 202
140 1 0
141 1 0
141 1 357
141 1 174
141 1 769
141 1 427
141 1 0
141 1 0
141 1 0
141 1 0
142 2 0
142 2 243
142 2 120
142 2 0
142 2 0
142 2 317
142 2 0
142 2 0
142 2 0
143 2 0
143 2 370
143 2 733
143 2 528
143 2 228
143 2 350
143 2 0
143 2 0
143 2 0
143 2 0
144 1 0
144 1 0
145 1 0
145 1 0
146 2 0
146 2 745
146 2 0
146 2 0
146 2 556
146 2 499
146 2 0
147 1 0
147 1 184
147 1 194
147 1 623
147 1 0
147 1 0
147 1 0
147 1 195
147 1 737
147 1 961
147 1 0
147 1 0
148 2 0
148 2 224
148 2 129
148 2 227
148 2 117
148 2 878
148 2 0
148 2 0
148 2 0
148 2 87
148 2 55
148 2 0
149 2 0
149 2 643
149 2 884
149 2 674
149 2 0
149 2 0
149 2 362
149 2 667
149 2 629
149 2 0
149 2 0
150 1 0
150 1 137
150 1 131
150 1 268
150 1 0
150 1 0
150 1 0
150 1 165
150 1 0
150 1 0
150 1 0
151 1 0
151 1 238
151 1 198
151 1 416
151 1 159
151 1 671
151 1 105
151 1 952
151 1 0
151 1 0
151 1 0
151 1 0
152 2 0
152 2 176
152 2 197
152 2 139
152 2 892
152 2 138
152 2 110
152 2 0
152 2 0
153 2 0
153 2 267
153 2 0
153 2 0
153 2 618
153 2 241
153 2 0
154 2 0
154 2 684
154 2 422
154 2 302
154 2 21
154 2 931
154 2 363
154 2 375
154 2 3
154 2 0
154 2 0
154 2 0
154 2 0
155 1 0
155 1 368
155 1 20
155 1 256
155 1 306
155 1 0
155 1 0
155 1 0
155 1 451
155 1 0
156 1 0
156 1 482
156 1 379
156 1 768
156 1 639
156 1 704
156 1 0
156 1 0
156 1 0
156 1 0
157 2 0
157 2 333
157 2 155
157 2 552
157 2 864
157 2 879
157 2 585
157 2 0
157 2 0
158 2 0
158 2 72
158 2 901
158 2 206
158 2 519
158 2 896
158 2 547
158 2 0
158 2 0
159 1 0
159 1 322
159 1 979
159 1 0
159 1 0
159 1 0
159 1 0
160 2 0
160 2 103
160 2 261
160 2 16
160 2 388
160 2 766
160 2 0
160 2 0
160 2 0
160 2 0
161 1 0
161 1 100
161 1 347
161 1 926
161 1 0
161 1 0
161 1 0
161 1 43
161 1 0
162 1 0
162 1 770
162 1 0
162 1 0
162 1 0
162 1 297
162 1 787
162 1 0
162 1 0
163 2 0
163 2 549
163 2 358
163 2 696
163 2 121
163 2 0
163 2 0
163 2 0
163 2 0
164 1 0
164 1 711
164 1 0
164 1 0
164 1 0
164 1 0
165 2 0
165 2 209
165 2 96
165 2 75
165 2 0
165 2 0
166 2 0
166 2 483
166 2 575
166 2 933
166 2 637
166 2 0
166 2 0
166 2 0
166 2 295
166 2 0
167 2 0
167 2 52
167 2 343
167 2 0
167 2 0
167 2 0
167 2 560
167 2 739
167 2 431
167 2 0
167 2 0
168 2 0
168 2 215
168 2 132
168 2 39
168 2 50
168 2 572
168 2 527
168 2 235
168 2 0
168 2 0
168 2 0
168 2 0
169 1 0
169 1 115
169 1 851
169 1 225
169 1 405
169 1 620
169 1 0
169 1 0
169 1 0
169 1 0
170 1 0
170 1 344
170 1 702
170 1 774
170 1 889
170 1 0
170 1 0
170 1 0
170 1 0
171 2 0
171 2 403
171 2 312
171 2 658
171 2 239
171 2 537
171 2 337
171 2 0
171 2 0
171 2 0
171 2 0
172 2 0
172 2 203
172 2 234
172 2 390
172 2 62
172 2 584
172 2 371
172 2 0
172 2 0
172 2 0
172 2 0
173 1 0
173 1 285
173 1 0
173 1 0
173 1 0
173 1 0
174 1 0
174 1 452
174 1 821
174 1 258
174 1 213
174 1 0
174 1 0
174 1 0
174 1 0
175 2 0
175 2 111
175 2 804
175 2 0
175 2 0
175 2 0
175 2 280
175 2 594
175 2 551
175 2 0
175 2 0
175 2 0
175 2 0
176 2 0
176 2 592
176 2 1
176 2 736
176 2 315
176 2 469
176 2 888
176 2 0
176 2 0
176 2 0
176 2 0
177 1 0
177 1 70
177 1 67
177 1 968
177 1 0
177 1 0
177 1 0
177 1 169
177 1 231
177 1 0
177 1 0
178 2 0
178 2 355
178 2 444
178 2 26
178 2 589
178 2 278
178 2 0
178 2 0
178 2 0
178 2 0
179 1 0
179 1 687
179 1 833
179 1 300
179 1 48
179 1 0
179 1 0
180 2 0
180 2 439
180 2 822
180 2 0
180 2 0
180 2 0
180 2 0
181 1 0
181 1 262
181 1 500
181 1 762
181 1 0
181 1 0
181 1 0
181 1 0
182 1 0
182 1 487
182 1 886
182 1 958
182 1 0
182 1 0
182 1 0
182 1 260
182 1 0
182 1 0
183 2 0
183 2 729
183 2 775
183 2 935
183 2 583
183 2 192
183 2 19
183 2 957
183 2 0
183 2 0
184 2 0
184 2 521
184 2 77
184 2 869
184 2 0
184 2 0
185 2 0
185 2 614
185 2 731
185 2 0
185 2 0
186 2 0
186 2 270
186 2 395
186 2 0
186 2 0
186 2 0
186 2 0
187 1 0
187 1 688
187 1 179
187 1 0
187 1 0
187 1 0
187 1 219
187 1 0
187 1 0
188 1 0
188 1 143
188 1 474
188 1 985
188 1 0
188 1 152
188 1 0
188 1 0
189 1 0
189 1 185
189 1 987
189 1 0
189 1 0
189 1 0
189 1 130
189 1 0
190 2 0
190 2 956
190 2 780
190 2 424
190 2 421
190 2 0
190 2 0
190 2 0
190 2 0
191 1 0
191 1 540
191 1 51
191 1 0
191 1 0
191 1 0
191 1 708
191 1 0
191 1 0
192 1 0
192 1 359
192 1 0
192 1 0
192 1 0
192 1 0
193 1 0
193 1 274
193 1 0
193 1 0
194 2 0
194 2 108
194 2 12
194 2 0
194 2 0
195 1 0
195 1 89
195 1 0
196 2 0
196 2 33
196 2 0
197 1 0
197 1 29
197 1 0
198 2 0
198 2 13
198 2 0
198 2 0
199 1 0
199 1 2
199 1 0
