total cost: 335065
1 2 0
1 2 553
1 2 288
1 2 767
1 2 0
1 2 0
1 2 307
1 2 793
1 2 0
1 2 0
1 2 141
1 2 0
2 1 0
2 1 220
2 1 802
2 1 577
2 1 254
2 1 0
2 1 0
2 1 616
2 1 180
2 1 257
2 1 932
2 1 0
2 1 0
2 1 0
3 1 0
3 1 463
3 1 539
3 1 462
3 1 693
3 1 0
4 1 0
4 1 801
4 1 754
4 1 593
4 1 974
4 1 716
4 1 525
4 1 476
4 1 0
5 1 0
5 1 954
5 1 161
5 1 652
5 1 0
5 1 0
5 1 0
6 1 0
6 1 408
6 1 947
6 1 602
6 1 284
6 1 171
6 1 742
6 1 0
7 2 0
7 2 645
7 2 865
7 2 189
7 2 428
7 2 0
7 2 0
7 2 790
7 2 0
7 2 0
7 2 654
7 2 0
8 1 0
8 1 605
8 1 856
8 1 689
8 1 798
8 1 544
8 1 423
8 1 0
9 2 0
9 2 57
9 2 281
9 2 843
9 2 170
9 2 532
9 2 717
9 2 440
9 2 94
9 2 732
9 2 600
9 2 0
9 2 0
9 2 0
10 2 0
10 2 354
10 2 442
10 2 710
10 2 391
10 2 304
10 2 205
10 2 114
10 2 0
11 2 0
11 2 749
11 2 319
11 2 164
11 2 380
11 2 0
12 2 0
12 2 459
12 2 154
12 2 0
12 2 0
12 2 124
12 2 401
12 2 535
12 2 0
13 1 0
13 1 37
13 1 389
13 1 855
13 1 808
13 1 512
13 1 397
13 1 212
13 1 0
14 2 0
14 2 454
14 2 283
14 2 919
14 2 475
14 2 799
14 2 0
15 2 0
15 2 8
15 2 561
15 2 229
15 2 356
15 2 0
16 1 0
16 1 4
16 1 911
16 1 899
16 1 250
16 1 400
16 1 468
16 1 783
16 1 470
16 1 477
16 1 0
17 1 0
17 1 813
17 1 473
17 1 738
17 1 863
17 1 0
17 1 0
17 1 612
17 1 590
17 1 269
17 1 0
18 1 0
18 1 763
18 1 831
18 1 501
18 1 682
18 1 101
18 1 700
18 1 106
18 1 217
18 1 897
18 1 0
18 1 0
18 1 0
19 1 0
19 1 478
19 1 975
19 1 759
19 1 0
19 1 0
19 1 591
19 1 520
19 1 504
19 1 0
20 1 0
20 1 92
20 1 216
20 1 418
20 1 323
20 1 178
20 1 885
20 1 776
20 1 0
21 2 0
21 2 841
21 2 7
21 2 543
21 2 437
21 2 992
21 2 923
21 2 436
21 2 970
21 2 0
21 2 0
21 2 0
22 2 0
22 2 570
22 2 510
22 2 810
22 2 276
22 2 0
22 2 0
22 2 0
23 2 0
23 2 565
23 2 850
23 2 58
23 2 237
23 2 338
23 2 0
23 2 0
23 2 714
23 2 293
23 2 0
24 1 0
24 1 489
24 1 741
24 1 107
24 1 0
25 2 0
25 2 291
25 2 542
25 2 707
25 2 246
25 2 40
25 2 815
25 2 360
25 2 990
25 2 0
25 2 0
25 2 0
26 2 0
26 2 846
26 2 609
26 2 807
26 2 0
27 2 0
27 2 64
27 2 641
27 2 791
27 2 964
27 2 314
27 2 0
28 1 0
28 1 866
28 1 9
28 1 721
28 1 967
28 1 678
28 1 508
28 1 0
29 1 0
29 1 128
29 1 925
29 1 715
29 1 902
29 1 84
29 1 709
29 1 668
29 1 0
29 1 0
29 1 0
30 2 0
30 2 820
30 2 511
30 2 425
30 2 586
30 2 79
30 2 208
30 2 0
30 2 0
30 2 230
30 2 0
31 2 0
31 2 816
31 2 113
31 2 910
31 2 868
31 2 349
31 2 0
31 2 0
31 2 264
31 2 0
32 2 0
32 2 158
32 2 871
32 2 36
32 2 204
32 2 563
32 2 945
32 2 880
32 2 345
32 2 0
32 2 0
32 2 0
33 1 0
33 1 939
33 1 922
33 1 677
33 1 940
33 1 784
33 1 125
33 1 0
34 1 0
34 1 54
34 1 17
34 1 292
34 1 38
34 1 0
34 1 0
34 1 148
34 1 0
35 2 0
35 2 826
35 2 45
35 2 809
35 2 430
35 2 977
35 2 396
35 2 685
35 2 0
35 2 0
35 2 0
36 2 0
36 2 907
36 2 608
36 2 447
36 2 545
36 2 0
36 2 0
36 2 0
37 2 0
37 2 14
37 2 538
37 2 446
37 2 580
37 2 232
37 2 495
37 2 969
37 2 852
37 2 692
37 2 0
38 2 0
38 2 63
38 2 524
38 2 279
38 2 99
38 2 785
38 2 472
38 2 679
38 2 0
38 2 0
38 2 0
39 1 0
39 1 529
39 1 796
39 1 644
39 1 513
39 1 906
39 1 0
39 1 0
39 1 0
40 2 0
40 2 606
40 2 955
40 2 562
40 2 266
40 2 399
40 2 680
40 2 873
40 2 844
40 2 438
40 2 223
40 2 0
41 1 0
41 1 541
41 1 611
41 1 647
41 1 255
41 1 980
41 1 0
41 1 0
41 1 0
42 2 0
42 2 153
42 2 394
42 2 934
42 2 329
42 2 207
42 2 168
42 2 71
42 2 661
42 2 0
42 2 0
42 2 0
43 1 0
43 1 441
43 1 666
43 1 335
43 1 676
43 1 803
43 1 0
43 1 0
43 1 0
44 1 0
44 1 603
44 1 840
44 1 0
44 1 0
44 1 949
44 1 44
44 1 383
44 1 0
45 2 0
45 2 531
45 2 806
45 2 814
45 2 93
45 2 259
45 2 417
45 2 918
45 2 0
45 2 0
45 2 0
46 1 0
46 1 133
46 1 752
46 1 664
46 1 0
46 1 0
46 1 837
46 1 0
47 2 0
47 2 650
47 2 398
47 2 0
48 1 0
48 1 550
48 1 86
48 1 74
48 1 0
48 1 0
48 1 0
49 1 0
49 1 456
49 1 996
49 1 699
49 1 392
49 1 181
49 1 41
49 1 136
49 1 200
49 1 1037
49 1 0
50 2 0
50 2 921
50 2 351
50 2 455
50 2 0
50 2 0
50 2 0
51 2 0
51 2 336
51 2 102
51 2 273
51 2 735
51 2 628
51 2 937
51 2 289
51 2 211
51 2 0
51 2 0
51 2 0
52 1 0
52 1 909
52 1 0
53 1 0
53 1 817
53 1 157
53 1 199
53 1 410
53 1 0
53 1 0
53 1 352
53 1 191
53 1 675
53 1 0
54 2 0
54 2 435
54 2 686
54 2 160
54 2 0
54 2 0
54 2 0
55 1 0
55 1 324
55 1 226
55 1 485
55 1 0
55 1 0
55 1 95
55 1 0
56 2 0
56 2 518
56 2 497
56 2 574
56 2 419
56 2 976
56 2 621
56 2 0
56 2 0
56 2 576
56 2 0
56 2 0
56 2 0
57 2 0
57 2 369
57 2 426
57 2 854
57 2 193
57 2 929
57 2 0
57 2 0
57 2 0
58 2 0
58 2 248
58 2 47
58 2 0
59 2 0
59 2 340
59 2 781
59 2 188
59 2 663
59 2 376
59 2 601
59 2 140
59 2 515
59 2 0
59 2 0
59 2 0
60 1 0
60 1 646
60 1 334
60 1 938
60 1 755
60 1 0
60 1 0
60 1 648
60 1 971
60 1 965
60 1 734
60 1 0
61 2 0
61 2 290
61 2 310
61 2 581
61 2 936
61 2 630
61 2 0
61 2 0
61 2 0
62 2 0
62 2 989
62 2 751
62 2 673
62 2 861
62 2 393
62 2 457
62 2 0
62 2 0
62 2 0
63 1 0
63 1 876
63 1 753
63 1 838
63 1 0
64 1 0
64 1 275
64 1 748
64 1 0
64 1 0
64 1 0
65 2 0
65 2 151
65 2 973
65 2 118
65 2 656
65 2 509
65 2 0
65 2 0
65 2 0
66 2 0
66 2 568
66 2 135
66 2 309
66 2 0
66 2 0
66 2 0
67 2 0
67 2 166
67 2 434
67 2 27
67 2 11
67 2 0
68 2 0
68 2 943
68 2 941
68 2 771
68 2 492
68 2 481
68 2 0
68 2 0
68 2 0
69 2 0
69 2 321
69 2 233
69 2 701
69 2 177
69 2 494
69 2 80
69 2 490
69 2 0
70 2 0
70 2 835
70 2 471
70 2 847
70 2 287
70 2 0
70 2 0
70 2 0
71 2 0
71 2 694
71 2 479
71 2 0
72 2 0
72 2 186
72 2 484
72 2 172
72 2 761
72 2 758
72 2 595
72 2 587
72 2 0
73 2 0
73 2 756
73 2 134
73 2 794
73 2 175
73 2 218
73 2 432
73 2 0
73 2 0
73 2 0
74 1 0
74 1 150
74 1 944
74 1 669
74 1 857
74 1 0
75 1 0
75 1 328
75 1 413
75 1 214
75 1 0
75 1 0
75 1 163
75 1 604
75 1 0
76 2 0
76 2 183
76 2 960
76 2 480
76 2 28
76 2 0
77 1 0
77 1 411
77 1 404
77 1 0
77 1 0
77 1 757
77 1 0
78 2 0
78 2 610
78 2 894
78 2 25
78 2 582
78 2 726
78 2 0
78 2 0
78 2 43
78 2 724
78 2 0
79 1 0
79 1 930
79 1 764
79 1 997
79 1 493
79 1 800
79 1 778
79 1 0
79 1 0
79 1 0
79 1 0
80 2 0
80 2 564
80 2 695
80 2 657
80 2 703
80 2 0
80 2 0
80 2 718
80 2 0
80 2 0
80 2 0
81 1 0
81 1 18
81 1 887
81 1 891
81 1 571
81 1 883
81 1 942
81 1 994
81 1 119
81 1 0
81 1 0
81 1 0
81 1 0
82 2 0
82 2 30
82 2 429
82 2 466
82 2 0
83 1 0
83 1 557
83 1 812
83 1 624
83 1 0
84 2 0
84 2 330
84 2 311
84 2 0
85 2 0
85 2 697
85 2 272
85 2 366
85 2 0
85 2 0
85 2 85
85 2 881
85 2 298
85 2 0
86 2 0
86 2 640
86 2 777
86 2 559
86 2 0
86 2 0
86 2 705
86 2 91
86 2 848
86 2 342
86 2 607
86 2 0
87 2 0
87 2 167
87 2 782
87 2 596
87 2 145
87 2 0
87 2 0
87 2 130
87 2 662
87 2 706
87 2 0
88 2 0
88 2 870
88 2 805
88 2 927
88 2 318
88 2 0
88 2 0
88 2 779
88 2 0
89 2 0
89 2 999
89 2 719
89 2 622
89 2 573
89 2 839
89 2 6
89 2 89
89 2 433
89 2 242
89 2 0
89 2 0
89 2 0
89 2 0
90 2 0
90 2 81
90 2 948
90 2 0
91 2 0
91 2 797
91 2 988
91 2 877
91 2 0
92 1 0
92 1 31
92 1 849
92 1 660
92 1 402
92 1 983
92 1 558
92 1 506
92 1 0
92 1 0
92 1 0
92 1 0
93 1 0
93 1 282
93 1 819
93 1 0
93 1 0
93 1 516
93 1 66
93 1 0
94 1 0
94 1 341
94 1 0
94 1 0
94 1 173
94 1 659
94 1 750
94 1 23
94 1 182
94 1 0
94 1 0
95 2 0
95 2 746
95 2 720
95 2 842
95 2 0
96 2 0
96 2 247
96 2 908
96 2 728
96 2 498
96 2 548
96 2 0
96 2 0
96 2 24
96 2 536
96 2 0
97 1 0
97 1 453
97 1 88
97 1 627
97 1 578
97 1 78
97 1 1018
97 1 0
97 1 1018
97 1 0
98 2 0
98 2 874
98 2 828
98 2 0
98 2 0
98 2 97
98 2 82
98 2 727
98 2 0
98 2 0
98 2 0
99 2 0
99 2 991
99 2 407
99 2 951
99 2 190
99 2 0
100 1 0
100 1 655
100 1 712
100 1 0
100 1 0
100 1 365
100 1 898
100 1 789
100 1 0
100 1 0
100 1 0
101 2 0
101 2 458
101 2 792
101 2 332
101 2 613
101 2 488
101 2 187
101 2 0
101 2 0
101 2 0
102 1 0
102 1 420
102 1 554
102 1 998
102 1 555
102 1 34
102 1 339
102 1 0
102 1 0
102 1 0
102 1 0
103 1 0
103 1 830
103 1 0
103 1 0
103 1 496
103 1 672
103 1 0
103 1 0
103 1 0
104 1 0
104 1 149
104 1 534
104 1 320
104 1 460
104 1 0
104 1 0
104 1 0
104 1 546
104 1 0
105 2 0
105 2 294
105 2 950
105 2 467
105 2 465
105 2 683
105 2 0
105 2 0
105 2 0
106 1 0
106 1 126
106 1 730
106 1 0
106 1 0
106 1 530
106 1 920
106 1 638
106 1 772
106 1 0
106 1 0
106 1 0
106 1 0
107 1 0
107 1 642
107 1 144
107 1 245
107 1 823
107 1 0
107 1 0
107 1 0
107 1 0
108 2 0
108 2 59
108 2 271
108 2 414
108 2 53
108 2 619
108 2 895
108 2 0
108 2 0
108 2 0
108 2 0
109 1 0
109 1 665
109 1 249
109 1 522
109 1 928
109 1 0
109 1 0
110 1 0
110 1 445
110 1 387
110 1 348
110 1 0
110 1 0
110 1 0
111 2 0
111 2 251
111 2 502
111 2 346
111 2 461
111 2 46
111 2 104
111 2 0
112 2 0
112 2 10
112 2 406
112 2 824
112 2 0
112 2 0
112 2 0
113 1 0
113 1 265
113 1 0
113 1 0
113 1 0
114 2 0
114 2 313
114 2 903
114 2 98
114 2 0
114 2 0
114 2 904
114 2 322
114 2 499
114 2 0
115 1 0
115 1 109
115 1 853
115 1 825
115 1 0
115 1 0
115 1 367
115 1 301
115 1 0
115 1 0
115 1 0
116 2 0
116 2 142
116 2 634
116 2 972
116 2 316
116 2 978
116 2 325
116 2 5
116 2 0
116 2 0
116 2 0
116 2 0
117 1 0
117 1 296
117 1 0
117 1 0
117 1 818
117 1 0
117 1 0
117 1 0
118 1 0
118 1 862
118 1 744
118 1 364
118 1 860
118 1 236
118 1 0
118 1 0
118 1 0
118 1 0
119 2 0
119 2 221
119 2 505
119 2 503
119 2 0
120 1 0
120 1 385
120 1 832
120 1 615
120 1 327
120 1 617
120 1 381
120 1 0
120 1 0
121 2 0
121 2 523
121 2 1000
121 2 69
121 2 305
121 2 317
121 2 0
121 2 0
121 2 0
122 2 0
122 2 42
122 2 698
122 2 35
122 2 253
122 2 651
122 2 834
122 2 0
122 2 0
123 1 0
123 1 875
123 1 122
123 1 263
123 1 905
123 1 890
123 1 845
123 1 579
123 1 0
123 1 0
124 2 0
124 2 240
124 2 872
124 2 377
124 2 0
124 2 0
124 2 811
124 2 0
125 1 0
125 1 32
125 1 60
125 1 912
125 1 0
125 1 0
126 2 0
126 2 653
126 2 448
126 2 196
126 2 681
126 2 598
126 2 326
126 2 331
126 2 0
126 2 0
126 2 0
126 2 0
127 1 0
127 1 740
127 1 0
128 1 0
128 1 670
128 1 690
128 1 123
128 1 156
128 1 0
128 1 0
129 2 0
129 2 409
129 2 743
129 2 382
129 2 90
129 2 0
130 1 0
130 1 412
130 1 127
130 1 0
131 1 0
131 1 384
131 1 0
131 1 0
131 1 15
131 1 526
131 1 116
131 1 373
131 1 0
131 1 0
131 1 0
131 1 0
132 2 0
132 2 514
132 2 914
132 2 827
132 2 760
132 2 713
132 2 829
132 2 295
132 2 0
132 2 0
133 2 0
133 2 995
133 2 786
133 2 0
133 2 0
133 2 0
134 1 0
134 1 917
134 1 859
134 1 882
134 1 299
134 1 491
134 1 146
134 1 0
134 1 0
135 2 0
135 2 588
135 2 201
135 2 415
135 2 83
135 2 0
136 1 0
136 1 722
136 1 986
136 1 635
136 1 0
136 1 0
136 1 0
136 1 765
136 1 913
136 1 0
136 1 0
136 1 0
137 2 0
137 2 982
137 2 368
137 2 357
137 2 73
137 2 984
137 2 795
137 2 0
137 2 0
137 2 0
137 2 0
138 2 0
138 2 374
138 2 788
138 2 137
138 2 569
138 2 68
138 2 0
138 2 0
138 2 0
138 2 0
139 2 0
139 2 22
139 2 867
139 2 566
139 2 0
139 2 0
139 2 222
139 2 0
139 2 0
139 2 0
140 2 0
140 2 202
140 2 372
140 2 626
140 2 0
140 2 0
140 2 0
141 1 0
141 1 773
141 1 0
141 1 0
141 1 195
141 1 993
141 1 0
141 1 0
141 1 0
142 1 0
142 1 277
142 1 916
142 1 962
142 1 162
142 1 633
142 1 0
142 1 0
143 2 0
143 2 449
143 2 194
143 2 893
143 2 597
143 2 517
143 2 486
143 2 286
143 2 915
143 2 252
143 2 241
143 2 55
143 2 0
143 2 0
143 2 0
143 2 0
144 1 0
144 1 450
144 1 464
144 1 632
144 1 711
144 1 0
144 1 0
145 1 0
145 1 725
145 1 0
145 1 0
145 1 165
145 1 0
145 1 0
145 1 0
146 1 0
146 1 625
146 1 224
146 1 981
146 1 507
146 1 649
146 1 0
146 1 0
146 1 0
146 1 0
147 1 0
147 1 243
147 1 120
147 1 747
147 1 0
147 1 0
147 1 0
147 1 112
147 1 737
147 1 386
147 1 0
147 1 0
148 1 0
148 1 370
148 1 636
148 1 244
148 1 567
148 1 361
148 1 0
148 1 0
148 1 0
148 1 0
149 2 0
149 2 303
149 2 482
149 2 308
149 2 105
149 2 671
149 2 961
149 2 629
149 2 0
149 2 0
150 1 0
150 1 184
150 1 0
150 1 0
150 1 0
151 2 0
151 2 745
151 2 0
151 2 0
151 2 556
151 2 0
152 1 0
152 1 733
152 1 61
152 1 631
152 1 946
152 1 0
152 1 0
152 1 0
152 1 87
152 1 0
152 1 0
152 1 0
153 1 0
153 1 643
153 1 0
153 1 0
153 1 176
153 1 618
153 1 0
153 1 0
153 1 0
153 1 0
154 2 0
154 2 884
154 2 674
154 2 924
154 2 623
154 2 378
154 2 280
154 2 0
154 2 0
154 2 0
154 2 0
155 1 0
155 1 198
155 1 238
155 1 966
155 1 900
155 1 0
155 1 0
155 1 0
155 1 0
156 1 0
156 1 723
156 1 210
156 1 667
156 1 96
156 1 76
156 1 75
156 1 0
156 1 0
157 1 0
157 1 155
157 1 267
157 1 0
157 1 0
157 1 0
157 1 0
158 1 0
158 1 131
158 1 268
158 1 197
158 1 0
158 1 0
158 1 0
158 1 0
159 2 0
159 2 684
159 2 422
159 2 21
159 2 687
159 2 892
159 2 139
159 2 138
159 2 110
159 2 0
159 2 0
160 1 0
160 1 416
160 1 227
160 1 117
160 1 878
160 1 206
160 1 0
160 1 0
160 1 0
160 1 0
161 1 0
161 1 451
161 1 0
162 1 0
162 1 704
162 1 49
162 1 0
162 1 0
163 2 0
163 2 333
163 2 552
163 2 599
163 2 836
163 2 0
163 2 0
164 2 0
164 2 72
164 2 901
164 2 959
164 2 639
164 2 0
164 2 0
165 1 0
165 1 362
165 1 169
165 1 585
165 1 0
165 1 0
166 2 0
166 2 103
166 2 528
166 2 353
166 2 963
166 2 427
166 2 443
166 2 858
166 2 739
166 2 0
166 2 0
166 2 0
166 2 0
167 2 0
167 2 100
167 2 347
167 2 358
167 2 225
167 2 696
167 2 879
167 2 0
167 2 0
167 2 0
167 2 0
168 1 0
168 1 770
168 1 403
168 1 0
168 1 0
168 1 0
168 1 979
168 1 0
168 1 0
168 1 0
168 1 0
169 1 0
169 1 297
169 1 0
169 1 0
170 2 0
170 2 256
170 2 691
170 2 174
170 2 306
170 2 589
170 2 278
170 2 0
170 2 0
170 2 0
170 2 0
171 1 0
171 1 129
171 1 343
171 1 575
171 1 0
171 1 0
171 1 0
171 1 209
171 1 0
171 1 0
172 2 0
172 2 379
172 2 768
172 2 533
172 2 228
172 2 350
172 2 0
172 2 0
172 2 0
172 2 0
173 1 0
173 1 953
173 1 20
173 1 132
173 1 147
173 1 0
173 1 0
173 1 0
173 1 29
173 1 0
174 2 0
174 2 483
174 2 452
174 2 258
174 2 926
174 2 519
174 2 0
174 2 0
174 2 0
174 2 0
175 1 0
175 1 159
175 1 592
175 1 285
175 1 121
175 1 896
175 1 3
175 1 0
175 1 0
175 1 0
175 1 0
176 1 0
176 1 52
176 1 1
176 1 933
176 1 0
176 1 0
176 1 0
176 1 108
176 1 0
177 2 0
177 2 115
177 2 931
177 2 851
177 2 363
177 2 614
177 2 833
177 2 300
177 2 620
177 2 0
177 2 0
177 2 0
177 2 0
178 2 0
178 2 215
178 2 769
178 2 16
178 2 388
178 2 702
178 2 774
178 2 0
178 2 0
178 2 0
178 2 0
179 2 0
179 2 549
179 2 375
179 2 864
179 2 547
179 2 231
179 2 0
179 2 0
180 2 0
180 2 56
180 2 787
180 2 889
180 2 235
180 2 0
180 2 0
180 2 0
180 2 0
181 2 0
181 2 203
181 2 405
181 2 390
181 2 239
181 2 62
181 2 337
181 2 537
181 2 0
181 2 0
181 2 0
181 2 0
182 2 0
182 2 261
182 2 736
182 2 766
182 2 0
182 2 0
182 2 0
182 2 560
182 2 315
182 2 888
182 2 0
182 2 0
183 1 0
183 1 111
183 1 487
183 1 0
183 1 0
183 1 0
183 1 344
183 1 65
183 1 0
183 1 0
183 1 0
183 1 0
184 1 0
184 1 821
184 1 968
184 1 729
184 1 0
184 1 0
184 1 0
184 1 33
184 1 439
184 1 0
184 1 0
184 1 0
184 1 0
185 1 0
185 1 312
185 1 302
185 1 658
185 1 583
185 1 0
185 1 0
185 1 0
185 1 0
186 1 0
186 1 70
186 1 67
186 1 540
186 1 0
186 1 0
186 1 0
186 1 260
186 1 0
186 1 0
187 2 0
187 2 355
187 2 444
187 2 26
187 2 359
187 2 572
187 2 0
187 2 0
187 2 0
187 2 0
188 1 0
188 1 804
188 1 886
188 1 0
188 1 0
188 1 0
188 1 952
188 1 594
188 1 551
188 1 0
188 1 0
189 2 0
189 2 637
189 2 500
189 2 987
189 2 762
189 2 421
189 2 0
189 2 0
189 2 0
189 2 822
189 2 0
189 2 0
189 2 0
189 2 0
190 2 0
190 2 234
190 2 688
190 2 935
190 2 192
190 2 469
190 2 527
190 2 869
190 2 0
190 2 0
191 2 0
191 2 262
191 2 780
191 2 50
191 2 19
191 2 957
191 2 274
191 2 77
191 2 0
191 2 0
192 1 0
192 1 213
192 1 775
192 1 731
192 1 0
192 1 0
192 1 0
192 1 0
193 1 0
193 1 521
193 1 584
193 1 395
193 1 0
193 1 0
194 1 0
194 1 143
194 1 958
194 1 179
194 1 0
194 1 431
194 1 708
194 1 0
194 1 0
194 1 0
194 1 0
195 2 0
195 2 185
195 2 39
195 2 985
195 2 51
195 2 371
195 2 0
195 2 0
195 2 0
195 2 0
196 1 0
196 1 424
196 1 48
196 1 0
196 1 0
196 1 0
196 1 219
196 1 0
196 1 0
197 1 0
197 1 956
197 1 474
197 1 0
197 1 270
197 1 0
197 1 0
197 1 0
197 1 0
198 1 0
198 1 152
198 1 0
198 1 0
199 1 0
199 1 13
199 1 12
199 1 0
199 1 0
200 1 0
200 1 2
200 1 0
