total cost: 344164
1 2 0
1 2 553
1 2 288
1 2 767
1 2 0
1 2 0
1 2 616
1 2 180
1 2 257
1 2 932
1 2 0
2 1 0
2 1 220
2 1 802
2 1 0
2 1 0
2 1 463
2 1 539
2 1 693
2 1 0
3 1 0
3 1 254
3 1 577
3 1 408
3 1 801
3 1 459
3 1 0
3 1 0
3 1 790
3 1 0
3 1 0
3 1 141
3 1 0
4 2 0
4 2 645
4 2 865
4 2 189
4 2 428
4 2 0
4 2 0
4 2 307
4 2 793
4 2 654
4 2 0
5 2 0
5 2 605
5 2 593
5 2 754
5 2 947
5 2 974
5 2 716
5 2 525
5 2 8
5 2 476
5 2 205
5 2 0
6 1 0
6 1 57
6 1 843
6 1 281
6 1 717
6 1 532
6 1 423
6 1 544
6 1 304
6 1 0
6 1 0
6 1 0
7 1 0
7 1 856
7 1 763
7 1 831
7 1 939
7 1 0
7 1 0
7 1 954
7 1 161
7 1 652
7 1 520
7 1 535
7 1 0
7 1 0
7 1 0
8 1 0
8 1 354
8 1 442
8 1 749
8 1 319
8 1 401
8 1 0
8 1 0
8 1 0
9 2 0
9 2 170
9 2 400
9 2 798
9 2 468
9 2 641
9 2 742
9 2 0
10 2 0
10 2 154
10 2 0
10 2 0
10 2 37
10 2 855
10 2 269
10 2 397
10 2 212
10 2 0
11 2 0
11 2 462
11 2 813
11 2 478
11 2 975
11 2 759
11 2 0
11 2 0
11 2 124
11 2 475
11 2 799
11 2 0
12 2 0
12 2 4
12 2 911
12 2 899
12 2 250
12 2 826
12 2 700
12 2 783
12 2 217
12 2 897
12 2 815
12 2 0
13 2 0
13 2 454
13 2 283
13 2 714
13 2 293
13 2 0
14 1 0
14 1 391
14 1 710
14 1 440
14 1 216
14 1 732
14 1 0
14 1 0
14 1 0
15 2 0
15 2 689
15 2 380
15 2 64
15 2 967
15 2 678
15 2 508
15 2 0
16 2 0
16 2 164
16 2 92
16 2 650
16 2 600
16 2 0
17 2 0
17 2 501
17 2 682
17 2 922
17 2 101
17 2 470
17 2 106
17 2 477
17 2 360
17 2 223
17 2 0
18 2 0
18 2 602
18 2 338
18 2 570
18 2 510
18 2 229
18 2 919
18 2 356
18 2 0
18 2 0
18 2 0
19 2 0
19 2 612
19 2 591
19 2 504
19 2 0
20 1 0
20 1 565
20 1 850
20 1 237
20 1 58
20 1 0
20 1 0
20 1 590
20 1 949
20 1 692
20 1 0
21 2 0
21 2 841
21 2 7
21 2 543
21 2 992
21 2 437
21 2 246
21 2 40
21 2 990
21 2 844
21 2 0
21 2 0
21 2 0
22 2 0
22 2 291
22 2 542
22 2 45
22 2 531
22 2 93
22 2 945
22 2 880
22 2 345
22 2 200
22 2 0
23 2 0
23 2 846
23 2 473
23 2 248
23 2 810
23 2 784
23 2 86
23 2 0
23 2 0
23 2 0
24 2 0
24 2 820
24 2 925
24 2 9
24 2 324
24 2 648
24 2 0
24 2 0
24 2 230
24 2 807
24 2 0
25 1 0
25 1 128
25 1 741
25 1 866
25 1 707
25 1 680
25 1 873
25 1 0
25 1 0
25 1 148
25 1 0
26 1 0
26 1 489
26 1 107
26 1 721
26 1 923
26 1 0
26 1 0
26 1 0
27 1 0
27 1 816
27 1 863
27 1 868
27 1 910
27 1 36
27 1 264
27 1 0
27 1 0
27 1 561
27 1 276
27 1 0
28 2 0
28 2 158
28 2 871
28 2 204
28 2 392
28 2 563
28 2 964
28 2 940
28 2 314
28 2 0
28 2 0
28 2 0
29 2 0
29 2 609
29 2 738
29 2 907
29 2 349
29 2 0
29 2 0
29 2 63
29 2 785
29 2 472
29 2 0
29 2 0
29 2 0
30 1 0
30 1 113
30 1 456
30 1 102
30 1 351
30 1 0
30 1 0
30 1 99
30 1 550
30 1 0
31 1 0
31 1 389
31 1 538
31 1 446
31 1 580
31 1 232
31 1 808
31 1 495
31 1 852
31 1 0
31 1 0
31 1 0
32 2 0
32 2 54
32 2 715
32 2 902
32 2 418
32 2 84
32 2 709
32 2 323
32 2 208
32 2 0
32 2 0
32 2 0
33 1 0
33 1 541
33 1 284
33 1 806
33 1 136
33 1 259
33 1 0
33 1 0
33 1 0
34 2 0
34 2 529
34 2 796
34 2 644
34 2 608
34 2 447
34 2 0
34 2 0
34 2 352
34 2 114
34 2 191
34 2 0
35 2 0
35 2 606
35 2 955
35 2 562
35 2 266
35 2 399
35 2 748
35 2 581
35 2 509
35 2 630
35 2 0
35 2 0
35 2 0
36 1 0
36 1 153
36 1 394
36 1 329
36 1 934
36 1 207
36 1 168
36 1 0
36 1 0
36 1 0
37 2 0
37 2 666
37 2 441
37 2 14
37 2 676
37 2 71
37 2 383
37 2 545
37 2 906
37 2 0
38 1 0
38 1 603
38 1 524
38 1 921
38 1 150
38 1 944
38 1 669
38 1 857
38 1 0
38 1 0
38 1 0
38 1 0
39 2 0
39 2 17
39 2 188
39 2 781
39 2 178
39 2 38
39 2 668
39 2 776
39 2 0
39 2 0
39 2 0
40 2 0
40 2 335
40 2 854
40 2 840
40 2 0
40 2 0
40 2 837
40 2 0
41 1 0
41 1 133
41 1 752
41 1 664
41 1 0
41 1 0
41 1 0
42 2 0
42 2 279
42 2 611
42 2 647
42 2 255
42 2 724
42 2 0
42 2 0
42 2 0
43 2 0
43 2 336
43 2 369
43 2 426
43 2 0
43 2 0
43 2 791
43 2 677
43 2 125
43 2 135
43 2 0
44 1 0
44 1 817
44 1 751
44 1 0
44 1 0
44 1 435
44 1 160
44 1 835
44 1 490
44 1 471
44 1 0
44 1 0
44 1 0
45 2 0
45 2 513
45 2 969
45 2 44
45 2 516
45 2 0
46 1 0
46 1 512
46 1 803
46 1 66
46 1 0
46 1 0
46 1 0
47 2 0
47 2 518
47 2 497
47 2 610
47 2 894
47 2 25
47 2 726
47 2 758
47 2 0
47 2 0
47 2 436
47 2 0
48 2 0
48 2 455
48 2 980
48 2 289
48 2 675
48 2 0
49 2 0
49 2 171
49 2 181
49 2 918
49 2 309
49 2 0
49 2 0
49 2 0
50 2 0
50 2 909
50 2 971
50 2 965
50 2 734
50 2 0
51 2 0
51 2 199
51 2 410
51 2 310
51 2 275
51 2 970
51 2 434
51 2 0
51 2 0
51 2 0
52 2 0
52 2 679
52 2 753
52 2 838
52 2 342
52 2 0
53 2 0
53 2 41
53 2 417
53 2 779
53 2 0
53 2 0
53 2 0
54 1 0
54 1 809
54 1 930
54 1 771
54 1 492
54 1 413
54 1 0
54 1 0
54 1 576
54 1 0
55 1 0
55 1 699
55 1 996
55 1 870
55 1 0
55 1 0
55 1 292
55 1 0
55 1 0
55 1 398
55 1 0
56 1 0
56 1 646
56 1 334
56 1 938
56 1 755
56 1 0
56 1 0
56 1 876
56 1 929
56 1 91
56 1 0
57 2 0
57 2 340
57 2 756
57 2 134
57 2 175
57 2 376
57 2 601
57 2 140
57 2 515
57 2 0
57 2 0
57 2 0
58 2 0
58 2 814
58 2 430
58 2 977
58 2 396
58 2 936
58 2 481
58 2 0
58 2 0
58 2 0
59 2 0
59 2 989
59 2 233
59 2 794
59 2 874
59 2 0
59 2 0
59 2 290
59 2 0
59 2 0
59 2 74
59 2 0
59 2 0
59 2 0
60 2 0
60 2 151
60 2 485
60 2 457
60 2 119
60 2 301
60 2 0
61 2 0
61 2 885
61 2 95
61 2 311
61 2 0
61 2 0
61 2 0
62 2 0
62 2 568
62 2 0
63 1 0
63 1 673
63 1 887
63 1 341
63 1 0
63 1 0
63 1 166
63 1 438
63 1 11
63 1 27
63 1 0
64 1 0
64 1 157
64 1 999
64 1 891
64 1 973
64 1 0
64 1 0
64 1 163
64 1 604
64 1 0
65 2 0
65 2 943
65 2 941
65 2 126
65 2 730
65 2 0
65 2 0
65 2 694
65 2 479
65 2 0
66 2 0
66 2 511
66 2 777
66 2 663
66 2 425
66 2 79
66 2 586
66 2 0
66 2 0
66 2 0
67 2 0
67 2 686
67 2 321
67 2 0
67 2 0
67 2 130
67 2 0
67 2 0
67 2 0
68 2 0
68 2 328
68 2 282
68 2 685
68 2 683
68 2 0
68 2 0
68 2 47
68 2 0
69 2 0
69 2 226
69 2 118
69 2 571
69 2 942
69 2 883
69 2 265
69 2 0
69 2 0
69 2 0
70 1 0
70 1 411
70 1 574
70 1 582
70 1 875
70 1 122
70 1 983
70 1 0
70 1 0
70 1 0
70 1 0
71 1 0
71 1 193
71 1 0
72 2 0
72 2 186
72 2 735
72 2 628
72 2 937
72 2 761
72 2 595
72 2 587
72 2 0
73 1 0
73 1 18
73 1 458
73 1 622
73 1 573
73 1 187
73 1 0
73 1 0
73 1 0
73 1 0
74 1 0
74 1 564
74 1 695
74 1 0
75 2 0
75 2 273
75 2 797
75 2 805
75 2 466
75 2 211
75 2 948
75 2 0
76 1 0
76 1 177
76 1 701
76 1 218
76 1 432
76 1 0
76 1 0
76 1 0
77 2 0
77 2 183
77 2 393
77 2 861
77 2 960
77 2 536
77 2 24
77 2 0
78 2 0
78 2 404
78 2 0
78 2 0
78 2 80
78 2 494
78 2 812
78 2 624
78 2 0
79 2 0
79 2 30
79 2 660
79 2 484
79 2 172
79 2 706
79 2 558
79 2 506
79 2 0
79 2 0
80 2 0
80 2 366
80 2 272
80 2 81
80 2 0
80 2 0
80 2 757
80 2 847
80 2 339
80 2 0
81 2 0
81 2 697
81 2 429
81 2 927
81 2 778
81 2 800
81 2 493
81 2 465
81 2 881
81 2 0
81 2 0
81 2 0
82 2 0
82 2 85
82 2 97
82 2 842
82 2 298
82 2 0
83 1 0
83 1 640
83 1 554
83 1 559
83 1 555
83 1 655
83 1 1051
83 1 0
83 1 1051
83 1 530
83 1 638
83 1 772
83 1 0
83 1 0
83 1 0
84 2 0
84 2 705
84 2 848
84 2 750
84 2 0
84 2 0
84 2 0
85 2 0
85 2 167
85 2 830
85 2 819
85 2 0
85 2 0
85 2 718
85 2 0
85 2 0
85 2 0
86 2 0
86 2 59
86 2 627
86 2 0
86 2 0
86 2 877
86 2 0
87 1 0
87 1 31
87 1 849
87 1 419
87 1 190
87 1 621
87 1 0
87 1 0
87 1 0
87 1 480
87 1 0
88 1 0
88 1 764
88 1 997
88 1 214
88 1 0
88 1 0
88 1 662
88 1 619
88 1 895
88 1 0
88 1 0
89 2 0
89 2 173
89 2 951
89 2 659
89 2 23
89 2 0
89 2 0
89 2 0
90 2 0
90 2 746
90 2 988
90 2 318
90 2 346
90 2 461
90 2 104
90 2 90
90 2 0
90 2 0
91 1 0
91 1 247
91 1 908
91 1 728
91 1 498
91 1 0
91 1 0
91 1 0
91 1 94
91 1 287
91 1 0
91 1 0
91 1 0
92 2 0
92 2 453
92 2 88
92 2 991
92 2 0
92 2 0
92 2 365
92 2 0
92 2 0
92 2 28
92 2 994
92 2 0
93 1 0
93 1 782
93 1 862
93 1 596
93 1 467
93 1 0
93 1 0
93 1 0
94 2 0
94 2 657
94 2 578
94 2 78
94 2 414
94 2 0
94 2 0
94 2 43
94 2 0
95 1 0
95 1 420
95 1 998
95 1 522
95 1 872
95 1 331
95 1 326
95 1 373
95 1 0
95 1 0
95 1 0
95 1 0
96 1 0
96 1 149
96 1 792
96 1 332
96 1 613
96 1 488
96 1 995
96 1 0
96 1 0
96 1 0
96 1 0
97 1 0
97 1 642
97 1 144
97 1 823
97 1 548
97 1 617
97 1 503
97 1 0
97 1 0
97 1 0
97 1 0
98 2 0
98 2 656
98 2 727
98 2 0
98 2 0
98 2 0
99 2 0
99 2 294
99 2 950
99 2 82
99 2 672
99 2 824
99 2 0
99 2 0
99 2 0
100 2 0
100 2 496
100 2 406
100 2 0
101 2 0
101 2 661
101 2 789
101 2 607
101 2 0
102 1 0
102 1 445
102 1 387
102 1 348
102 1 0
102 1 0
102 1 0
103 2 0
103 2 665
103 2 712
103 2 653
103 2 0
103 2 0
103 2 10
103 2 0
104 1 0
104 1 898
104 1 182
104 1 0
105 1 0
105 1 251
105 1 773
105 1 98
105 1 635
105 1 0
105 1 0
105 1 0
105 1 0
106 2 0
106 2 703
106 2 827
106 2 156
106 2 53
106 2 0
106 2 0
106 2 0
107 1 0
107 1 245
107 1 615
107 1 740
107 1 0
107 1 0
107 1 0
108 1 0
108 1 828
108 1 448
108 1 598
108 1 681
108 1 0
108 1 0
108 1 0
108 1 0
109 2 0
109 2 720
109 2 986
109 2 464
109 2 0
109 2 0
109 2 904
109 2 322
109 2 499
109 2 0
110 1 0
110 1 313
110 1 903
110 1 502
110 1 303
110 1 450
110 1 959
110 1 0
110 1 0
110 1 0
110 1 0
111 2 0
111 2 719
111 2 839
111 2 966
111 2 859
111 2 6
111 2 912
111 2 46
111 2 0
111 2 0
112 2 0
112 2 109
112 2 853
112 2 825
112 2 972
112 2 316
112 2 0
112 2 0
112 2 557
112 2 928
112 2 0
113 1 0
113 1 296
113 1 0
113 1 0
113 1 546
113 1 0
114 1 0
114 1 142
114 1 634
114 1 566
114 1 0
114 1 0
114 1 0
114 1 818
114 1 0
114 1 0
114 1 0
115 1 0
115 1 534
115 1 449
115 1 460
115 1 0
115 1 0
115 1 0
115 1 34
115 1 920
115 1 317
115 1 0
115 1 0
115 1 0
115 1 0
116 1 0
116 1 271
116 1 327
116 1 253
116 1 760
116 1 0
116 1 0
116 1 0
116 1 0
117 2 0
117 2 145
117 2 917
117 2 60
117 2 433
117 2 491
117 2 299
117 2 882
117 2 0
117 2 0
118 1 0
118 1 364
118 1 743
118 1 860
118 1 723
118 1 236
118 1 0
118 1 0
118 1 0
118 1 0
119 1 0
119 1 976
119 1 832
119 1 263
119 1 905
119 1 890
119 1 579
119 1 829
119 1 0
119 1 0
119 1 0
119 1 0
120 1 0
120 1 385
120 1 402
120 1 636
120 1 415
120 1 632
120 1 737
120 1 0
120 1 0
120 1 0
120 1 0
121 2 0
121 2 407
121 2 73
121 2 834
121 2 651
121 2 381
121 2 505
121 2 0
121 2 0
122 2 0
122 2 523
122 2 0
122 2 0
122 2 367
122 2 786
122 2 0
122 2 0
122 2 0
123 1 0
123 1 42
123 1 698
123 1 35
123 1 361
123 1 353
123 1 443
123 1 0
123 1 0
123 1 0
123 1 0
124 1 0
124 1 240
124 1 196
124 1 0
124 1 0
124 1 0
124 1 811
124 1 556
124 1 0
124 1 0
124 1 0
125 1 0
125 1 670
125 1 914
125 1 123
125 1 0
125 1 0
126 2 0
126 2 409
126 2 981
126 2 507
126 2 649
126 2 378
126 2 599
126 2 836
126 2 0
126 2 0
126 2 0
126 2 0
127 2 0
127 2 32
127 2 412
127 2 626
127 2 0
127 2 0
127 2 0
128 1 0
128 1 744
128 1 625
128 1 384
128 1 210
128 1 900
128 1 0
128 1 0
128 1 0
128 1 0
129 1 0
129 1 15
129 1 377
129 1 526
129 1 116
129 1 0
129 1 0
129 1 0
129 1 0
130 1 0
130 1 127
130 1 0
131 2 0
131 2 514
131 2 916
131 2 56
131 2 162
131 2 962
131 2 633
131 2 795
131 2 295
131 2 0
131 2 0
131 2 0
131 2 0
132 1 0
132 1 69
132 1 1000
132 1 0
132 1 0
132 1 0
133 1 0
133 1 588
133 1 201
133 1 83
133 1 0
133 1 0
134 1 0
134 1 722
134 1 61
134 1 733
134 1 0
134 1 0
134 1 0
134 1 765
134 1 913
134 1 0
134 1 0
134 1 0
135 2 0
135 2 982
135 2 953
135 2 357
135 2 984
135 2 560
135 2 0
135 2 0
135 2 0
135 2 0
136 1 0
136 1 374
136 1 788
136 1 137
136 1 0
136 1 0
136 1 0
136 1 330
136 1 0
136 1 0
136 1 0
137 2 0
137 2 320
137 2 924
137 2 893
137 2 517
137 2 486
137 2 286
137 2 915
137 2 552
137 2 0
137 2 0
137 2 0
137 2 0
138 1 0
138 1 22
138 1 978
138 1 867
138 1 0
138 1 0
138 1 0
138 1 222
138 1 0
138 1 0
138 1 0
139 2 0
139 2 382
139 2 49
139 2 386
139 2 0
140 1 0
140 1 277
140 1 690
140 1 845
140 1 858
140 1 0
140 1 0
141 1 0
141 1 305
141 1 165
141 1 0
141 1 0
141 1 0
142 2 0
142 2 5
142 2 325
142 2 267
142 2 0
142 2 0
142 2 68
142 2 0
143 1 0
143 1 725
143 1 0
143 1 0
143 1 372
143 1 0
143 1 0
143 1 0
144 1 0
144 1 243
144 1 684
144 1 884
144 1 0
144 1 0
144 1 0
144 1 0
145 2 0
145 2 370
145 2 244
145 2 946
145 2 533
145 2 963
145 2 427
145 2 711
145 2 704
145 2 0
145 2 0
145 2 0
145 2 0
146 1 0
146 1 184
146 1 194
146 1 747
146 1 0
146 1 0
146 1 0
146 1 0
147 1 0
147 1 0
148 1 0
148 1 0
149 1 0
149 1 0
150 1 0
150 1 0
151 2 0
151 2 745
151 2 0
151 2 0
151 2 221
151 2 0
152 1 0
152 1 224
152 1 238
152 1 129
152 1 0
152 1 0
152 1 0
152 1 362
152 1 667
152 1 242
152 1 0
152 1 0
152 1 0
152 1 0
153 1 0
153 1 643
153 1 0
153 1 0
153 1 176
153 1 618
153 1 0
153 1 0
153 1 0
153 1 0
154 1 0
154 1 569
154 1 979
154 1 0
154 1 0
154 1 0
154 1 0
155 2 0
155 2 198
155 2 623
155 2 347
155 2 878
155 2 206
155 2 519
155 2 121
155 2 879
155 2 0
155 2 0
155 2 0
155 2 0
156 2 0
156 2 993
156 2 639
156 2 961
156 2 0
156 2 0
157 1 0
157 1 451
157 1 252
157 1 241
157 1 55
157 1 0
157 1 0
158 1 0
158 1 155
158 1 333
158 1 87
158 1 864
158 1 375
158 1 0
158 1 0
158 1 0
158 1 0
159 1 0
159 1 131
159 1 597
159 1 0
159 1 0
159 1 0
159 1 202
159 1 146
159 1 76
159 1 0
159 1 0
160 2 0
160 2 416
160 2 227
160 2 452
160 2 285
160 2 0
160 2 0
160 2 0
160 2 0
161 2 0
161 2 368
161 2 691
161 2 174
161 2 147
161 2 26
161 2 889
161 2 774
161 2 0
161 2 0
161 2 0
161 2 0
162 2 0
162 2 120
162 2 21
162 2 851
162 2 931
162 2 358
162 2 0
162 2 0
162 2 0
162 2 0
163 2 0
163 2 482
163 2 379
163 2 768
163 2 159
163 2 308
163 2 105
163 2 629
163 2 75
163 2 0
163 2 0
164 2 0
164 2 249
164 2 674
164 2 197
164 2 139
164 2 892
164 2 138
164 2 0
164 2 0
164 2 0
164 2 0
165 1 0
165 1 268
165 1 687
165 1 363
165 1 0
165 1 0
165 1 0
165 1 0
166 2 0
166 2 72
166 2 901
166 2 671
166 2 952
166 2 96
166 2 585
166 2 0
166 2 0
167 2 0
167 2 103
167 2 631
167 2 769
167 2 278
167 2 589
167 2 787
167 2 739
167 2 0
167 2 0
167 2 0
167 2 0
168 2 0
168 2 100
168 2 117
168 2 225
168 2 696
168 2 3
168 2 896
168 2 547
168 2 231
168 2 0
168 2 0
168 2 0
168 2 0
169 2 0
169 2 770
169 2 302
169 2 833
169 2 658
169 2 0
169 2 0
169 2 0
169 2 0
170 2 0
170 2 297
170 2 713
170 2 65
170 2 0
170 2 0
171 1 0
171 1 256
171 1 215
171 1 132
171 1 39
171 1 0
171 1 0
171 1 0
171 1 0
172 1 0
172 1 549
172 1 280
172 1 169
172 1 0
172 1 0
173 2 0
173 2 567
173 2 16
173 2 388
173 2 702
173 2 572
173 2 235
173 2 869
173 2 0
173 2 0
173 2 0
173 2 0
174 1 0
174 1 528
174 1 637
174 1 0
174 1 0
174 1 0
174 1 195
174 1 0
175 1 0
175 1 483
175 1 343
175 1 0
175 1 0
175 1 0
175 1 209
175 1 439
175 1 0
175 1 0
175 1 0
175 1 0
176 2 0
176 2 115
176 2 821
176 2 405
176 2 390
176 2 337
176 2 935
176 2 0
176 2 0
176 2 0
176 2 0
177 1 0
177 1 52
177 1 804
177 1 0
177 1 0
177 1 0
177 1 344
177 1 315
177 1 888
177 1 0
177 1 0
178 2 0
178 2 20
178 2 261
178 2 766
178 2 1
178 2 350
178 2 594
178 2 0
178 2 0
178 2 0
178 2 0
179 1 0
179 1 203
179 1 234
179 1 239
179 1 62
179 1 926
179 1 0
179 1 0
179 1 0
179 1 0
180 1 0
180 1 403
180 1 422
180 1 300
180 1 583
180 1 537
180 1 0
180 1 112
180 1 0
180 1 0
180 1 0
181 2 0
181 2 111
181 2 933
181 2 575
181 2 213
181 2 0
181 2 0
181 2 0
181 2 33
181 2 0
182 1 0
182 1 312
182 1 70
182 1 48
182 1 0
182 1 0
182 1 0
182 1 29
182 1 0
183 1 0
183 1 258
183 1 968
183 1 729
183 1 0
183 1 0
183 1 0
183 1 260
183 1 110
183 1 0
183 1 0
184 1 0
184 1 592
184 1 775
184 1 762
184 1 0
184 1 0
184 1 0
184 1 0
185 2 0
185 2 487
185 2 500
185 2 987
185 2 421
185 2 0
185 2 0
185 2 0
185 2 822
185 2 0
185 2 0
185 2 0
185 2 0
186 2 0
186 2 355
186 2 736
186 2 50
186 2 527
186 2 469
186 2 551
186 2 395
186 2 0
186 2 0
187 1 0
187 1 306
187 1 444
187 1 228
187 1 0
187 1 521
187 1 0
187 1 0
187 1 0
187 1 0
188 2 0
188 2 886
188 2 958
188 2 179
188 2 51
188 2 359
188 2 77
188 2 0
188 2 0
188 2 0
188 2 0
189 1 0
189 1 262
189 1 780
189 1 0
189 1 0
189 1 0
189 1 620
189 1 371
189 1 0
189 1 0
189 1 0
189 1 0
190 1 0
190 1 688
190 1 67
190 1 540
190 1 0
190 1 0
190 1 0
190 1 431
190 1 12
190 1 0
190 1 0
191 1 0
191 1 143
191 1 474
191 1 985
191 1 0
191 1 584
191 1 957
191 1 0
191 1 0
192 1 0
192 1 424
192 1 192
192 1 0
192 1 0
192 1 0
192 1 219
192 1 0
192 1 0
193 1 0
193 1 956
193 1 614
193 1 0
193 1 274
193 1 708
193 1 0
193 1 0
194 1 0
194 1 185
194 1 19
194 1 731
194 1 0
194 1 0
195 2 0
195 2 270
195 2 0
195 2 0
196 2 0
196 2 152
196 2 0
197 1 0
197 1 108
197 1 0
198 2 0
198 2 89
198 2 0
199 1 0
199 1 13
199 1 0
199 1 0
200 1 0
200 1 2
200 1 0
