total cost: 341441
1 2 0
1 2 553
1 2 288
1 2 767
1 2 0
1 2 0
1 2 307
1 2 793
1 2 0
1 2 0
1 2 141
1 2 0
2 2 0
2 2 220
2 2 802
2 2 577
2 2 254
2 2 749
2 2 0
2 2 0
2 2 180
2 2 257
2 2 932
2 2 0
3 2 0
3 2 616
3 2 161
3 2 652
3 2 0
3 2 0
3 2 0
4 1 0
4 1 954
4 1 654
4 1 520
4 1 0
5 2 0
5 2 463
5 2 539
5 2 459
5 2 693
5 2 454
5 2 0
5 2 0
5 2 790
5 2 0
5 2 0
5 2 0
6 1 0
6 1 408
6 1 801
6 1 754
6 1 593
6 1 475
6 1 510
6 1 356
6 1 0
7 2 0
7 2 645
7 2 865
7 2 189
7 2 442
7 2 92
7 2 710
7 2 717
7 2 0
7 2 0
7 2 0
8 2 0
8 2 605
8 2 974
8 2 401
8 2 229
8 2 0
9 2 0
9 2 57
9 2 843
9 2 170
9 2 689
9 2 525
9 2 476
9 2 0
10 1 0
10 1 281
10 1 423
10 1 532
10 1 544
10 1 798
10 1 380
10 1 0
11 2 0
11 2 856
11 2 4
11 2 501
11 2 250
11 2 911
11 2 468
11 2 700
11 2 783
11 2 477
11 2 0
12 1 0
12 1 354
12 1 37
12 1 0
13 2 0
13 2 319
13 2 716
13 2 0
14 1 0
14 1 124
14 1 919
14 1 799
14 1 148
14 1 0
15 1 0
15 1 612
15 1 0
16 2 0
16 2 164
16 2 391
16 2 440
16 2 216
16 2 650
16 2 0
17 1 0
17 1 0
18 1 0
18 1 0
19 2 0
19 2 154
19 2 0
19 2 0
19 2 591
19 2 504
19 2 0
20 1 0
20 1 462
20 1 813
20 1 478
20 1 0
20 1 0
20 1 8
20 1 561
20 1 535
20 1 0
21 1 0
21 1 763
21 1 831
21 1 602
21 1 284
21 1 759
21 1 0
21 1 0
21 1 230
21 1 590
21 1 0
22 2 0
22 2 947
22 2 899
22 2 826
22 2 922
22 2 217
22 2 470
22 2 29
22 2 897
22 2 345
22 2 0
22 2 0
22 2 0
23 2 0
23 2 714
23 2 248
23 2 0
24 1 0
24 1 841
24 1 64
24 1 304
24 1 205
24 1 114
24 1 0
25 2 0
25 2 400
25 2 682
25 2 101
25 2 543
25 2 437
25 2 992
25 2 923
25 2 436
25 2 0
25 2 0
25 2 0
26 2 0
26 2 975
26 2 570
26 2 810
26 2 276
26 2 0
26 2 0
26 2 0
27 1 0
27 1 565
27 1 871
27 1 850
27 1 58
27 1 0
27 1 0
27 1 283
27 1 0
28 1 0
28 1 428
28 1 820
28 1 54
28 1 732
28 1 600
28 1 0
28 1 0
28 1 0
29 1 0
29 1 291
29 1 7
29 1 967
29 1 678
29 1 508
29 1 0
30 2 0
30 2 846
30 2 473
30 2 293
30 2 0
31 2 0
31 2 489
31 2 741
31 2 107
31 2 0
32 1 0
32 1 641
32 1 171
32 1 742
32 1 0
33 1 0
33 1 128
33 1 925
33 1 9
33 1 721
33 1 0
34 2 0
34 2 866
34 2 17
34 2 418
34 2 292
34 2 208
34 2 38
34 2 0
35 1 0
35 1 264
35 1 910
35 1 524
35 1 63
35 1 807
35 1 0
36 2 0
36 2 816
36 2 863
36 2 868
36 2 609
36 2 349
36 2 0
36 2 0
36 2 352
36 2 0
37 1 0
37 1 158
37 1 237
37 1 338
37 1 939
37 1 0
37 1 0
37 1 94
37 1 178
37 1 323
37 1 0
38 2 0
38 2 113
38 2 529
38 2 738
38 2 907
38 2 335
38 2 608
38 2 513
38 2 906
38 2 0
38 2 0
38 2 0
39 1 0
39 1 389
39 1 441
39 1 666
39 1 495
39 1 397
39 1 212
39 1 512
39 1 0
40 2 0
40 2 14
40 2 580
40 2 538
40 2 446
40 2 232
40 2 855
40 2 949
40 2 852
40 2 692
40 2 0
41 2 0
41 2 36
41 2 541
41 2 204
41 2 563
41 2 964
41 2 940
41 2 314
41 2 125
41 2 191
41 2 0
42 2 0
42 2 279
42 2 99
42 2 785
42 2 472
42 2 679
42 2 0
43 1 0
43 1 606
43 1 955
43 1 542
43 1 707
43 1 246
43 1 40
43 1 360
43 1 990
43 1 223
43 1 0
43 1 0
43 1 0
44 2 0
44 2 153
44 2 394
44 2 808
44 2 676
44 2 969
44 2 803
44 2 0
44 2 0
44 2 0
45 1 0
45 1 531
45 1 45
45 1 806
45 1 814
45 1 93
45 1 880
45 1 259
45 1 0
45 1 0
45 1 0
46 2 0
46 2 715
46 2 511
46 2 902
46 2 425
46 2 776
46 2 0
47 1 0
47 1 603
47 1 796
47 1 644
47 1 447
47 1 705
47 1 0
47 1 0
47 1 269
47 1 0
48 2 0
48 2 133
48 2 664
48 2 752
48 2 0
48 2 0
48 2 0
49 2 0
49 2 106
49 2 945
49 2 791
49 2 0
50 2 0
50 2 837
50 2 909
50 2 0
51 2 0
51 2 677
51 2 181
51 2 0
52 1 0
52 1 784
52 1 86
52 1 0
53 1 0
53 1 815
53 1 200
53 1 136
53 1 0
54 2 0
54 2 456
54 2 102
54 2 351
54 2 921
54 2 0
54 2 0
54 2 550
54 2 0
55 2 0
55 2 336
55 2 369
55 2 854
55 2 426
55 2 0
55 2 0
55 2 255
55 2 74
55 2 724
55 2 0
56 2 0
56 2 817
56 2 157
56 2 199
56 2 324
56 2 648
56 2 290
56 2 0
56 2 0
56 2 0
57 2 0
57 2 435
57 2 686
57 2 160
57 2 183
57 2 835
57 2 490
57 2 471
57 2 0
58 1 0
58 1 518
58 1 497
58 1 411
58 1 574
58 1 419
58 1 0
58 1 0
58 1 163
58 1 47
58 1 545
58 1 0
58 1 0
58 1 0
59 1 0
59 1 266
59 1 562
59 1 275
59 1 310
59 1 748
59 1 166
59 1 27
59 1 0
59 1 0
59 1 0
60 1 0
60 1 611
60 1 647
60 1 980
60 1 0
61 1 0
61 1 455
61 1 0
62 1 0
62 1 576
62 1 0
63 2 0
63 2 41
63 2 417
63 2 918
63 2 309
63 2 0
63 2 0
63 2 0
64 2 0
64 2 399
64 2 680
64 2 873
64 2 844
64 2 438
64 2 0
65 2 0
65 2 809
65 2 930
65 2 771
65 2 492
65 2 413
65 2 0
65 2 0
65 2 130
65 2 0
65 2 0
65 2 0
66 2 0
66 2 699
66 2 646
66 2 392
66 2 30
66 2 628
66 2 937
66 2 289
66 2 135
66 2 0
66 2 0
66 2 0
67 2 0
67 2 340
67 2 781
67 2 188
67 2 84
67 2 709
67 2 885
67 2 398
67 2 0
68 2 0
68 2 989
68 2 751
68 2 673
68 2 485
68 2 226
68 2 0
68 2 0
68 2 876
68 2 753
68 2 0
69 2 0
69 2 996
69 2 870
69 2 797
69 2 81
69 2 272
69 2 0
69 2 0
69 2 970
69 2 734
69 2 965
69 2 0
70 2 0
70 2 151
70 2 973
70 2 118
70 2 656
70 2 936
70 2 0
70 2 0
70 2 0
71 2 0
71 2 568
71 2 675
71 2 779
71 2 0
72 1 0
72 1 410
72 1 887
72 1 341
72 1 891
72 1 685
72 1 581
72 1 0
72 1 0
72 1 11
72 1 0
73 2 0
73 2 943
73 2 941
73 2 282
73 2 509
73 2 630
73 2 434
73 2 28
73 2 0
74 2 0
74 2 321
74 2 233
74 2 701
74 2 177
74 2 80
74 2 494
74 2 0
75 1 0
75 1 207
75 1 329
75 1 168
75 1 516
75 1 66
75 1 0
76 1 0
76 1 694
76 1 0
77 2 0
77 2 186
77 2 735
77 2 172
77 2 761
77 2 595
77 2 758
77 2 587
77 2 0
78 1 0
78 1 756
78 1 134
78 1 175
78 1 376
78 1 601
78 1 140
78 1 515
78 1 0
78 1 0
78 1 0
78 1 0
79 2 0
79 2 971
79 2 457
79 2 24
79 2 0
80 2 0
80 2 150
80 2 944
80 2 669
80 2 857
80 2 0
81 1 0
81 1 794
81 1 874
81 1 828
81 1 0
81 1 0
81 1 95
81 1 668
81 1 0
82 1 0
82 1 430
82 1 334
82 1 938
82 1 755
82 1 997
82 1 493
82 1 778
82 1 0
82 1 0
82 1 0
82 1 0
83 2 0
83 2 328
83 2 977
83 2 396
83 2 481
83 2 479
83 2 0
84 1 0
84 1 193
84 1 840
84 1 929
84 1 91
84 1 0
85 1 0
85 1 757
85 1 0
86 1 0
86 1 960
86 1 480
86 1 119
86 1 0
87 2 0
87 2 610
87 2 894
87 2 25
87 2 582
87 2 726
87 2 83
87 2 415
87 2 201
87 2 0
87 2 0
87 2 0
87 2 0
88 1 0
88 1 934
88 1 453
88 1 88
88 1 78
88 1 71
88 1 383
88 1 0
88 1 0
88 1 0
89 2 0
89 2 18
89 2 458
89 2 332
89 2 613
89 2 536
89 2 0
90 2 0
90 2 564
90 2 695
90 2 657
90 2 703
90 2 0
90 2 0
90 2 718
90 2 0
90 2 0
90 2 0
91 1 0
91 1 273
91 1 746
91 1 660
91 1 558
91 1 983
91 1 706
91 1 0
91 1 0
92 1 0
92 1 604
92 1 44
92 1 0
93 1 0
93 1 404
93 1 0
93 1 0
93 1 861
93 1 393
93 1 818
93 1 301
93 1 0
94 2 0
94 2 557
94 2 0
95 2 0
95 2 330
95 2 0
96 2 0
96 2 366
96 2 800
96 2 97
96 2 465
96 2 881
96 2 0
96 2 0
96 2 0
97 1 0
97 1 697
97 1 85
97 1 842
97 1 298
97 1 0
98 2 0
98 2 640
98 2 777
98 2 665
98 2 420
98 2 663
98 2 79
98 2 586
98 2 0
98 2 0
98 2 0
99 1 0
99 1 167
99 1 782
99 1 764
99 1 819
99 1 0
99 1 0
99 1 311
99 1 847
99 1 0
99 1 0
99 1 0
100 2 0
100 2 59
100 2 173
100 2 659
100 2 848
100 2 838
100 2 750
100 2 342
100 2 0
101 2 0
101 2 999
101 2 719
101 2 622
101 2 573
101 2 942
101 2 883
101 2 265
101 2 0
101 2 0
101 2 0
102 2 0
102 2 948
102 2 211
102 2 0
103 2 0
103 2 429
103 2 988
103 2 805
103 2 466
103 2 0
104 2 0
104 2 877
104 2 0
105 2 0
105 2 31
105 2 849
105 2 385
105 2 190
105 2 0
106 1 0
106 1 484
106 1 0
107 1 0
107 1 662
107 1 112
107 1 0
108 2 0
108 2 621
108 2 951
108 2 414
108 2 245
108 2 0
109 1 0
109 1 247
109 1 908
109 1 144
109 1 53
109 1 619
109 1 0
109 1 0
109 1 0
109 1 0
110 2 0
110 2 23
110 2 898
110 2 182
110 2 0
111 1 0
111 1 655
111 1 712
111 1 0
111 1 0
111 1 661
111 1 0
111 1 0
111 1 0
112 2 0
112 2 991
112 2 627
112 2 578
112 2 0
112 2 0
112 2 43
112 2 0
113 1 0
113 1 365
113 1 789
113 1 0
113 1 0
113 1 0
114 2 0
114 2 218
114 2 432
114 2 0
115 1 0
115 1 830
115 1 0
115 1 0
115 1 496
115 1 994
115 1 824
115 1 0
115 1 0
115 1 0
116 1 0
116 1 149
116 1 792
116 1 320
116 1 460
116 1 0
116 1 0
116 1 0
116 1 546
116 1 607
116 1 0
117 2 0
117 2 294
117 2 950
117 2 927
117 2 318
117 2 0
117 2 0
117 2 367
117 2 127
117 2 626
117 2 0
117 2 0
117 2 0
118 2 0
118 2 126
118 2 730
118 2 0
118 2 0
118 2 10
118 2 727
118 2 0
118 2 0
118 2 0
119 1 0
119 1 642
119 1 832
119 1 976
119 1 875
119 1 122
119 1 905
119 1 890
119 1 0
119 1 0
119 1 0
119 1 0
120 1 0
120 1 445
120 1 920
120 1 638
120 1 0
120 1 0
120 1 0
121 1 0
121 1 214
121 1 0
121 1 0
121 1 530
121 1 165
121 1 0
122 2 0
122 2 251
122 2 720
122 2 346
122 2 461
122 2 90
122 2 0
123 1 0
123 1 672
123 1 82
123 1 0
123 1 0
123 1 0
124 2 0
124 2 904
124 2 624
124 2 812
124 2 287
124 2 0
124 2 0
124 2 0
125 1 0
125 1 683
125 1 0
125 1 0
125 1 221
125 1 0
126 1 0
126 1 313
126 1 903
126 1 0
126 1 0
126 1 571
126 1 406
126 1 202
126 1 0
126 1 0
126 1 0
127 2 0
127 2 109
127 2 853
127 2 387
127 2 825
127 2 0
127 2 0
127 2 33
127 2 0
128 2 0
128 2 596
128 2 467
128 2 382
128 2 46
128 2 104
128 2 0
129 2 0
129 2 142
129 2 634
129 2 566
129 2 972
129 2 978
129 2 0
129 2 0
129 2 0
130 2 0
130 2 534
130 2 488
130 2 187
130 2 725
130 2 0
130 2 0
130 2 2
130 2 0
131 1 0
131 1 862
131 1 744
131 1 145
131 1 839
131 1 60
131 1 6
131 1 89
131 1 0
131 1 0
132 2 0
132 2 502
132 2 986
132 2 98
132 2 0
132 2 0
132 2 34
132 2 339
132 2 928
132 2 0
133 2 0
133 2 554
133 2 559
133 2 555
133 2 15
133 2 526
133 2 116
133 2 0
133 2 0
134 2 0
134 2 364
134 2 743
134 2 860
134 2 723
134 2 236
134 2 912
134 2 0
135 2 0
135 2 998
135 2 522
135 2 499
135 2 979
135 2 0
135 2 0
136 2 0
136 2 407
136 2 827
136 2 156
136 2 823
136 2 548
136 2 503
136 2 381
136 2 617
136 2 0
136 2 0
136 2 0
136 2 0
137 1 0
137 1 296
137 1 0
137 1 0
137 1 523
137 1 348
137 1 1000
137 1 913
137 1 0
137 1 0
137 1 0
137 1 0
138 1 0
138 1 42
138 1 615
138 1 327
138 1 895
138 1 0
138 1 0
139 1 0
139 1 271
139 1 728
139 1 498
139 1 73
139 1 0
139 1 0
139 1 0
139 1 0
140 2 0
140 2 653
140 2 448
140 2 196
140 2 872
140 2 377
140 2 0
140 2 0
140 2 811
140 2 772
140 2 0
141 1 0
141 1 670
141 1 698
141 1 35
141 1 253
141 1 760
141 1 651
141 1 0
141 1 0
142 2 0
142 2 409
142 2 384
142 2 362
142 2 0
143 1 0
143 1 240
143 1 249
143 1 0
143 1 0
143 1 0
143 1 69
143 1 305
143 1 0
144 2 0
144 2 514
144 2 690
144 2 123
144 2 834
144 2 0
145 2 0
145 2 402
145 2 733
145 2 636
145 2 0
145 2 0
145 2 995
145 2 786
145 2 0
145 2 0
145 2 0
146 2 0
146 2 917
146 2 32
146 2 412
146 2 0
146 2 0
146 2 0
147 1 0
147 1 722
147 1 981
147 1 72
147 1 308
147 1 105
147 1 961
147 1 0
147 1 0
148 1 0
148 1 681
148 1 598
148 1 326
148 1 373
148 1 0
148 1 0
148 1 0
148 1 0
149 1 0
149 1 982
149 1 914
149 1 277
149 1 263
149 1 845
149 1 295
149 1 0
149 1 0
149 1 0
149 1 0
150 2 0
150 2 374
150 2 788
150 2 131
150 2 331
150 2 0
150 2 0
150 2 765
150 2 68
150 2 0
151 2 0
151 2 22
151 2 316
151 2 325
151 2 176
151 2 5
151 2 155
151 2 569
151 2 0
151 2 0
151 2 0
151 2 0
152 2 0
152 2 222
152 2 0
152 2 0
152 2 0
153 1 0
153 1 773
153 1 464
153 1 635
153 1 632
153 1 0
153 1 0
153 1 0
153 1 0
154 1 0
154 1 740
154 1 505
154 1 0
154 1 0
154 1 0
155 1 0
155 1 449
155 1 194
155 1 893
155 1 597
155 1 549
155 1 286
155 1 486
155 1 915
155 1 0
155 1 0
155 1 0
155 1 0
156 1 0
156 1 450
156 1 303
156 1 959
156 1 671
156 1 209
156 1 49
156 1 386
156 1 0
156 1 0
157 1 0
157 1 357
157 1 579
157 1 984
157 1 829
157 1 0
157 1 0
158 1 0
158 1 317
158 1 556
158 1 322
158 1 0
158 1 0
158 1 0
158 1 0
159 2 0
159 2 588
159 2 993
159 2 506
159 2 0
160 2 0
160 2 625
160 2 224
160 2 238
160 2 966
160 2 859
160 2 882
160 2 299
160 2 0
160 2 0
160 2 0
160 2 0
161 2 0
161 2 243
161 2 884
161 2 0
161 2 0
161 2 745
161 2 0
161 2 0
161 2 372
161 2 55
161 2 0
162 2 0
162 2 184
162 2 747
162 2 674
162 2 517
162 2 0
162 2 0
162 2 195
162 2 737
162 2 0
163 2 0
163 2 643
163 2 0
163 2 0
163 2 108
163 2 433
163 2 242
163 2 146
163 2 0
164 2 0
164 2 370
164 2 244
164 2 567
164 2 528
164 2 361
164 2 353
164 2 443
164 2 0
164 2 0
164 2 0
164 2 0
165 2 0
165 2 198
165 2 507
165 2 129
165 2 649
165 2 491
165 2 169
165 2 0
165 2 0
166 2 0
166 2 137
166 2 867
166 2 618
166 2 0
166 2 0
166 2 0
166 2 451
166 2 252
166 2 0
167 2 0
167 2 684
167 2 120
167 2 268
167 2 197
167 2 0
167 2 0
168 1 0
168 1 368
168 1 953
168 1 916
168 1 56
168 1 162
168 1 633
168 1 0
168 1 0
168 1 0
168 1 0
169 1 0
169 1 924
169 1 623
169 1 117
169 1 378
169 1 280
169 1 0
169 1 0
169 1 0
169 1 0
170 1 0
170 1 482
170 1 379
170 1 768
170 1 159
170 1 629
170 1 952
170 1 0
170 1 0
170 1 0
170 1 0
171 1 0
171 1 416
171 1 900
171 1 210
171 1 667
171 1 96
171 1 76
171 1 75
171 1 0
171 1 0
172 2 0
172 2 267
172 2 333
172 2 552
172 2 241
172 2 0
172 2 0
173 1 0
173 1 61
173 1 946
173 1 631
173 1 427
173 1 963
173 1 344
173 1 0
173 1 0
173 1 0
173 1 0
174 2 0
174 2 103
174 2 215
174 2 256
174 2 962
174 2 858
174 2 711
174 2 704
174 2 0
174 2 0
175 1 0
175 1 770
175 1 422
175 1 0
175 1 0
175 1 0
175 1 639
175 1 0
175 1 0
176 1 0
176 1 100
176 1 347
176 1 878
176 1 206
176 1 585
176 1 879
176 1 0
176 1 0
176 1 0
176 1 0
177 2 0
177 2 227
177 2 203
177 2 115
177 2 225
177 2 0
177 2 0
177 2 0
177 2 87
177 2 0
178 1 0
178 1 483
178 1 343
178 1 452
178 1 285
178 1 0
178 1 0
178 1 0
178 1 0
179 1 0
179 1 52
179 1 592
179 1 575
179 1 0
179 1 0
179 1 0
179 1 713
179 1 0
179 1 0
180 2 0
180 2 901
180 2 350
180 2 0
180 2 0
180 2 0
180 2 0
181 1 0
181 1 403
181 1 21
181 1 851
181 1 931
181 1 363
181 1 0
181 1 0
181 1 0
181 1 0
182 1 0
182 1 20
182 1 691
182 1 174
182 1 306
182 1 0
182 1 0
182 1 0
182 1 0
183 2 0
183 2 261
183 2 769
183 2 533
183 2 228
183 2 439
183 2 0
183 2 0
183 2 0
183 2 0
184 2 0
184 2 599
184 2 836
184 2 3
184 2 547
184 2 0
184 2 0
185 2 0
185 2 821
185 2 258
185 2 926
185 2 0
185 2 0
185 2 0
185 2 864
185 2 375
185 2 0
185 2 0
186 1 0
186 1 111
186 1 62
186 1 405
186 1 239
186 1 620
186 1 0
186 1 0
186 1 0
186 1 0
187 1 0
187 1 312
187 1 70
187 1 302
187 1 687
187 1 892
187 1 0
187 1 0
187 1 0
187 1 0
188 2 0
188 2 16
188 2 388
188 2 736
188 2 766
188 2 888
188 2 572
188 2 395
188 2 0
188 2 0
189 2 0
189 2 355
189 2 278
189 2 787
189 2 65
189 2 431
189 2 0
189 2 0
190 2 0
190 2 519
190 2 696
190 2 121
190 2 896
190 2 231
190 2 0
190 2 0
191 2 0
191 2 358
191 2 390
191 2 0
191 2 0
191 2 0
191 2 739
191 2 0
191 2 0
192 2 0
192 2 560
192 2 702
192 2 774
192 2 0
192 2 0
193 2 0
193 2 139
193 2 138
193 2 110
193 2 0
193 2 0
194 2 0
194 2 795
194 2 0
195 1 0
195 1 262
195 1 0
195 1 0
195 1 0
195 1 297
195 1 315
195 1 0
195 1 0
196 1 0
196 1 1
196 1 0
196 1 0
196 1 0
196 1 260
196 1 219
196 1 0
196 1 0
197 2 0
197 2 804
197 2 933
197 2 0
197 2 0
197 2 0
197 2 152
197 2 0
198 1 0
198 1 637
198 1 886
198 1 500
198 1 469
198 1 19
198 1 0
198 1 0
199 1 0
199 1 487
199 1 775
199 1 729
199 1 0
199 1 0
199 1 0
199 1 594
199 1 551
199 1 0
199 1 0
200 2 0
200 2 234
200 2 688
200 2 658
200 2 833
200 2 537
200 2 300
200 2 48
200 2 0
200 2 0
200 2 0
200 2 0
201 1 0
201 1 213
201 1 424
201 1 935
201 1 583
201 1 0
201 1 0
201 1 0
201 1 0
202 2 0
202 2 968
202 2 337
202 2 731
202 2 584
202 2 371
202 2 0
202 2 0
202 2 0
202 2 0
203 2 0
203 2 444
203 2 132
203 2 147
203 2 26
203 2 889
203 2 0
203 2 0
203 2 0
203 2 0
204 2 0
204 2 589
204 2 39
204 2 359
204 2 235
204 2 957
204 2 869
204 2 0
204 2 0
205 1 0
205 1 614
205 1 270
205 1 0
205 1 0
206 2 0
206 2 143
206 2 985
206 2 958
206 2 51
206 2 708
206 2 0
206 2 0
206 2 0
206 2 0
207 1 0
207 1 67
207 1 540
207 1 762
207 1 0
207 1 0
207 1 0
207 1 0
208 2 0
208 2 185
208 2 987
208 2 780
208 2 192
208 2 421
208 2 0
208 2 0
208 2 0
208 2 822
208 2 0
208 2 0
209 2 0
209 2 956
209 2 474
209 2 179
209 2 50
209 2 527
209 2 0
209 2 0
209 2 0
209 2 0
210 1 0
210 1 77
210 1 521
210 1 0
210 1 0
211 1 0
211 1 274
211 1 12
211 1 0
211 1 0
212 1 0
212 1 13
212 1 0
212 1 0
