total cost: 346175
1 2 0
1 2 553
1 2 288
1 2 767
1 2 0
1 2 0
1 2 616
1 2 180
1 2 257
1 2 932
1 2 0
2 1 0
2 1 220
2 1 802
2 1 0
2 1 0
2 1 463
2 1 539
2 1 693
2 1 0
3 1 0
3 1 254
3 1 577
3 1 408
3 1 801
3 1 459
3 1 0
3 1 0
3 1 790
3 1 0
3 1 0
3 1 141
3 1 0
4 2 0
4 2 645
4 2 865
4 2 189
4 2 428
4 2 0
4 2 0
4 2 307
4 2 793
4 2 654
4 2 0
5 2 0
5 2 605
5 2 593
5 2 754
5 2 947
5 2 974
5 2 716
5 2 525
5 2 8
5 2 476
5 2 205
5 2 0
6 2 0
6 2 57
6 2 843
6 2 281
6 2 717
6 2 532
6 2 423
6 2 544
6 2 304
6 2 114
6 2 0
7 1 0
7 1 856
7 1 763
7 1 831
7 1 939
7 1 0
7 1 0
7 1 954
7 1 161
7 1 652
7 1 520
7 1 535
7 1 0
7 1 0
7 1 0
8 2 0
8 2 354
8 2 442
8 2 749
8 2 319
8 2 401
8 2 229
8 2 0
9 1 0
9 1 170
9 1 400
9 1 798
9 1 468
9 1 641
9 1 742
9 1 0
10 2 0
10 2 154
10 2 0
10 2 0
10 2 37
10 2 855
10 2 269
10 2 397
10 2 212
10 2 0
11 2 0
11 2 462
11 2 813
11 2 478
11 2 975
11 2 759
11 2 0
11 2 0
11 2 124
11 2 475
11 2 799
11 2 0
12 2 0
12 2 4
12 2 911
12 2 899
12 2 250
12 2 826
12 2 700
12 2 783
12 2 217
12 2 897
12 2 815
12 2 0
13 1 0
13 1 454
13 1 283
13 1 714
13 1 293
13 1 0
14 1 0
14 1 689
14 1 380
14 1 106
14 1 470
14 1 477
14 1 345
14 1 880
14 1 0
14 1 0
14 1 0
15 1 0
15 1 391
15 1 710
15 1 440
15 1 216
15 1 732
15 1 0
15 1 0
15 1 0
16 1 0
16 1 501
16 1 682
16 1 922
16 1 101
16 1 64
16 1 437
16 1 992
16 1 923
16 1 0
16 1 0
16 1 0
17 2 0
17 2 602
17 2 237
17 2 570
17 2 0
17 2 0
17 2 919
17 2 356
17 2 0
18 1 0
18 1 164
18 1 92
18 1 650
18 1 600
18 1 0
19 2 0
19 2 612
19 2 591
19 2 504
19 2 0
20 1 0
20 1 841
20 1 7
20 1 543
20 1 133
20 1 246
20 1 40
20 1 990
20 1 873
20 1 0
20 1 0
20 1 0
21 1 0
21 1 565
21 1 850
21 1 58
21 1 871
21 1 36
21 1 264
21 1 63
21 1 99
21 1 807
21 1 0
21 1 0
21 1 0
22 2 0
22 2 489
22 2 741
22 2 107
22 2 967
22 2 678
22 2 508
22 2 0
23 2 0
23 2 284
23 2 531
23 2 945
23 2 791
23 2 964
23 2 314
23 2 125
23 2 0
24 1 0
24 1 291
24 1 9
24 1 925
24 1 418
24 1 84
24 1 709
24 1 323
24 1 208
24 1 0
24 1 0
24 1 0
24 1 0
25 2 0
25 2 846
25 2 473
25 2 949
25 2 692
25 2 852
25 2 0
26 2 0
26 2 820
26 2 128
26 2 721
26 2 324
26 2 0
26 2 0
26 2 510
26 2 276
26 2 784
26 2 0
27 2 0
27 2 866
27 2 817
27 2 157
27 2 485
27 2 290
27 2 0
27 2 0
27 2 590
27 2 0
28 2 0
28 2 816
28 2 863
28 2 868
28 2 910
28 2 524
28 2 279
28 2 0
28 2 0
28 2 561
28 2 230
28 2 0
29 2 0
29 2 609
29 2 738
29 2 796
29 2 349
29 2 0
29 2 0
29 2 171
29 2 0
30 1 0
30 1 113
30 1 456
30 1 102
30 1 351
30 1 0
30 1 0
30 1 810
30 1 0
31 2 0
31 2 389
31 2 538
31 2 446
31 2 580
31 2 232
31 2 808
31 2 495
31 2 512
31 2 0
32 2 0
32 2 907
32 2 666
32 2 207
32 2 168
32 2 71
32 2 44
32 2 383
32 2 545
32 2 0
33 1 0
33 1 338
33 1 541
33 1 204
33 1 563
33 1 940
33 1 677
33 1 0
33 1 0
33 1 0
34 1 0
34 1 158
34 1 806
34 1 814
34 1 93
34 1 417
34 1 181
34 1 259
34 1 0
34 1 0
34 1 0
35 2 0
35 2 529
35 2 603
35 2 644
35 2 608
35 2 447
35 2 0
35 2 0
35 2 352
35 2 436
35 2 11
35 2 0
36 1 0
36 1 606
36 1 955
36 1 562
36 1 266
36 1 399
36 1 680
36 1 844
36 1 438
36 1 581
36 1 509
36 1 0
36 1 0
36 1 0
36 1 0
37 1 0
37 1 441
37 1 329
37 1 676
37 1 969
37 1 803
37 1 0
37 1 0
37 1 0
38 2 0
38 2 153
38 2 394
38 2 453
38 2 88
38 2 578
38 2 0
38 2 0
38 2 550
38 2 785
38 2 0
39 2 0
39 2 542
39 2 809
39 2 45
39 2 707
39 2 752
39 2 664
39 2 151
39 2 970
39 2 734
39 2 965
39 2 0
40 2 0
40 2 715
40 2 511
40 2 902
40 2 425
40 2 79
40 2 586
40 2 38
40 2 885
40 2 178
40 2 0
41 1 0
41 1 54
41 1 188
41 1 781
41 1 177
41 1 686
41 1 160
41 1 0
41 1 0
41 1 837
41 1 0
42 2 0
42 2 17
42 2 435
42 2 183
42 2 701
42 2 835
42 2 490
42 2 471
42 2 0
42 2 0
42 2 0
43 1 0
43 1 14
43 1 991
43 1 78
43 1 0
43 1 0
43 1 472
43 1 513
43 1 906
43 1 0
43 1 0
43 1 0
44 2 0
44 2 921
44 2 150
44 2 944
44 2 669
44 2 857
44 2 0
45 2 0
45 2 336
45 2 369
45 2 854
45 2 426
45 2 0
45 2 0
45 2 255
45 2 86
45 2 74
45 2 0
46 1 0
46 1 335
46 1 193
46 1 840
46 1 0
47 1 0
47 1 909
47 1 971
47 1 480
47 1 0
47 1 0
47 1 0
48 2 0
48 2 518
48 2 497
48 2 610
48 2 894
48 2 25
48 2 726
48 2 758
48 2 0
48 2 0
48 2 148
48 2 0
49 2 0
49 2 611
49 2 647
49 2 724
49 2 455
49 2 0
49 2 0
49 2 0
50 1 0
50 1 679
50 1 753
50 1 838
50 1 0
51 1 0
51 1 576
51 1 0
52 1 0
52 1 248
52 1 200
52 1 360
52 1 0
53 1 0
53 1 199
53 1 751
53 1 393
53 1 861
53 1 0
53 1 0
53 1 191
53 1 135
53 1 675
53 1 0
53 1 0
53 1 0
54 2 0
54 2 41
54 2 136
54 2 918
54 2 309
54 2 0
54 2 0
54 2 0
55 2 0
55 2 648
55 2 973
55 2 118
55 2 656
55 2 0
55 2 0
55 2 0
56 2 0
56 2 292
56 2 776
56 2 0
56 2 0
56 2 0
57 2 0
57 2 699
57 2 996
57 2 870
57 2 272
57 2 0
57 2 0
57 2 980
57 2 289
57 2 0
58 2 0
58 2 340
58 2 794
58 2 233
58 2 134
58 2 376
58 2 601
58 2 140
58 2 515
58 2 0
58 2 0
58 2 0
59 2 0
59 2 646
59 2 334
59 2 938
59 2 755
59 2 997
59 2 0
59 2 0
59 2 876
59 2 929
59 2 0
60 2 0
60 2 392
60 2 273
60 2 735
60 2 628
60 2 172
60 2 937
60 2 761
60 2 595
60 2 0
61 2 0
61 2 989
61 2 458
61 2 622
61 2 573
61 2 839
61 2 0
61 2 0
61 2 398
61 2 80
61 2 287
61 2 0
61 2 0
61 2 0
62 2 0
62 2 275
62 2 771
62 2 977
62 2 396
62 2 694
62 2 481
62 2 0
62 2 0
62 2 0
63 2 0
63 2 568
63 2 779
63 2 0
64 1 0
64 1 223
64 1 936
64 1 630
64 1 434
64 1 0
65 1 0
65 1 673
65 1 887
65 1 891
65 1 685
65 1 479
65 1 0
65 1 0
65 1 0
66 1 0
66 1 410
66 1 999
66 1 341
66 1 941
66 1 492
66 1 10
66 1 0
66 1 0
66 1 0
66 1 0
67 1 0
67 1 943
67 1 310
67 1 413
67 1 0
67 1 0
67 1 166
67 1 28
67 1 119
67 1 0
68 2 0
68 2 321
68 2 175
68 2 432
68 2 34
68 2 339
68 2 0
68 2 0
68 2 0
69 2 0
69 2 748
69 2 27
69 2 0
70 1 0
70 1 186
70 1 81
70 1 85
70 1 800
70 1 881
70 1 298
70 1 0
70 1 0
71 1 0
71 1 756
71 1 420
71 1 554
71 1 663
71 1 0
71 1 0
71 1 163
71 1 604
71 1 516
71 1 0
72 2 0
72 2 430
72 2 930
72 2 126
72 2 730
72 2 0
72 2 0
72 2 718
72 2 0
72 2 0
72 2 0
73 2 0
73 2 328
73 2 282
73 2 683
73 2 0
73 2 0
73 2 130
73 2 47
73 2 0
74 2 0
74 2 411
74 2 574
74 2 582
74 2 875
74 2 122
74 2 983
74 2 0
74 2 0
74 2 0
75 1 0
75 1 934
75 1 627
75 1 0
76 1 0
76 1 18
76 1 332
76 1 792
76 1 613
76 1 0
76 1 0
76 1 960
76 1 536
76 1 24
76 1 0
77 1 0
77 1 564
77 1 695
77 1 0
78 1 0
78 1 30
78 1 805
78 1 466
78 1 484
78 1 211
78 1 948
78 1 587
78 1 0
78 1 0
79 2 0
79 2 404
79 2 419
79 2 660
79 2 402
79 2 0
79 2 0
79 2 757
79 2 494
79 2 668
79 2 0
80 2 0
80 2 226
80 2 571
80 2 942
80 2 883
80 2 265
80 2 0
80 2 0
80 2 0
81 2 0
81 2 366
81 2 778
81 2 493
81 2 97
81 2 465
81 2 0
81 2 0
81 2 0
82 2 0
82 2 697
82 2 988
82 2 927
82 2 318
82 2 0
82 2 0
82 2 557
82 2 812
82 2 0
83 1 0
83 1 640
83 1 777
83 1 559
83 1 0
83 1 0
83 1 705
83 1 0
84 2 0
84 2 167
84 2 830
84 2 819
84 2 0
84 2 0
84 2 457
84 2 496
84 2 301
84 2 626
84 2 0
84 2 0
84 2 0
85 2 0
85 2 59
85 2 659
85 2 173
85 2 848
85 2 750
85 2 0
85 2 0
85 2 0
86 1 0
86 1 429
86 1 797
86 1 842
86 1 877
86 1 0
87 1 0
87 1 31
87 1 849
87 1 832
87 1 190
87 1 621
87 1 0
87 1 0
87 1 0
87 1 0
88 2 0
88 2 661
88 2 0
88 2 0
88 2 0
89 2 0
89 2 764
89 2 950
89 2 467
89 2 82
89 2 0
89 2 0
89 2 0
90 1 0
90 1 662
90 1 619
90 1 895
90 1 0
90 1 0
91 2 0
91 2 746
91 2 720
91 2 382
91 2 461
91 2 104
91 2 90
91 2 0
91 2 0
92 1 0
92 1 247
92 1 908
92 1 728
92 1 498
92 1 0
92 1 0
92 1 0
92 1 311
92 1 0
92 1 0
92 1 0
93 2 0
93 2 874
93 2 828
93 2 0
93 2 0
93 2 23
93 2 342
93 2 91
93 2 789
93 2 0
94 2 0
94 2 655
94 2 653
94 2 448
94 2 681
94 2 0
94 2 0
94 2 95
94 2 847
94 2 0
95 2 0
95 2 782
95 2 862
95 2 596
95 2 0
95 2 0
95 2 365
95 2 0
95 2 0
95 2 0
96 1 0
96 1 0
97 1 0
97 1 0
98 2 0
98 2 657
98 2 144
98 2 0
98 2 0
98 2 951
98 2 245
98 2 53
98 2 503
98 2 617
98 2 0
99 2 0
99 2 149
99 2 534
99 2 634
99 2 825
99 2 387
99 2 0
99 2 0
99 2 546
99 2 607
99 2 0
100 2 0
100 2 294
100 2 409
100 2 860
100 2 723
100 2 236
100 2 46
100 2 912
100 2 0
100 2 0
101 2 0
101 2 642
101 2 615
101 2 327
101 2 740
101 2 505
101 2 0
101 2 0
101 2 0
102 1 0
102 1 218
102 1 624
102 1 904
102 1 0
102 1 0
102 1 0
103 2 0
103 2 530
103 2 920
103 2 772
103 2 0
104 1 0
104 1 445
104 1 523
104 1 348
104 1 5
104 1 569
104 1 68
104 1 0
104 1 0
105 1 0
105 1 665
105 1 998
105 1 522
105 1 526
105 1 116
105 1 928
105 1 0
105 1 0
106 2 0
106 2 898
106 2 182
106 2 0
107 2 0
107 2 214
107 2 727
107 2 0
107 2 0
107 2 0
108 2 0
108 2 703
108 2 827
108 2 156
108 2 823
108 2 548
108 2 381
108 2 0
108 2 0
109 1 0
109 1 251
109 1 986
109 1 635
109 1 0
109 1 0
109 1 0
109 1 367
109 1 994
109 1 824
109 1 0
109 1 0
109 1 0
110 1 0
110 1 414
110 1 221
110 1 558
110 1 0
110 1 0
110 1 0
110 1 0
111 2 0
111 2 313
111 2 903
111 2 98
111 2 0
111 2 0
111 2 672
111 2 406
111 2 412
111 2 0
112 1 0
112 1 719
112 1 320
112 1 460
112 1 0
112 1 0
112 1 0
112 1 330
112 1 0
113 1 0
113 1 109
113 1 853
113 1 972
113 1 884
113 1 0
113 1 0
113 1 0
113 1 94
113 1 638
113 1 0
113 1 0
113 1 0
114 1 0
114 1 142
114 1 488
114 1 725
114 1 187
114 1 0
114 1 0
114 1 0
114 1 0
115 2 0
115 2 712
115 2 196
115 2 872
115 2 326
115 2 331
115 2 373
115 2 0
115 2 0
115 2 0
115 2 0
116 2 0
116 2 296
116 2 0
116 2 0
116 2 818
116 2 0
116 2 0
116 2 0
117 2 0
117 2 502
117 2 773
117 2 464
117 2 0
117 2 0
117 2 706
117 2 201
117 2 415
117 2 0
118 2 0
118 2 271
118 2 407
118 2 976
118 2 0
118 2 0
118 2 202
118 2 0
119 2 0
119 2 364
119 2 743
119 2 238
119 2 60
119 2 6
119 2 89
119 2 882
119 2 0
119 2 0
119 2 0
119 2 0
120 1 0
120 1 555
120 1 249
120 1 377
120 1 0
120 1 0
120 1 0
120 1 165
120 1 0
121 2 0
121 2 42
121 2 698
121 2 385
121 2 253
121 2 760
121 2 834
121 2 0
121 2 0
122 2 0
122 2 240
122 2 15
122 2 0
122 2 0
122 2 811
122 2 317
122 2 0
122 2 0
122 2 0
123 2 0
123 2 670
123 2 690
123 2 123
123 2 651
123 2 263
123 2 905
123 2 890
123 2 579
123 2 829
123 2 0
123 2 0
124 1 0
124 1 744
124 1 625
124 1 981
124 1 507
124 1 649
124 1 0
124 1 0
124 1 0
124 1 66
124 1 0
125 2 0
125 2 384
125 2 198
125 2 966
125 2 859
125 2 433
125 2 667
125 2 491
125 2 0
125 2 0
125 2 0
125 2 0
126 1 0
126 1 514
126 1 916
126 1 56
126 1 162
126 1 962
126 1 0
126 1 0
126 1 0
126 1 0
127 1 0
127 1 145
127 1 924
127 1 0
127 1 0
127 1 995
127 1 0
128 2 0
128 2 917
128 2 210
128 2 299
128 2 378
128 2 585
128 2 0
128 2 0
129 2 0
129 2 32
129 2 72
129 2 308
129 2 105
129 2 961
129 2 629
129 2 75
129 2 0
129 2 0
130 2 0
130 2 127
130 2 786
130 2 0
130 2 0
130 2 0
131 2 0
131 2 722
131 2 482
131 2 303
131 2 450
131 2 959
131 2 671
131 2 49
131 2 632
131 2 0
131 2 0
131 2 0
131 2 0
132 2 0
132 2 69
132 2 1000
132 2 913
132 2 87
132 2 0
132 2 0
132 2 0
133 1 0
133 1 982
133 1 953
133 1 633
133 1 984
133 1 845
133 1 0
133 1 0
134 1 0
134 1 374
134 1 788
134 1 598
134 1 316
134 1 867
134 1 0
134 1 0
134 1 0
134 1 346
134 1 0
135 2 0
135 2 22
135 2 978
135 2 0
135 2 0
135 2 222
135 2 0
135 2 0
135 2 0
136 2 0
136 2 73
136 2 713
136 2 795
136 2 65
136 2 0
136 2 0
137 2 0
137 2 277
137 2 914
137 2 691
137 2 147
137 2 278
137 2 589
137 2 787
137 2 0
137 2 0
137 2 0
137 2 0
138 2 0
138 2 765
138 2 0
139 1 0
139 1 566
139 1 0
139 1 0
139 1 588
139 1 83
139 1 506
139 1 0
139 1 0
140 2 0
140 2 449
140 2 893
140 2 747
140 2 597
140 2 517
140 2 286
140 2 486
140 2 915
140 2 252
140 2 0
140 2 0
140 2 0
140 2 0
141 1 0
141 1 357
141 1 306
141 1 858
141 1 0
141 1 0
141 1 0
141 1 0
142 1 0
142 1 243
142 1 684
142 1 0
142 1 0
142 1 0
142 1 372
142 1 0
142 1 0
142 1 0
143 2 0
143 2 370
143 2 636
143 2 244
143 2 946
143 2 353
143 2 361
143 2 0
143 2 0
143 2 0
143 2 0
144 2 0
144 2 745
144 2 0
144 2 0
144 2 556
144 2 499
144 2 0
145 1 0
145 1 184
145 1 194
145 1 0
145 1 0
145 1 0
145 1 325
145 1 0
145 1 0
145 1 0
146 1 0
146 1 224
146 1 129
146 1 227
146 1 117
146 1 0
146 1 0
146 1 0
146 1 305
146 1 0
146 1 0
146 1 0
147 1 0
147 1 733
147 1 61
147 1 631
147 1 533
147 1 0
147 1 0
147 1 0
147 1 0
148 2 0
148 2 643
148 2 674
148 2 100
148 2 623
148 2 599
148 2 0
148 2 0
148 2 0
148 2 0
149 2 0
149 2 137
149 2 131
149 2 618
149 2 0
149 2 0
149 2 0
149 2 993
149 2 0
150 2 0
150 2 35
150 2 567
150 2 528
150 2 963
150 2 443
150 2 427
150 2 639
150 2 386
150 2 0
150 2 0
151 1 0
151 1 176
151 1 197
151 1 139
151 1 892
151 1 138
151 1 0
151 1 0
151 1 0
151 1 0
152 1 0
152 1 155
152 1 267
152 1 0
152 1 0
152 1 0
152 1 0
153 2 0
153 2 268
153 2 21
153 2 363
153 2 375
153 2 0
153 2 0
153 2 0
153 2 0
154 2 0
154 2 416
154 2 901
154 2 159
154 2 285
154 2 206
154 2 879
154 2 0
154 2 0
154 2 0
154 2 0
155 1 0
155 1 368
155 1 174
155 1 132
155 1 0
155 1 0
155 1 0
155 1 451
155 1 241
155 1 55
155 1 0
155 1 0
156 2 0
156 2 120
156 2 931
156 2 347
156 2 878
156 2 452
156 2 519
156 2 121
156 2 896
156 2 0
156 2 0
156 2 0
156 2 0
157 2 0
157 2 704
157 2 737
157 2 0
158 1 0
158 1 362
158 1 242
158 1 146
158 1 0
158 1 0
159 1 0
159 1 333
159 1 552
159 1 864
159 1 836
159 1 0
159 1 0
160 1 0
160 1 322
160 1 979
160 1 0
160 1 0
160 1 0
160 1 0
161 2 0
161 2 297
161 2 295
161 2 0
162 1 0
162 1 103
162 1 261
162 1 769
162 1 388
162 1 766
162 1 0
162 1 0
162 1 0
162 1 0
163 1 0
163 1 900
163 1 343
163 1 350
163 1 0
163 1 0
163 1 0
163 1 0
164 1 0
164 1 770
164 1 0
164 1 0
164 1 0
164 1 209
164 1 96
164 1 76
164 1 0
164 1 0
165 1 0
165 1 256
165 1 215
165 1 444
165 1 26
165 1 889
165 1 0
165 1 0
165 1 0
165 1 0
166 1 0
166 1 379
166 1 768
166 1 0
166 1 0
166 1 0
166 1 711
166 1 439
166 1 0
166 1 0
166 1 0
166 1 0
167 2 0
167 2 549
167 2 687
167 2 614
167 2 48
167 2 620
167 2 231
167 2 0
167 2 0
168 1 0
168 1 560
168 1 739
168 1 774
168 1 888
168 1 0
168 1 0
169 1 0
169 1 483
169 1 575
169 1 933
169 1 0
169 1 0
169 1 0
169 1 195
169 1 0
170 1 0
170 1 115
170 1 821
170 1 258
170 1 405
170 1 0
170 1 0
170 1 0
170 1 112
170 1 0
171 1 0
171 1 52
171 1 804
171 1 0
171 1 0
171 1 0
171 1 344
171 1 702
171 1 0
171 1 0
172 1 0
172 1 228
172 1 952
172 1 594
172 1 551
172 1 0
172 1 0
172 1 0
172 1 0
173 1 0
173 1 20
173 1 39
173 1 50
173 1 572
173 1 0
173 1 0
174 2 0
174 2 203
174 2 234
174 2 239
174 2 390
174 2 62
174 2 337
174 2 0
174 2 0
174 2 0
174 2 0
175 1 0
175 1 403
175 1 302
175 1 851
175 1 358
175 1 0
175 1 0
175 1 0
175 1 0
176 2 0
176 2 111
176 2 487
176 2 637
176 2 1
176 2 736
176 2 527
176 2 0
176 2 0
176 2 0
176 2 0
177 1 0
177 1 422
177 1 658
177 1 540
177 1 935
177 1 0
177 1 0
177 1 0
177 1 0
178 2 0
178 2 312
178 2 70
178 2 225
178 2 926
178 2 696
178 2 3
178 2 584
178 2 0
178 2 0
179 2 0
179 2 16
179 2 500
179 2 987
179 2 762
179 2 192
179 2 0
179 2 0
179 2 0
179 2 0
180 2 0
180 2 592
180 2 968
180 2 583
180 2 537
180 2 833
180 2 300
180 2 0
180 2 0
180 2 0
180 2 0
181 2 0
181 2 355
181 2 985
181 2 51
181 2 235
181 2 359
181 2 77
181 2 0
181 2 0
181 2 0
181 2 0
182 1 0
182 1 547
182 1 169
182 1 0
182 1 0
183 2 0
183 2 262
183 2 780
183 2 469
183 2 315
183 2 0
183 2 0
183 2 0
183 2 0
184 1 0
184 1 213
184 1 775
184 1 421
184 1 0
184 1 0
184 1 0
184 1 0
185 2 0
185 2 822
185 2 0
185 2 0
185 2 0
185 2 0
186 1 0
186 1 521
186 1 395
186 1 869
186 1 0
186 1 0
187 1 0
187 1 729
187 1 424
187 1 0
187 1 0
187 1 0
187 1 280
187 1 110
187 1 0
187 1 0
188 1 0
188 1 431
188 1 957
188 1 708
188 1 0
188 1 0
189 2 0
189 2 886
189 2 958
189 2 179
189 2 19
189 2 731
189 2 0
189 2 0
190 1 0
190 1 270
190 1 371
190 1 0
190 1 0
190 1 0
190 1 0
191 1 0
191 1 688
191 1 474
191 1 0
191 1 260
191 1 0
191 1 0
191 1 0
191 1 0
192 2 0
192 2 143
192 2 274
192 2 0
192 2 0
193 1 0
193 1 185
193 1 67
193 1 0
193 1 219
193 1 0
193 1 0
194 2 0
194 2 956
194 2 0
194 2 0
194 2 0
194 2 152
194 2 12
194 2 0
194 2 0
195 2 0
195 2 108
195 2 0
196 2 0
196 2 43
196 2 0
197 2 0
197 2 33
197 2 0
198 1 0
198 1 29
198 1 0
199 2 0
199 2 13
199 2 0
199 2 0
200 2 0
200 2 2
200 2 0
