total cost: 336616
1 2 0
1 2 553
1 2 288
1 2 767
1 2 0
1 2 0
1 2 307
1 2 793
1 2 0
1 2 0
1 2 141
1 2 0
2 1 0
2 1 220
2 1 802
2 1 577
2 1 254
2 1 0
2 1 0
2 1 616
2 1 180
2 1 257
2 1 932
2 1 0
2 1 0
2 1 0
3 1 0
3 1 801
3 1 754
3 1 593
3 1 475
3 1 510
3 1 356
3 1 0
4 2 0
4 2 463
4 2 539
4 2 154
4 2 693
4 2 0
4 2 0
4 2 790
4 2 612
4 2 654
4 2 0
5 1 0
5 1 645
5 1 954
5 1 161
5 1 0
5 1 0
5 1 652
5 1 504
5 1 0
6 1 0
6 1 605
6 1 974
6 1 716
6 1 525
6 1 476
6 1 0
7 2 0
7 2 408
7 2 947
7 2 401
7 2 229
7 2 535
7 2 919
7 2 0
8 2 0
8 2 57
8 2 865
8 2 189
8 2 428
8 2 710
8 2 717
8 2 532
8 2 304
8 2 205
8 2 114
8 2 0
8 2 0
8 2 0
9 2 0
9 2 281
9 2 843
9 2 170
9 2 749
9 2 423
9 2 544
9 2 352
9 2 0
10 2 0
10 2 856
10 2 763
10 2 831
10 2 602
10 2 911
10 2 468
10 2 700
10 2 783
10 2 477
10 2 0
11 1 0
11 1 354
11 1 442
11 1 440
11 1 391
11 1 94
11 1 732
11 1 0
11 1 0
11 1 0
12 2 0
12 2 459
12 2 454
12 2 37
12 2 283
12 2 590
12 2 269
12 2 0
13 1 0
13 1 319
13 1 689
13 1 798
13 1 380
13 1 0
14 2 0
14 2 164
14 2 92
14 2 216
14 2 650
14 2 600
14 2 0
15 2 0
15 2 462
15 2 813
15 2 478
15 2 570
15 2 0
15 2 0
15 2 124
15 2 799
15 2 148
15 2 0
16 2 0
16 2 4
16 2 250
16 2 899
16 2 826
16 2 922
16 2 217
16 2 470
16 2 897
16 2 345
16 2 0
16 2 0
16 2 0
17 1 0
17 1 8
17 1 561
17 1 520
17 1 0
18 2 0
18 2 501
18 2 400
18 2 682
18 2 101
18 2 106
18 2 815
18 2 360
18 2 990
18 2 223
18 2 0
19 1 0
19 1 841
19 1 7
19 1 543
19 1 437
19 1 992
19 1 923
19 1 436
19 1 0
19 1 0
19 1 0
20 1 0
20 1 284
20 1 338
20 1 759
20 1 0
20 1 0
20 1 591
20 1 230
20 1 0
21 2 0
21 2 565
21 2 871
21 2 850
21 2 58
21 2 36
21 2 264
21 2 99
21 2 63
21 2 807
21 2 0
22 1 0
22 1 489
22 1 741
22 1 107
22 1 0
23 1 0
23 1 291
23 1 866
23 1 128
23 1 9
23 1 721
23 1 967
23 1 678
23 1 508
23 1 0
23 1 0
23 1 0
24 1 0
24 1 846
24 1 473
24 1 714
24 1 293
24 1 0
25 2 0
25 2 975
25 2 810
25 2 276
25 2 784
25 2 86
25 2 0
26 2 0
26 2 820
26 2 925
26 2 418
26 2 292
26 2 208
26 2 38
26 2 0
26 2 0
26 2 0
27 1 0
27 1 64
27 1 641
27 1 791
27 1 964
27 1 314
27 1 0
28 2 0
28 2 816
28 2 863
28 2 868
28 2 609
28 2 349
28 2 0
28 2 0
28 2 171
28 2 742
28 2 0
29 1 0
29 1 158
29 1 237
29 1 939
29 1 0
29 1 0
29 1 248
29 1 0
30 2 0
30 2 113
30 2 910
30 2 529
30 2 907
30 2 335
30 2 608
30 2 513
30 2 906
30 2 545
30 2 0
30 2 0
30 2 0
31 1 0
31 1 738
31 1 796
31 1 644
31 1 447
31 1 929
31 1 0
31 1 0
31 1 0
32 1 0
32 1 389
32 1 580
32 1 538
32 1 446
32 1 495
32 1 397
32 1 512
32 1 0
32 1 0
32 1 0
33 1 0
33 1 54
33 1 715
33 1 902
33 1 84
33 1 885
33 1 323
33 1 178
33 1 0
34 2 0
34 2 17
34 2 188
34 2 781
34 2 709
34 2 776
34 2 668
34 2 0
35 2 0
35 2 541
35 2 204
35 2 392
35 2 940
35 2 181
35 2 259
35 2 191
35 2 125
35 2 0
35 2 0
35 2 0
36 2 0
36 2 14
36 2 441
36 2 855
36 2 232
36 2 808
36 2 949
36 2 852
36 2 692
36 2 0
37 1 0
37 1 606
37 1 955
37 1 542
37 1 266
37 1 707
37 1 246
37 1 40
37 1 873
37 1 694
37 1 0
37 1 0
37 1 0
37 1 0
38 1 0
38 1 153
38 1 394
38 1 666
38 1 207
38 1 168
38 1 0
38 1 0
38 1 472
38 1 785
38 1 0
38 1 0
38 1 0
39 2 0
39 2 603
39 2 524
39 2 351
39 2 921
39 2 0
39 2 0
39 2 0
40 1 0
40 1 531
40 1 45
40 1 399
40 1 275
40 1 748
40 1 166
40 1 27
40 1 0
40 1 0
40 1 0
41 1 0
41 1 133
41 1 752
41 1 664
41 1 0
41 1 0
41 1 837
41 1 0
42 2 0
42 2 279
42 2 255
42 2 647
42 2 980
42 2 74
42 2 724
42 2 0
43 2 0
43 2 945
43 2 880
43 2 136
43 2 200
43 2 0
44 1 0
44 1 677
44 1 41
44 1 0
45 2 0
45 2 550
45 2 0
46 2 0
46 2 563
46 2 93
46 2 417
46 2 918
46 2 309
46 2 0
46 2 0
46 2 0
47 2 0
47 2 456
47 2 996
47 2 699
47 2 568
47 2 675
47 2 135
47 2 0
48 1 0
48 1 336
48 1 369
48 1 854
48 1 0
48 1 0
48 1 909
48 1 0
49 1 0
49 1 679
49 1 576
49 1 0
50 1 0
50 1 817
50 1 157
50 1 199
50 1 324
50 1 0
50 1 0
50 1 212
50 1 516
50 1 44
50 1 0
51 2 0
51 2 806
51 2 430
51 2 977
51 2 396
51 2 844
51 2 438
51 2 0
52 2 0
52 2 435
52 2 686
52 2 160
52 2 0
52 2 0
52 2 0
53 1 0
53 1 518
53 1 497
53 1 574
53 1 419
53 1 976
53 1 669
53 1 0
53 1 0
53 1 0
54 2 0
54 2 611
54 2 455
54 2 0
54 2 0
54 2 0
55 1 0
55 1 562
55 1 410
55 1 943
55 1 290
55 1 0
55 1 0
55 1 163
55 1 47
55 1 0
56 1 0
56 1 809
56 1 930
56 1 771
56 1 492
56 1 413
56 1 0
56 1 0
56 1 130
56 1 0
57 2 0
57 2 102
57 2 610
57 2 894
57 2 25
57 2 582
57 2 726
57 2 758
57 2 595
57 2 0
57 2 0
57 2 0
58 1 0
58 1 648
58 1 485
58 1 151
58 1 970
58 1 734
58 1 965
58 1 24
58 1 0
59 2 0
59 2 340
59 2 756
59 2 134
59 2 175
59 2 376
59 2 601
59 2 140
59 2 515
59 2 0
59 2 0
59 2 0
60 1 0
60 1 969
60 1 803
60 1 66
60 1 0
61 2 0
61 2 646
61 2 697
61 2 870
61 2 0
61 2 0
61 2 876
61 2 753
61 2 0
62 2 0
62 2 814
62 2 85
62 2 800
62 2 493
62 2 881
62 2 298
62 2 0
63 2 0
63 2 680
63 2 581
63 2 936
63 2 630
63 2 0
64 2 0
64 2 989
64 2 751
64 2 673
64 2 226
64 2 887
64 2 0
64 2 0
64 2 398
64 2 80
64 2 0
65 2 0
65 2 511
65 2 425
65 2 586
65 2 79
65 2 557
65 2 0
66 2 0
66 2 321
66 2 233
66 2 701
66 2 177
66 2 494
66 2 0
66 2 0
66 2 0
67 1 0
67 1 835
67 1 490
67 1 471
67 1 847
67 1 0
67 1 0
67 1 0
68 2 0
68 2 95
68 2 311
68 2 0
68 2 0
68 2 0
69 1 0
69 1 186
69 1 628
69 1 937
69 1 289
69 1 0
69 1 0
69 1 0
70 1 0
70 1 971
70 1 457
70 1 960
70 1 480
70 1 0
70 1 0
70 1 0
71 1 0
71 1 150
71 1 621
71 1 944
71 1 857
71 1 0
71 1 0
71 1 0
72 2 0
72 2 676
72 2 71
72 2 661
72 2 0
73 1 0
73 1 794
73 1 874
73 1 828
73 1 0
73 1 0
73 1 43
73 1 0
74 1 0
74 1 328
74 1 755
74 1 997
74 1 97
74 1 778
74 1 0
74 1 0
74 1 11
74 1 434
74 1 0
75 2 0
75 2 310
75 2 941
75 2 973
75 2 0
75 2 0
75 2 718
75 2 0
75 2 0
75 2 0
76 1 0
76 1 411
76 1 426
76 1 0
76 1 0
76 1 183
76 1 287
76 1 0
76 1 0
76 1 0
77 1 0
77 1 934
77 1 453
77 1 88
77 1 578
77 1 0
77 1 0
77 1 29
77 1 0
78 1 0
78 1 329
78 1 991
78 1 78
78 1 0
78 1 0
78 1 757
78 1 0
79 1 0
79 1 564
79 1 840
79 1 0
80 1 0
80 1 273
80 1 746
80 1 660
80 1 172
80 1 761
80 1 211
80 1 0
81 1 0
81 1 18
81 1 891
81 1 341
81 1 118
81 1 656
81 1 0
81 1 0
81 1 0
82 2 0
82 2 30
82 2 429
82 2 735
82 2 466
82 2 587
82 2 0
83 1 0
83 1 404
83 1 0
83 1 0
83 1 193
83 1 173
83 1 0
84 1 0
84 1 366
84 1 938
84 1 465
84 1 0
84 1 0
84 1 604
84 1 383
84 1 0
85 2 0
85 2 640
85 2 777
85 2 998
85 2 554
85 2 663
85 2 0
85 2 0
85 2 481
85 2 509
85 2 0
86 1 0
86 1 695
86 1 0
87 1 0
87 1 334
87 1 782
87 1 764
87 1 819
87 1 0
87 1 0
87 1 861
87 1 119
87 1 28
87 1 824
87 1 0
88 1 0
88 1 81
88 1 272
88 1 0
88 1 0
88 1 685
88 1 10
88 1 727
88 1 0
88 1 0
88 1 0
89 2 0
89 2 167
89 2 950
89 2 467
89 2 842
89 2 877
89 2 779
89 2 0
90 1 0
90 1 59
90 1 0
91 2 0
91 2 999
91 2 719
91 2 622
91 2 573
91 2 942
91 2 883
91 2 265
91 2 0
91 2 0
91 2 0
92 1 0
92 1 705
92 1 0
93 1 0
93 1 797
93 1 988
93 1 927
93 1 318
93 1 0
93 1 0
93 1 948
93 1 0
94 2 0
94 2 31
94 2 849
94 2 385
94 2 190
94 2 0
95 1 0
95 1 282
95 1 126
95 1 730
95 1 0
95 1 0
95 1 838
95 1 0
96 1 0
96 1 484
96 1 706
96 1 983
96 1 0
97 2 0
97 2 393
97 2 818
97 2 301
97 2 0
98 2 0
98 2 247
98 2 908
98 2 144
98 2 951
98 2 659
98 2 0
98 2 0
98 2 23
98 2 0
99 2 0
99 2 655
99 2 712
99 2 653
99 2 0
99 2 0
99 2 662
99 2 558
99 2 0
100 2 0
100 2 365
100 2 750
100 2 91
100 2 0
100 2 0
100 2 0
101 2 0
101 2 218
101 2 432
101 2 34
101 2 339
101 2 928
101 2 0
102 1 0
102 1 848
102 1 0
103 1 0
103 1 458
103 1 534
103 1 792
103 1 332
103 1 613
103 1 0
103 1 0
103 1 0
103 1 0
104 1 0
104 1 0
105 2 0
105 2 657
105 2 0
105 2 0
105 2 496
105 2 672
105 2 0
106 2 0
106 2 420
106 2 665
106 2 240
106 2 555
106 2 526
106 2 116
106 2 0
106 2 0
107 2 0
107 2 342
107 2 607
107 2 789
107 2 0
108 2 0
108 2 830
108 2 862
108 2 596
108 2 145
108 2 0
108 2 0
108 2 546
108 2 182
108 2 0
109 1 0
109 1 149
109 1 142
109 1 634
109 1 825
109 1 387
109 1 0
109 1 0
109 1 0
109 1 479
109 1 0
109 1 0
109 1 0
110 1 0
110 1 294
110 1 364
110 1 683
110 1 0
110 1 0
110 1 530
110 1 920
110 1 0
111 2 0
111 2 642
111 2 832
111 2 122
111 2 875
111 2 506
111 2 993
111 2 0
111 2 0
111 2 0
111 2 0
112 2 0
112 2 445
112 2 348
112 2 1000
112 2 913
112 2 0
112 2 0
112 2 0
113 1 0
113 1 898
113 1 0
114 2 0
114 2 805
114 2 720
114 2 346
114 2 461
114 2 46
114 2 104
114 2 0
115 2 0
115 2 214
115 2 571
115 2 406
115 2 82
115 2 0
116 2 0
116 2 703
116 2 627
116 2 414
116 2 245
116 2 823
116 2 503
116 2 0
116 2 0
117 2 0
117 2 251
117 2 502
117 2 0
118 2 0
118 2 536
118 2 222
118 2 0
118 2 0
118 2 0
119 1 0
119 1 904
119 1 624
119 1 812
119 1 0
120 2 0
120 2 313
120 2 903
120 2 0
120 2 0
120 2 367
120 2 127
120 2 626
120 2 0
120 2 0
120 2 0
121 2 0
121 2 109
121 2 853
121 2 972
121 2 978
121 2 316
121 2 0
121 2 0
121 2 330
121 2 0
122 1 0
122 1 296
122 1 0
122 1 0
122 1 994
122 1 412
122 1 0
123 2 0
123 2 271
123 2 827
123 2 498
123 2 73
123 2 548
123 2 617
123 2 381
123 2 0
123 2 0
123 2 0
123 2 0
124 1 0
124 1 638
124 1 772
124 1 0
124 1 0
124 1 0
125 2 0
125 2 221
125 2 505
125 2 0
126 1 0
126 1 53
126 1 619
126 1 895
126 1 0
126 1 0
126 1 0
126 1 0
127 1 0
127 1 407
127 1 327
127 1 615
127 1 740
127 1 0
127 1 0
127 1 0
127 1 0
128 1 0
128 1 523
128 1 995
128 1 0
129 1 0
129 1 488
129 1 320
129 1 0
129 1 0
129 1 202
129 1 0
130 2 0
130 2 42
130 2 698
130 2 35
130 2 253
130 2 651
130 2 834
130 2 0
130 2 0
131 1 0
131 1 32
131 1 839
131 1 6
131 1 89
131 1 0
131 1 0
132 1 0
132 1 187
132 1 725
132 1 0
133 1 0
133 1 670
133 1 277
133 1 728
133 1 156
133 1 0
133 1 0
134 1 0
134 1 409
134 1 743
134 1 860
134 1 236
134 1 723
134 1 146
134 1 433
134 1 0
134 1 0
134 1 0
134 1 0
135 1 0
135 1 69
135 1 765
135 1 68
135 1 0
135 1 0
136 1 0
136 1 744
136 1 625
136 1 981
136 1 72
136 1 308
136 1 105
136 1 671
136 1 961
136 1 0
136 1 0
136 1 0
136 1 0
137 2 0
137 2 384
137 2 382
137 2 90
137 2 0
138 2 0
138 2 15
138 2 322
138 2 499
138 2 0
139 2 0
139 2 514
139 2 123
139 2 357
139 2 760
139 2 263
139 2 905
139 2 890
139 2 845
139 2 295
139 2 0
139 2 0
140 1 0
140 1 402
140 1 733
140 1 636
140 1 83
140 1 0
140 1 0
140 1 0
140 1 0
141 1 0
141 1 917
141 1 60
141 1 912
141 1 0
141 1 0
142 2 0
142 2 811
142 2 317
142 2 0
143 1 0
143 1 588
143 1 415
143 1 201
143 1 0
143 1 0
144 2 0
144 2 448
144 2 196
144 2 131
144 2 522
144 2 872
144 2 331
144 2 326
144 2 373
144 2 0
144 2 0
144 2 0
144 2 0
145 1 0
145 1 681
145 1 598
145 1 979
145 1 0
145 1 0
145 1 0
145 1 0
146 1 0
146 1 722
146 1 98
146 1 986
146 1 0
146 1 0
146 1 0
146 1 305
146 1 165
146 1 0
147 2 0
147 2 982
147 2 368
147 2 914
147 2 579
147 2 984
147 2 829
147 2 0
147 2 0
148 2 0
148 2 374
148 2 788
148 2 559
148 2 377
148 2 556
148 2 0
148 2 0
149 1 0
149 1 773
149 1 635
149 1 464
149 1 450
149 1 0
149 1 0
149 1 0
149 1 112
149 1 0
150 1 0
150 1 690
150 1 916
150 1 56
150 1 162
150 1 633
150 1 795
150 1 713
150 1 0
150 1 0
150 1 0
150 1 0
151 2 0
151 2 22
151 2 325
151 2 566
151 2 0
151 2 0
151 2 786
151 2 0
151 2 0
151 2 0
152 1 0
152 1 449
152 1 460
152 1 893
152 1 597
152 1 549
152 1 286
152 1 486
152 1 915
152 1 0
152 1 0
152 1 0
152 1 0
153 1 0
153 1 5
153 1 867
153 1 267
153 1 0
153 1 0
153 1 0
153 1 0
154 2 0
154 2 243
154 2 120
154 2 0
154 2 0
154 2 372
154 2 882
154 2 0
155 1 0
155 1 370
155 1 61
155 1 711
155 1 344
155 1 858
155 1 0
155 1 0
156 1 0
156 1 303
156 1 482
156 1 959
156 1 49
156 1 704
156 1 632
156 1 0
156 1 0
156 1 0
156 1 0
157 2 0
157 2 184
157 2 194
157 2 747
157 2 674
157 2 517
157 2 552
157 2 252
157 2 0
157 2 0
157 2 0
157 2 0
158 2 0
158 2 745
158 2 0
158 2 0
158 2 195
158 2 0
159 2 0
159 2 224
159 2 238
159 2 507
159 2 129
159 2 649
159 2 491
159 2 0
159 2 0
159 2 0
159 2 0
160 1 0
160 1 643
160 1 0
160 1 0
160 1 176
160 1 333
160 1 618
160 1 0
160 1 0
160 1 0
160 1 0
161 2 0
161 2 569
161 2 87
161 2 55
161 2 0
161 2 0
162 2 0
162 2 884
162 2 403
162 2 21
162 2 197
162 2 139
162 2 260
162 2 219
162 2 892
162 2 0
162 2 0
163 2 0
163 2 137
163 2 249
163 2 268
163 2 0
163 2 0
163 2 0
163 2 33
163 2 0
164 2 0
164 2 198
164 2 966
164 2 859
164 2 924
164 2 241
164 2 599
164 2 3
164 2 836
164 2 0
164 2 0
164 2 0
164 2 0
165 1 0
165 1 684
165 1 422
165 1 302
165 1 687
165 1 614
165 1 0
165 1 0
165 1 0
165 1 0
166 1 0
166 1 416
166 1 900
166 1 117
166 1 378
166 1 280
166 1 0
166 1 0
166 1 0
166 1 0
167 1 0
167 1 210
167 1 667
167 1 242
167 1 0
167 1 0
167 1 0
167 1 0
168 2 0
168 2 155
168 2 138
168 2 375
168 2 864
168 2 0
168 2 0
169 2 0
169 2 451
169 2 299
169 2 0
170 1 0
170 1 737
170 1 639
170 1 386
170 1 0
170 1 0
171 2 0
171 2 362
171 2 96
171 2 76
171 2 0
172 2 0
172 2 103
172 2 244
172 2 946
172 2 631
172 2 963
172 2 427
172 2 353
172 2 0
172 2 0
173 1 0
173 1 770
173 1 0
173 1 0
173 1 0
173 1 297
173 1 0
173 1 0
174 1 0
174 1 256
174 1 215
174 1 691
174 1 306
174 1 0
174 1 0
174 1 0
174 1 0
175 1 0
175 1 379
175 1 768
175 1 159
175 1 629
175 1 952
175 1 0
175 1 0
175 1 0
175 1 0
176 2 0
176 2 953
176 2 174
176 2 355
176 2 769
176 2 533
176 2 228
176 2 350
176 2 0
176 2 0
176 2 0
176 2 0
177 2 0
177 2 623
177 2 347
177 2 878
177 2 206
177 2 585
177 2 879
177 2 547
177 2 0
177 2 0
178 2 0
178 2 100
178 2 227
178 2 452
178 2 285
178 2 0
178 2 0
178 2 0
178 2 0
179 2 0
179 2 901
179 2 343
179 2 0
179 2 0
180 1 0
180 1 567
180 1 528
180 1 361
180 1 962
180 1 278
180 1 0
180 1 0
180 1 0
180 1 0
181 1 0
181 1 443
181 1 739
181 1 787
181 1 65
181 1 431
181 1 0
181 1 0
182 2 0
182 2 209
182 2 75
182 2 0
183 2 0
183 2 483
183 2 821
183 2 258
183 2 926
183 2 0
183 2 0
183 2 0
183 2 0
184 2 0
184 2 52
184 2 575
184 2 804
184 2 637
184 2 0
184 2 0
184 2 0
184 2 0
185 1 0
185 1 115
185 1 225
185 1 358
185 1 62
185 1 896
185 1 0
185 1 0
185 1 0
185 1 0
186 2 0
186 2 20
186 2 132
186 2 444
186 2 147
186 2 26
186 2 889
186 2 0
186 2 0
186 2 0
186 2 0
187 1 0
187 1 203
187 1 931
187 1 851
187 1 363
187 1 696
187 1 0
187 1 0
187 1 0
187 1 0
188 2 0
188 2 261
188 2 388
188 2 736
188 2 766
188 2 315
188 2 702
188 2 774
188 2 888
188 2 0
188 2 0
188 2 0
188 2 0
189 2 0
189 2 111
189 2 487
189 2 933
189 2 1
189 2 213
189 2 594
189 2 551
189 2 0
189 2 0
189 2 0
189 2 0
190 2 0
190 2 312
190 2 658
190 2 833
190 2 537
190 2 300
190 2 48
190 2 620
190 2 0
190 2 0
190 2 0
190 2 0
191 2 0
191 2 16
191 2 143
191 2 572
191 2 527
191 2 0
191 2 0
192 2 0
192 2 592
192 2 968
192 2 405
192 2 239
192 2 337
192 2 731
192 2 584
192 2 0
192 2 0
192 2 0
192 2 0
193 2 0
193 2 519
193 2 121
193 2 270
193 2 231
193 2 0
193 2 0
193 2 0
193 2 0
194 1 0
194 1 70
194 1 67
194 1 583
194 1 390
194 1 0
194 1 560
194 1 0
194 1 0
195 1 0
195 1 262
195 1 500
195 1 762
195 1 0
195 1 0
195 1 0
195 1 439
195 1 0
195 1 0
196 2 0
196 2 234
196 2 688
196 2 729
196 2 935
196 2 192
196 2 371
196 2 0
196 2 0
196 2 0
196 2 0
197 1 0
197 1 0
198 1 0
198 1 0
199 2 0
199 2 822
199 2 0
199 2 0
199 2 0
199 2 0
200 2 0
200 2 589
200 2 39
200 2 359
200 2 235
200 2 957
200 2 869
200 2 0
200 2 0
201 2 0
201 2 886
201 2 780
201 2 987
201 2 421
201 2 0
201 2 0
201 2 0
201 2 110
201 2 0
201 2 0
202 1 0
202 1 775
202 1 540
202 1 469
202 1 0
202 1 0
202 1 0
202 1 0
203 2 0
203 2 521
203 2 395
203 2 0
203 2 0
204 1 0
204 1 424
204 1 958
204 1 51
204 1 0
204 1 0
204 1 0
204 1 0
205 1 0
205 1 185
205 1 179
205 1 985
205 1 0
205 1 0
205 1 0
205 1 169
205 1 0
205 1 0
206 1 0
206 1 956
206 1 474
206 1 0
206 1 0
206 1 0
206 1 19
206 1 77
206 1 0
206 1 0
207 1 0
207 1 50
207 1 708
207 1 274
207 1 0
207 1 0
208 1 0
208 1 152
208 1 0
208 1 0
209 1 0
209 1 108
209 1 12
209 1 0
209 1 0
210 1 0
210 1 13
210 1 0
210 1 0
211 1 0
211 1 2
211 1 0
