total cost: 327652
1 2 0
1 2 553
1 2 288
1 2 767
1 2 0
1 2 0
1 2 307
1 2 793
1 2 0
1 2 0
1 2 141
1 2 0
2 2 0
2 2 220
2 2 802
2 2 577
2 2 254
2 2 170
2 2 749
2 2 0
2 2 0
2 2 654
2 2 520
2 2 0
3 1 0
3 1 801
3 1 754
3 1 593
3 1 475
3 1 510
3 1 356
3 1 0
4 2 0
4 2 463
4 2 539
4 2 154
4 2 693
4 2 0
4 2 0
4 2 180
4 2 257
4 2 0
5 1 0
5 1 616
5 1 161
5 1 652
5 1 0
5 1 0
5 1 0
6 1 0
6 1 408
6 1 974
6 1 716
6 1 525
6 1 476
6 1 0
7 1 0
7 1 645
7 1 865
7 1 189
7 1 0
7 1 0
7 1 954
7 1 612
7 1 0
7 1 0
7 1 0
8 2 0
8 2 605
8 2 947
8 2 501
8 2 831
8 2 602
8 2 401
8 2 229
8 2 919
8 2 799
8 2 0
8 2 0
8 2 0
9 2 0
9 2 57
9 2 281
9 2 843
9 2 423
9 2 717
9 2 532
9 2 544
9 2 304
9 2 205
9 2 114
9 2 0
10 2 0
10 2 856
10 2 763
10 2 899
10 2 911
10 2 400
10 2 468
10 2 700
10 2 783
10 2 477
10 2 0
11 1 0
11 1 354
11 1 442
11 1 710
11 1 440
11 1 94
11 1 732
11 1 600
11 1 0
11 1 0
11 1 0
12 2 0
12 2 459
12 2 454
12 2 790
12 2 0
12 2 0
12 2 535
12 2 0
13 1 0
13 1 319
13 1 689
13 1 798
13 1 380
13 1 0
14 2 0
14 2 37
14 2 389
14 2 855
14 2 808
14 2 512
14 2 397
14 2 212
14 2 0
15 1 0
15 1 164
15 1 391
15 1 64
15 1 967
15 1 678
15 1 0
16 1 0
16 1 462
16 1 813
16 1 478
16 1 0
16 1 0
16 1 932
16 1 352
16 1 8
16 1 0
17 1 0
17 1 4
17 1 250
17 1 682
17 1 101
17 1 543
17 1 437
17 1 992
17 1 923
17 1 0
17 1 0
17 1 504
17 1 0
18 2 0
18 2 283
18 2 124
18 2 230
18 2 0
19 1 0
19 1 92
19 1 216
19 1 292
19 1 208
19 1 0
20 2 0
20 2 714
20 2 248
20 2 0
21 1 0
21 1 841
21 1 7
21 1 133
21 1 707
21 1 246
21 1 40
21 1 815
21 1 360
21 1 0
21 1 0
21 1 0
22 2 0
22 2 570
22 2 759
22 2 742
22 2 0
23 1 0
23 1 284
23 1 826
23 1 470
23 1 217
23 1 897
23 1 0
23 1 0
23 1 0
24 1 0
24 1 975
24 1 810
24 1 276
24 1 0
24 1 0
24 1 0
25 2 0
25 2 565
25 2 850
25 2 58
25 2 237
25 2 338
25 2 791
25 2 964
25 2 940
25 2 314
25 2 0
25 2 0
25 2 0
26 1 0
26 1 428
26 1 820
26 1 128
26 1 0
26 1 0
26 1 591
26 1 650
26 1 0
27 1 0
27 1 291
27 1 542
27 1 266
27 1 399
27 1 680
27 1 990
27 1 873
27 1 844
27 1 0
27 1 0
27 1 0
28 2 0
28 2 846
28 2 473
28 2 293
28 2 0
29 2 0
29 2 489
29 2 741
29 2 107
29 2 0
30 2 0
30 2 866
30 2 9
30 2 721
30 2 0
31 2 0
31 2 264
31 2 910
31 2 524
31 2 63
31 2 807
31 2 0
32 1 0
32 1 641
32 1 171
32 1 0
33 1 0
33 1 816
33 1 863
33 1 868
33 1 609
33 1 0
33 1 0
33 1 590
33 1 269
33 1 0
34 2 0
34 2 158
34 2 871
34 2 36
34 2 204
34 2 563
34 2 945
34 2 677
34 2 880
34 2 0
35 1 0
35 1 54
35 1 925
35 1 418
35 1 902
35 1 84
35 1 885
35 1 323
35 1 178
35 1 0
36 1 0
36 1 14
36 1 538
36 1 446
36 1 580
36 1 232
36 1 495
36 1 949
36 1 692
36 1 852
36 1 0
36 1 0
37 1 0
37 1 113
37 1 529
37 1 738
37 1 907
37 1 349
37 1 0
37 1 0
37 1 99
37 1 785
37 1 0
37 1 0
37 1 0
38 2 0
38 2 17
38 2 715
38 2 781
38 2 425
38 2 776
38 2 668
38 2 0
38 2 0
38 2 0
39 2 0
39 2 939
39 2 922
39 2 106
39 2 345
39 2 200
39 2 694
39 2 0
40 2 0
40 2 541
40 2 611
40 2 647
40 2 255
40 2 980
40 2 74
40 2 0
40 2 0
40 2 0
41 2 0
41 2 441
41 2 666
41 2 207
41 2 168
41 2 803
41 2 516
41 2 44
41 2 383
41 2 0
41 2 0
41 2 0
42 2 0
42 2 606
42 2 955
42 2 562
42 2 664
42 2 410
42 2 290
42 2 0
42 2 0
42 2 561
42 2 508
42 2 0
43 1 0
43 1 153
43 1 394
43 1 603
43 1 0
44 1 0
44 1 531
44 1 45
44 1 806
44 1 814
44 1 93
44 1 259
44 1 0
44 1 0
44 1 148
44 1 0
45 1 0
45 1 335
45 1 0
46 2 0
46 2 279
46 2 921
46 2 679
46 2 472
46 2 0
47 1 0
47 1 837
47 1 909
47 1 0
48 1 0
48 1 784
48 1 125
48 1 191
48 1 0
49 1 0
49 1 456
49 1 996
49 1 699
49 1 392
49 1 417
49 1 181
49 1 135
49 1 289
49 1 0
49 1 0
49 1 0
49 1 0
50 1 0
50 1 336
50 1 369
50 1 854
50 1 0
50 1 0
50 1 550
50 1 86
50 1 724
50 1 0
51 1 0
51 1 817
51 1 157
51 1 199
51 1 324
51 1 0
51 1 0
51 1 0
52 2 0
52 2 608
52 2 513
52 2 906
52 2 545
52 2 0
52 2 0
52 2 0
53 1 0
53 1 351
53 1 102
53 1 455
53 1 0
54 2 0
54 2 796
54 2 644
54 2 329
54 2 453
54 2 88
54 2 71
54 2 661
54 2 0
54 2 0
54 2 0
55 1 0
55 1 435
55 1 686
55 1 160
55 1 0
55 1 0
55 1 0
56 2 0
56 2 518
56 2 497
56 2 404
56 2 247
56 2 0
56 2 0
56 2 436
56 2 970
56 2 27
56 2 434
56 2 0
57 2 0
57 2 163
57 2 47
57 2 0
58 1 0
58 1 752
58 1 310
58 1 581
58 1 0
58 1 0
58 1 0
59 1 0
59 1 576
59 1 0
60 1 0
60 1 41
60 1 136
60 1 918
60 1 309
60 1 0
60 1 0
60 1 0
61 2 0
61 2 809
61 2 930
61 2 771
61 2 492
61 2 413
61 2 0
61 2 0
61 2 969
61 2 604
61 2 0
62 1 0
62 1 648
62 1 485
62 1 151
62 1 965
62 1 971
62 1 24
62 1 0
63 2 0
63 2 340
63 2 756
63 2 134
63 2 175
63 2 376
63 2 601
63 2 140
63 2 515
63 2 0
63 2 0
63 2 0
64 1 0
64 1 398
64 1 95
64 1 0
65 1 0
65 1 646
65 1 697
65 1 870
65 1 0
65 1 0
65 1 876
65 1 753
65 1 929
65 1 0
66 1 0
66 1 989
66 1 751
66 1 673
66 1 0
66 1 0
66 1 166
66 1 223
66 1 0
67 2 0
67 2 275
67 2 438
67 2 481
67 2 936
67 2 630
67 2 0
67 2 0
67 2 0
68 2 0
68 2 568
68 2 675
68 2 779
68 2 0
69 1 0
69 1 447
69 1 840
69 1 0
69 1 0
69 1 43
69 1 0
70 1 0
70 1 943
70 1 18
70 1 887
70 1 0
70 1 0
70 1 130
70 1 0
71 2 0
71 2 188
71 2 511
71 2 777
71 2 79
71 2 663
71 2 494
71 2 80
71 2 0
71 2 0
71 2 0
72 2 0
72 2 233
72 2 794
72 2 321
72 2 701
72 2 177
72 2 218
72 2 490
72 2 835
72 2 0
72 2 0
72 2 0
73 2 0
73 2 186
73 2 628
73 2 937
73 2 211
73 2 761
73 2 595
73 2 0
74 1 0
74 1 150
74 1 944
74 1 669
74 1 857
74 1 0
75 1 0
75 1 676
75 1 546
75 1 182
75 1 0
76 1 0
76 1 193
76 1 426
76 1 0
77 1 0
77 1 430
77 1 334
77 1 938
77 1 755
77 1 997
77 1 493
77 1 778
77 1 0
77 1 0
77 1 0
77 1 0
78 2 0
78 2 328
78 2 282
78 2 977
78 2 685
78 2 396
78 2 748
78 2 0
78 2 0
78 2 0
79 1 0
79 1 183
79 1 861
79 1 393
79 1 457
79 1 734
79 1 0
79 1 0
79 1 0
80 2 0
80 2 226
80 2 973
80 2 118
80 2 0
80 2 0
80 2 11
80 2 0
81 2 0
81 2 411
81 2 574
81 2 419
81 2 976
81 2 621
81 2 0
81 2 0
81 2 0
82 1 0
82 1 960
82 1 119
82 1 28
82 1 480
82 1 0
83 1 0
83 1 610
83 1 894
83 1 25
83 1 582
83 1 726
83 1 758
83 1 587
83 1 0
83 1 0
84 1 0
84 1 709
84 1 38
84 1 0
85 2 0
85 2 934
85 2 991
85 2 578
85 2 365
85 2 0
85 2 0
85 2 29
85 2 0
86 1 0
86 1 941
86 1 891
86 1 341
86 1 571
86 1 883
86 1 942
86 1 994
86 1 824
86 1 0
86 1 0
86 1 0
86 1 0
87 2 0
87 2 564
87 2 695
87 2 657
87 2 703
87 2 0
87 2 0
87 2 757
87 2 0
88 2 0
88 2 273
88 2 746
88 2 660
88 2 172
88 2 948
88 2 0
89 1 0
89 1 30
89 1 805
89 1 466
89 1 484
89 1 0
90 2 0
90 2 718
90 2 706
90 2 0
90 2 0
90 2 0
91 2 0
91 2 366
91 2 272
91 2 800
91 2 0
91 2 0
91 2 557
91 2 0
92 2 0
92 2 640
92 2 420
92 2 998
92 2 554
92 2 586
92 2 904
92 2 624
92 2 847
92 2 0
92 2 0
92 2 0
92 2 0
93 1 0
93 1 81
93 1 735
93 1 0
94 2 0
94 2 85
94 2 97
94 2 465
94 2 881
94 2 298
94 2 0
94 2 0
94 2 0
95 1 0
95 1 167
95 1 782
95 1 764
95 1 819
95 1 0
95 1 0
95 1 705
95 1 848
95 1 838
95 1 342
95 1 0
96 2 0
96 2 59
96 2 659
96 2 173
96 2 750
96 2 91
96 2 23
96 2 607
96 2 0
97 1 0
97 1 999
97 1 719
97 1 622
97 1 573
97 1 839
97 1 6
97 1 89
97 1 0
97 1 0
98 2 0
98 2 429
98 2 927
98 2 318
98 2 346
98 2 461
98 2 46
98 2 104
98 2 0
98 2 0
99 1 0
99 1 509
99 1 479
99 1 0
100 2 0
100 2 797
100 2 988
100 2 877
100 2 0
101 1 0
101 1 31
101 1 849
101 1 385
101 1 190
101 1 0
102 1 0
102 1 471
102 1 311
102 1 812
102 1 0
102 1 0
102 1 0
103 1 0
103 1 656
103 1 727
103 1 0
103 1 0
103 1 0
104 2 0
104 2 874
104 2 828
104 2 0
104 2 0
104 2 662
104 2 558
104 2 983
104 2 0
105 1 0
105 1 655
105 1 712
105 1 0
105 1 0
105 1 496
105 1 672
105 1 0
105 1 0
105 1 0
106 2 0
106 2 458
106 2 534
106 2 792
106 2 332
106 2 613
106 2 995
106 2 0
106 2 0
106 2 0
107 1 0
107 1 830
107 1 0
107 1 0
107 1 951
107 1 144
107 1 245
107 1 53
107 1 619
107 1 895
107 1 0
107 1 0
107 1 0
107 1 0
108 2 0
108 2 149
108 2 142
108 2 634
108 2 825
108 2 387
108 2 0
108 2 0
108 2 330
108 2 287
108 2 0
108 2 0
108 2 0
109 1 0
109 1 294
109 1 950
109 1 467
109 1 842
109 1 0
110 1 0
110 1 126
110 1 730
110 1 0
110 1 0
110 1 530
110 1 920
110 1 638
110 1 772
110 1 0
110 1 0
110 1 0
110 1 0
111 2 0
111 2 642
111 2 908
111 2 728
111 2 498
111 2 548
111 2 503
111 2 381
111 2 617
111 2 0
111 2 0
112 2 0
112 2 78
112 2 627
112 2 414
112 2 789
112 2 505
112 2 0
112 2 0
113 2 0
113 2 445
113 2 34
113 2 432
113 2 339
113 2 526
113 2 928
113 2 0
113 2 0
114 2 0
114 2 665
114 2 559
114 2 555
114 2 116
114 2 0
115 2 0
115 2 10
115 2 82
115 2 0
116 1 0
116 1 898
116 1 66
116 1 0
117 1 0
117 1 251
117 1 720
117 1 0
118 2 0
118 2 214
118 2 683
118 2 265
118 2 406
118 2 0
119 2 0
119 2 313
119 2 903
119 2 0
119 2 0
119 2 536
119 2 1000
119 2 0
120 2 0
120 2 109
120 2 853
120 2 972
120 2 978
120 2 316
120 2 0
120 2 0
120 2 367
120 2 412
120 2 0
121 2 0
121 2 596
121 2 364
121 2 0
121 2 0
121 2 818
121 2 301
121 2 626
121 2 0
121 2 0
121 2 0
122 2 0
122 2 296
122 2 145
122 2 917
122 2 0
122 2 0
122 2 221
122 2 0
123 2 0
123 2 862
123 2 744
123 2 743
123 2 860
123 2 236
123 2 723
123 2 146
123 2 433
123 2 0
123 2 0
123 2 0
123 2 0
124 2 0
124 2 502
124 2 986
124 2 98
124 2 0
124 2 0
124 2 202
124 2 0
125 2 0
125 2 407
125 2 827
125 2 156
125 2 823
125 2 0
125 2 0
125 2 165
125 2 0
126 2 0
126 2 488
126 2 320
126 2 725
126 2 0
126 2 0
126 2 112
126 2 588
126 2 201
126 2 0
127 1 0
127 1 42
127 1 615
127 1 327
127 1 253
127 1 651
127 1 834
127 1 0
127 1 0
127 1 0
127 1 0
128 1 0
128 1 271
128 1 73
128 1 740
128 1 0
128 1 0
128 1 0
128 1 0
129 2 0
129 2 240
129 2 249
129 2 0
129 2 0
129 2 875
129 2 506
129 2 993
129 2 0
129 2 0
129 2 0
130 2 0
130 2 832
130 2 35
130 2 122
130 2 263
130 2 760
130 2 579
130 2 829
130 2 295
130 2 0
130 2 0
131 1 0
131 1 32
131 1 60
131 1 912
131 1 0
131 1 0
132 1 0
132 1 653
132 1 448
132 1 196
132 1 0
132 1 0
132 1 0
132 1 811
132 1 373
132 1 0
132 1 0
132 1 0
133 2 0
133 2 670
133 2 698
133 2 905
133 2 890
133 2 845
133 2 0
133 2 0
134 1 0
134 1 409
134 1 384
134 1 382
134 1 90
134 1 0
134 1 0
135 2 0
135 2 187
135 2 745
135 2 0
135 2 0
135 2 33
135 2 0
136 2 0
136 2 15
136 2 522
136 2 499
136 2 979
136 2 0
136 2 0
137 1 0
137 1 514
137 1 123
137 1 357
137 1 0
137 1 0
138 1 0
138 1 402
138 1 636
138 1 733
138 1 635
138 1 632
138 1 415
138 1 0
138 1 0
138 1 0
138 1 0
139 1 0
139 1 523
139 1 348
139 1 5
139 1 325
139 1 68
139 1 0
139 1 0
140 1 0
140 1 722
140 1 981
140 1 72
140 1 308
140 1 105
140 1 671
140 1 961
140 1 0
140 1 0
140 1 0
140 1 0
141 1 0
141 1 681
141 1 598
141 1 326
141 1 331
141 1 0
141 1 0
141 1 0
141 1 0
142 2 0
142 2 982
142 2 368
142 2 914
142 2 297
142 2 0
142 2 0
143 2 0
143 2 374
143 2 788
143 2 131
143 2 872
143 2 377
143 2 0
143 2 0
143 2 127
143 2 786
143 2 87
143 2 0
143 2 0
143 2 0
144 1 0
144 1 22
144 1 176
144 1 867
144 1 267
144 1 0
144 1 0
144 1 0
144 1 0
145 2 0
145 2 222
145 2 451
145 2 55
145 2 252
145 2 0
146 2 0
146 2 773
146 2 464
146 2 370
146 2 450
146 2 959
146 2 0
146 2 0
146 2 0
146 2 0
147 2 0
147 2 277
147 2 916
147 2 56
147 2 162
147 2 633
147 2 984
147 2 795
147 2 0
147 2 0
148 2 0
148 2 690
148 2 256
148 2 962
148 2 858
148 2 560
148 2 0
148 2 0
149 2 0
149 2 69
149 2 569
149 2 305
149 2 0
150 2 0
150 2 566
150 2 268
150 2 0
150 2 0
150 2 913
150 2 0
151 2 0
151 2 449
151 2 893
151 2 747
151 2 674
151 2 517
151 2 486
151 2 286
151 2 915
151 2 241
151 2 0
151 2 0
152 1 0
152 1 317
152 1 556
152 1 322
152 1 0
152 1 0
152 1 0
152 1 0
153 2 0
153 2 83
153 2 49
153 2 704
153 2 0
154 2 0
154 2 243
154 2 120
154 2 460
154 2 0
154 2 0
154 2 765
154 2 0
155 1 0
155 1 625
155 1 224
155 1 238
155 1 507
155 1 649
155 1 0
155 1 0
155 1 0
155 1 0
156 1 0
156 1 184
156 1 194
156 1 597
156 1 623
156 1 117
156 1 0
156 1 0
156 1 0
156 1 0
157 1 0
157 1 643
157 1 0
157 1 0
157 1 303
157 1 737
157 1 639
157 1 386
157 1 0
157 1 0
158 2 0
158 2 884
158 2 197
158 2 21
158 2 139
158 2 260
158 2 219
158 2 892
158 2 0
158 2 0
159 1 0
159 1 966
159 1 859
159 1 924
159 1 882
159 1 299
159 1 491
159 1 242
159 1 0
159 1 0
159 1 0
159 1 0
160 1 0
160 1 137
160 1 618
160 1 0
160 1 0
160 1 0
160 1 372
160 1 0
161 2 0
161 2 198
161 2 416
161 2 129
161 2 901
161 2 667
161 2 96
161 2 76
161 2 75
161 2 0
161 2 0
162 2 0
162 2 684
162 2 422
162 2 302
162 2 687
162 2 614
162 2 833
162 2 300
162 2 620
162 2 0
162 2 0
162 2 0
162 2 0
163 1 0
163 1 210
163 1 900
163 1 378
163 1 280
163 1 0
163 1 0
163 1 0
163 1 0
164 1 0
164 1 482
164 1 631
164 1 946
164 1 353
164 1 361
164 1 0
164 1 0
164 1 0
164 1 0
165 1 0
165 1 155
165 1 333
165 1 552
165 1 375
165 1 864
165 1 0
165 1 0
166 2 0
166 2 61
166 2 244
166 2 567
166 2 528
166 2 443
166 2 963
166 2 427
166 2 0
166 2 0
167 1 0
167 1 103
167 1 261
167 1 769
167 1 533
167 1 228
167 1 0
167 1 0
167 1 0
167 1 0
168 1 0
168 1 100
168 1 227
168 1 878
168 1 206
168 1 0
168 1 0
168 1 0
168 1 0
169 2 0
169 2 770
169 2 403
169 2 931
169 2 358
169 2 696
169 2 0
169 2 0
169 2 0
169 2 0
170 1 0
170 1 362
170 1 169
170 1 585
170 1 0
170 1 0
171 1 0
171 1 549
171 1 363
171 1 599
171 1 879
171 1 836
171 1 3
171 1 0
171 1 0
172 2 0
172 2 379
172 2 768
172 2 159
172 2 285
172 2 629
172 2 952
172 2 0
172 2 0
172 2 0
172 2 0
173 2 0
173 2 953
173 2 691
173 2 174
173 2 306
173 2 589
173 2 278
173 2 787
173 2 0
173 2 0
173 2 0
173 2 0
174 1 0
174 1 711
174 1 739
174 1 65
174 1 0
174 1 0
175 2 0
175 2 483
175 2 343
175 2 575
175 2 0
175 2 0
175 2 0
175 2 195
175 2 0
176 1 0
176 1 115
176 1 347
176 1 851
176 1 138
176 1 110
176 1 0
176 1 0
177 1 0
177 1 215
177 1 147
177 1 444
177 1 26
177 1 0
177 1 0
177 1 0
177 1 0
178 2 0
178 2 52
178 2 452
178 2 258
178 2 926
178 2 519
178 2 121
178 2 0
178 2 0
178 2 0
178 2 0
179 1 0
179 1 344
179 1 0
179 1 0
180 1 0
180 1 20
180 1 132
180 1 355
180 1 0
180 1 0
180 1 0
180 1 713
180 1 431
180 1 0
180 1 0
181 1 0
181 1 203
181 1 234
181 1 405
181 1 239
181 1 390
181 1 0
181 1 0
181 1 0
181 1 0
182 1 0
182 1 821
182 1 592
182 1 62
182 1 896
182 1 547
182 1 231
182 1 0
182 1 0
183 2 0
183 2 111
183 2 933
183 2 0
183 2 0
183 2 0
183 2 209
183 2 439
183 2 0
183 2 0
183 2 0
183 2 0
184 1 0
184 1 312
184 1 658
184 1 537
184 1 583
184 1 0
184 1 0
184 1 0
184 1 0
185 1 0
185 1 16
185 1 388
185 1 736
185 1 766
185 1 888
185 1 0
185 1 0
185 1 0
185 1 0
186 1 0
186 1 70
186 1 67
186 1 968
186 1 337
186 1 0
186 1 0
186 1 0
186 1 0
187 1 0
187 1 262
187 1 0
187 1 0
187 1 0
187 1 350
187 1 0
187 1 0
187 1 0
187 1 0
188 2 0
188 2 1
188 2 804
188 2 0
188 2 0
188 2 0
188 2 152
188 2 0
189 1 0
189 1 637
189 1 886
189 1 500
189 1 469
189 1 19
189 1 0
189 1 0
190 1 0
190 1 487
190 1 775
190 1 729
190 1 0
190 1 0
190 1 0
190 1 594
190 1 551
190 1 395
190 1 0
190 1 0
190 1 0
190 1 0
191 2 0
191 2 225
191 2 424
191 2 935
191 2 192
191 2 0
191 2 0
191 2 0
191 2 0
192 1 0
192 1 213
192 1 421
192 1 762
192 1 584
192 1 0
192 1 0
192 1 0
192 1 0
193 2 0
193 2 702
193 2 774
193 2 889
193 2 0
193 2 0
193 2 0
193 2 0
194 1 0
194 1 315
194 1 572
194 1 235
194 1 0
194 1 0
194 1 0
194 1 0
195 2 0
195 2 822
195 2 0
195 2 0
195 2 0
195 2 0
196 2 0
196 2 688
196 2 540
196 2 48
196 2 731
196 2 371
196 2 0
196 2 0
196 2 0
196 2 0
197 1 0
197 1 143
197 1 50
197 1 527
197 1 957
197 1 0
197 1 0
197 1 0
197 1 0
198 1 0
198 1 185
198 1 958
198 1 987
198 1 0
198 1 0
198 1 0
198 1 108
198 1 0
199 1 0
199 1 956
199 1 179
199 1 985
199 1 0
199 1 77
199 1 869
199 1 274
199 1 0
199 1 0
199 1 0
199 1 0
200 2 0
200 2 780
200 2 39
200 2 51
200 2 359
200 2 708
200 2 0
200 2 0
200 2 0
200 2 0
201 1 0
201 1 474
201 1 0
201 1 0
201 1 0
201 1 521
201 1 12
201 1 0
201 1 0
202 1 0
202 1 270
202 1 0
202 1 0
203 1 0
203 1 13
203 1 0
203 1 0
204 1 0
204 1 2
204 1 0
