total cost: 338608
1 2 0
1 2 553
1 2 288
1 2 767
1 2 0
1 2 0
1 2 307
1 2 793
1 2 0
1 2 0
1 2 141
1 2 0
2 1 0
2 1 220
2 1 802
2 1 577
2 1 254
2 1 0
2 1 0
2 1 180
2 1 257
2 1 932
2 1 0
3 1 0
3 1 616
3 1 161
3 1 652
3 1 0
3 1 0
3 1 0
4 2 0
4 2 954
4 2 654
4 2 520
4 2 0
5 1 0
5 1 463
5 1 539
5 1 459
5 1 693
5 1 454
5 1 0
5 1 0
5 1 790
5 1 0
5 1 0
5 1 0
6 2 0
6 2 408
6 2 801
6 2 754
6 2 593
6 2 475
6 2 510
6 2 356
6 2 0
7 1 0
7 1 645
7 1 865
7 1 189
7 1 442
7 1 92
7 1 0
7 1 0
7 1 612
7 1 0
8 2 0
8 2 605
8 2 974
8 2 401
8 2 229
8 2 0
9 2 0
9 2 57
9 2 281
9 2 843
9 2 170
9 2 749
9 2 689
9 2 525
9 2 476
9 2 0
10 2 0
10 2 856
10 2 4
10 2 501
10 2 250
10 2 911
10 2 468
10 2 700
10 2 783
10 2 477
10 2 0
11 2 0
11 2 354
11 2 154
11 2 0
11 2 0
11 2 319
11 2 8
11 2 0
12 2 0
12 2 124
12 2 919
12 2 799
12 2 148
12 2 0
13 2 0
13 2 164
13 2 717
13 2 532
13 2 423
13 2 0
14 2 0
14 2 37
14 2 14
14 2 855
14 2 808
14 2 512
14 2 397
14 2 212
14 2 0
15 2 0
15 2 462
15 2 813
15 2 478
15 2 570
15 2 0
15 2 0
15 2 591
15 2 504
15 2 0
16 1 0
16 1 947
16 1 716
16 1 400
16 1 380
16 1 798
16 1 641
16 1 0
16 1 0
16 1 535
16 1 0
17 1 0
17 1 763
17 1 831
17 1 759
17 1 0
17 1 0
17 1 391
17 1 544
17 1 304
17 1 205
17 1 114
17 1 0
18 1 0
18 1 710
18 1 440
18 1 216
18 1 650
18 1 95
18 1 323
18 1 178
18 1 0
19 2 0
19 2 602
19 2 284
19 2 171
19 2 742
19 2 0
20 1 0
20 1 283
20 1 590
20 1 269
20 1 0
21 2 0
21 2 714
21 2 248
21 2 0
22 2 0
22 2 841
22 2 7
22 2 101
22 2 922
22 2 217
22 2 470
22 2 897
22 2 345
22 2 880
22 2 0
23 2 0
23 2 975
23 2 810
23 2 276
23 2 0
24 1 0
24 1 565
24 1 871
24 1 850
24 1 58
24 1 0
24 1 0
24 1 561
24 1 230
24 1 0
25 1 0
25 1 428
25 1 820
25 1 54
25 1 732
25 1 600
25 1 0
25 1 0
25 1 0
26 2 0
26 2 899
26 2 237
26 2 541
26 2 158
26 2 338
26 2 0
26 2 0
26 2 352
26 2 678
26 2 967
26 2 0
27 2 0
27 2 682
27 2 826
27 2 531
27 2 806
27 2 200
27 2 694
27 2 844
27 2 0
28 1 0
28 1 291
28 1 543
28 1 437
28 1 992
28 1 923
28 1 0
28 1 0
28 1 0
29 2 0
29 2 846
29 2 473
29 2 293
29 2 0
30 2 0
30 2 489
30 2 741
30 2 107
30 2 0
31 1 0
31 1 128
31 1 925
31 1 9
31 1 721
31 1 0
32 2 0
32 2 866
32 2 133
32 2 707
32 2 246
32 2 40
32 2 360
32 2 990
32 2 223
32 2 0
33 2 0
33 2 264
33 2 910
33 2 524
33 2 63
33 2 807
33 2 0
34 1 0
34 1 816
34 1 863
34 1 868
34 1 609
34 1 0
34 1 0
34 1 99
34 1 550
34 1 784
34 1 964
34 1 0
35 1 0
35 1 389
35 1 580
35 1 538
35 1 446
35 1 495
35 1 949
35 1 692
35 1 852
35 1 0
36 2 0
36 2 113
36 2 529
36 2 738
36 2 907
36 2 349
36 2 0
36 2 0
36 2 94
36 2 0
37 1 0
37 1 17
37 1 715
37 1 902
37 1 418
37 1 84
37 1 885
37 1 398
37 1 208
37 1 0
38 1 0
38 1 36
38 1 939
38 1 204
38 1 563
38 1 940
38 1 314
38 1 0
38 1 0
38 1 0
39 2 0
39 2 606
39 2 955
39 2 542
39 2 266
39 2 399
39 2 680
39 2 873
39 2 2
39 2 815
39 2 508
39 2 0
40 2 0
40 2 441
40 2 666
40 2 232
40 2 676
40 2 969
40 2 803
40 2 66
40 2 516
40 2 0
41 1 0
41 1 335
41 1 0
42 1 0
42 1 153
42 1 394
42 1 603
42 1 0
43 1 0
43 1 279
43 1 785
43 1 0
43 1 0
43 1 472
43 1 0
44 1 0
44 1 106
44 1 93
44 1 259
44 1 181
44 1 191
44 1 125
44 1 0
45 1 0
45 1 64
45 1 945
45 1 791
45 1 0
46 2 0
46 2 837
46 2 909
46 2 0
47 1 0
47 1 677
47 1 41
47 1 136
47 1 0
48 2 0
48 2 456
48 2 102
48 2 351
48 2 921
48 2 0
48 2 0
48 2 163
48 2 513
48 2 906
48 2 0
49 1 0
49 1 45
49 1 809
49 1 930
49 1 771
49 1 492
49 1 977
49 1 396
49 1 0
49 1 0
49 1 0
50 1 0
50 1 336
50 1 369
50 1 854
50 1 0
50 1 0
50 1 255
50 1 980
50 1 74
50 1 724
50 1 0
51 1 0
51 1 817
51 1 157
51 1 199
51 1 324
51 1 0
51 1 0
51 1 0
52 1 0
52 1 0
53 2 0
53 2 608
53 2 447
53 2 545
53 2 0
53 2 0
53 2 0
54 2 0
54 2 435
54 2 686
54 2 160
54 2 183
54 2 835
54 2 490
54 2 471
54 2 0
55 1 0
55 1 796
55 1 564
55 1 840
55 1 0
55 1 0
55 1 679
55 1 576
55 1 0
56 2 0
56 2 518
56 2 497
56 2 404
56 2 642
56 2 0
56 2 0
56 2 130
56 2 0
57 1 0
57 1 611
57 1 647
57 1 455
57 1 0
58 2 0
58 2 562
58 2 664
58 2 752
58 2 0
58 2 0
58 2 436
58 2 970
58 2 0
59 2 0
59 2 648
59 2 290
59 2 485
59 2 965
59 2 971
59 2 24
59 2 0
60 1 0
60 1 292
60 1 38
60 1 0
60 1 0
60 1 86
60 1 0
61 2 0
61 2 699
61 2 646
61 2 392
61 2 30
61 2 628
61 2 937
61 2 289
61 2 135
61 2 0
61 2 0
61 2 0
62 2 0
62 2 340
62 2 781
62 2 188
62 2 425
62 2 776
62 2 668
62 2 0
63 1 0
63 1 814
63 1 430
63 1 438
63 1 581
63 1 936
63 1 509
63 1 0
64 2 0
64 2 989
64 2 751
64 2 673
64 2 226
64 2 410
64 2 0
64 2 0
64 2 876
64 2 753
64 2 0
65 2 0
65 2 996
65 2 870
65 2 797
65 2 81
65 2 272
65 2 0
65 2 0
65 2 166
65 2 27
65 2 434
65 2 0
66 2 0
66 2 644
66 2 329
66 2 934
66 2 207
66 2 168
66 2 71
66 2 661
66 2 44
66 2 383
66 2 0
66 2 0
66 2 0
67 2 0
67 2 275
67 2 310
67 2 973
67 2 118
67 2 0
67 2 0
67 2 0
68 1 0
68 1 151
68 1 734
68 1 480
68 1 28
68 1 0
69 2 0
69 2 568
69 2 918
69 2 309
69 2 675
69 2 0
70 1 0
70 1 511
70 1 777
70 1 79
70 1 663
70 1 0
70 1 0
70 1 47
70 1 0
71 2 0
71 2 943
71 2 941
71 2 685
71 2 630
71 2 0
71 2 0
71 2 0
72 1 0
72 1 233
72 1 134
72 1 175
72 1 420
72 1 376
72 1 601
72 1 140
72 1 515
72 1 0
72 1 0
72 1 0
72 1 0
73 2 0
73 2 321
73 2 861
73 2 393
73 2 457
73 2 119
73 2 0
74 1 0
74 1 748
74 1 481
74 1 0
75 2 0
75 2 186
75 2 735
75 2 172
75 2 761
75 2 595
75 2 758
75 2 587
75 2 0
76 2 0
76 2 756
76 2 177
76 2 701
76 2 218
76 2 80
76 2 709
76 2 0
77 2 0
77 2 150
77 2 944
77 2 669
77 2 857
77 2 0
78 2 0
78 2 794
78 2 458
78 2 332
78 2 613
78 2 536
78 2 0
79 2 0
79 2 193
79 2 426
79 2 173
79 2 0
79 2 0
79 2 11
79 2 0
80 2 0
80 2 328
80 2 755
80 2 997
80 2 493
80 2 778
80 2 881
80 2 842
80 2 0
80 2 0
80 2 0
81 1 0
81 1 411
81 1 574
81 1 419
81 1 976
81 1 0
81 1 0
81 1 0
82 2 0
82 2 757
82 2 494
82 2 311
82 2 0
82 2 0
82 2 0
83 2 0
83 2 960
83 2 0
84 1 0
84 1 610
84 1 894
84 1 25
84 1 582
84 1 726
84 1 83
84 1 0
84 1 0
84 1 0
84 1 0
85 1 0
85 1 417
85 1 779
85 1 0
86 2 0
86 2 18
86 2 887
86 2 891
86 2 571
86 2 672
86 2 0
86 2 0
86 2 0
87 2 0
87 2 273
87 2 746
87 2 660
87 2 558
87 2 983
87 2 706
87 2 0
88 2 0
88 2 718
88 2 0
88 2 0
88 2 0
89 1 0
89 1 604
89 1 929
89 1 0
90 2 0
90 2 557
90 2 0
91 2 0
91 2 366
91 2 800
91 2 97
91 2 465
91 2 298
91 2 0
91 2 0
91 2 0
92 2 0
92 2 697
92 2 85
92 2 877
92 2 0
93 1 0
93 1 640
93 1 998
93 1 554
93 1 624
93 1 904
93 1 812
93 1 0
93 1 0
93 1 0
93 1 0
94 1 0
94 1 695
94 1 0
95 1 0
95 1 334
95 1 938
95 1 950
95 1 467
95 1 346
95 1 461
95 1 90
95 1 0
95 1 0
96 2 0
96 2 705
96 2 91
96 2 848
96 2 838
96 2 342
96 2 0
97 2 0
97 2 167
97 2 782
97 2 764
97 2 413
97 2 479
97 2 0
98 2 0
98 2 59
98 2 659
98 2 750
98 2 607
98 2 0
98 2 0
98 2 0
99 2 0
99 2 586
99 2 330
99 2 847
99 2 287
99 2 0
99 2 0
99 2 0
100 2 0
100 2 999
100 2 719
100 2 622
100 2 573
100 2 883
100 2 942
100 2 994
100 2 824
100 2 0
100 2 0
100 2 0
101 1 0
101 1 429
101 1 805
101 1 466
101 1 211
101 1 948
101 1 0
102 2 0
102 2 31
102 2 849
102 2 832
102 2 190
102 2 621
102 2 951
102 2 0
103 1 0
103 1 282
103 1 819
103 1 0
103 1 0
103 1 43
103 1 0
104 1 0
104 1 341
104 1 0
104 1 0
104 1 484
104 1 0
105 2 0
105 2 247
105 2 908
105 2 144
105 2 245
105 2 414
105 2 53
105 2 619
105 2 0
105 2 0
105 2 0
105 2 0
106 1 0
106 1 874
106 1 828
106 1 0
106 1 0
106 1 656
106 1 727
106 1 0
106 1 0
106 1 0
107 2 0
107 2 453
107 2 88
107 2 991
107 2 578
107 2 0
107 2 0
107 2 23
107 2 898
107 2 182
107 2 0
108 1 0
108 1 655
108 1 712
108 1 0
108 1 0
108 1 365
108 1 0
109 2 0
109 2 657
109 2 0
109 2 0
109 2 496
109 2 301
109 2 127
109 2 626
109 2 0
109 2 0
109 2 0
110 1 0
110 1 830
110 1 0
110 1 0
110 1 662
110 1 112
110 1 0
111 1 0
111 1 149
111 1 792
111 1 320
111 1 460
111 1 0
111 1 0
111 1 0
111 1 546
111 1 0
112 2 0
112 2 294
112 2 596
112 2 683
112 2 0
112 2 0
112 2 530
112 2 920
112 2 0
113 2 0
113 2 126
113 2 730
113 2 0
113 2 0
113 2 10
113 2 82
113 2 0
114 2 0
114 2 445
114 2 348
114 2 0
115 1 0
115 1 665
115 1 559
115 1 555
115 1 34
115 1 432
115 1 339
115 1 928
115 1 0
115 1 0
115 1 0
115 1 0
116 2 0
116 2 78
116 2 627
116 2 789
116 2 0
117 2 0
117 2 214
117 2 265
117 2 406
117 2 0
118 2 0
118 2 703
118 2 407
118 2 505
118 2 0
119 1 0
119 1 251
119 1 927
119 1 318
119 1 0
119 1 0
119 1 367
119 1 412
119 1 0
120 2 0
120 2 313
120 2 903
120 2 988
120 2 0
120 2 0
120 2 221
120 2 0
121 1 0
121 1 109
121 1 853
121 1 825
121 1 0
121 1 0
121 1 33
121 1 0
121 1 0
121 1 0
122 2 0
122 2 720
122 2 773
122 2 98
122 2 0
122 2 0
122 2 818
122 2 222
122 2 0
122 2 0
122 2 0
123 2 0
123 2 534
123 2 142
123 2 634
123 2 387
123 2 566
123 2 0
123 2 0
123 2 165
123 2 638
123 2 772
123 2 0
124 1 0
124 1 862
124 1 364
124 1 409
124 1 860
124 1 236
124 1 104
124 1 0
124 1 0
124 1 0
124 1 0
125 1 0
125 1 502
125 1 986
125 1 0
125 1 0
125 1 202
125 1 0
125 1 0
125 1 0
126 1 0
126 1 385
126 1 122
126 1 905
126 1 890
126 1 845
126 1 295
126 1 0
126 1 0
127 2 0
127 2 296
127 2 839
127 2 0
127 2 0
127 2 523
127 2 1000
127 2 913
127 2 0
128 2 0
128 2 42
128 2 615
128 2 327
128 2 617
128 2 381
128 2 0
129 1 0
129 1 488
129 1 187
129 1 725
129 1 0
129 1 0
130 2 0
130 2 271
130 2 827
130 2 156
130 2 728
130 2 823
130 2 0
130 2 0
130 2 0
131 1 0
131 1 240
131 1 15
131 1 0
131 1 0
131 1 875
131 1 506
131 1 0
132 1 0
132 1 653
132 1 448
132 1 196
132 1 0
132 1 0
132 1 0
132 1 811
132 1 317
132 1 0
132 1 0
132 1 0
133 1 0
133 1 670
133 1 698
133 1 35
133 1 253
133 1 760
133 1 651
133 1 895
133 1 0
133 1 0
133 1 0
133 1 0
134 2 0
134 2 145
134 2 917
134 2 60
134 2 6
134 2 89
134 2 0
135 2 0
135 2 744
135 2 224
135 2 238
135 2 966
135 2 859
135 2 882
135 2 299
135 2 0
135 2 0
135 2 0
135 2 0
136 1 0
136 1 384
136 1 743
136 1 46
136 1 912
136 1 0
136 1 0
137 2 0
137 2 514
137 2 498
137 2 357
137 2 73
137 2 548
137 2 503
137 2 740
137 2 0
137 2 0
137 2 0
137 2 0
138 1 0
138 1 402
138 1 733
138 1 636
138 1 0
138 1 0
138 1 0
138 1 995
138 1 0
139 1 0
139 1 32
139 1 723
139 1 382
139 1 0
139 1 0
140 1 0
140 1 681
140 1 598
140 1 326
140 1 331
140 1 373
140 1 556
140 1 305
140 1 0
140 1 0
140 1 0
140 1 0
141 1 0
141 1 722
141 1 981
141 1 72
141 1 308
141 1 105
141 1 961
141 1 0
141 1 0
142 2 0
142 2 982
142 2 368
142 2 123
142 2 834
142 2 263
142 2 297
142 2 579
142 2 829
142 2 0
142 2 0
143 2 0
143 2 374
143 2 788
143 2 131
143 2 249
143 2 522
143 2 0
143 2 0
143 2 0
143 2 0
144 2 0
144 2 22
144 2 978
144 2 316
144 2 325
144 2 176
144 2 5
144 2 68
144 2 0
144 2 0
145 1 0
145 1 69
145 1 569
145 1 0
146 2 0
146 2 277
146 2 916
146 2 56
146 2 162
146 2 633
146 2 984
146 2 795
146 2 0
146 2 0
147 2 0
147 2 690
147 2 914
147 2 713
147 2 0
147 2 0
148 2 0
148 2 786
148 2 0
148 2 0
148 2 0
149 1 0
149 1 765
149 1 0
150 2 0
150 2 377
150 2 872
150 2 526
150 2 116
150 2 0
150 2 0
150 2 0
151 1 0
151 1 449
151 1 194
151 1 893
151 1 597
151 1 549
151 1 286
151 1 486
151 1 915
151 1 0
151 1 0
151 1 0
151 1 0
152 1 0
152 1 972
152 1 884
152 1 867
152 1 0
152 1 0
152 1 0
152 1 588
152 1 415
152 1 0
152 1 0
153 2 0
153 2 450
153 2 635
153 2 632
153 2 737
153 2 704
153 2 201
153 2 0
153 2 0
154 2 0
154 2 243
154 2 0
154 2 0
154 2 372
154 2 55
154 2 252
154 2 0
155 1 0
155 1 625
155 1 210
155 1 433
155 1 242
155 1 0
155 1 0
155 1 0
155 1 0
156 2 0
156 2 370
156 2 464
156 2 303
156 2 959
156 2 671
156 2 209
156 2 49
156 2 386
156 2 0
156 2 0
157 2 0
157 2 184
157 2 747
157 2 674
157 2 517
157 2 0
157 2 0
157 2 195
157 2 993
157 2 0
158 1 0
158 1 643
158 1 0
158 1 0
158 1 0
159 1 0
159 1 0
160 2 0
160 2 745
160 2 0
160 2 0
160 2 362
160 2 146
160 2 491
160 2 0
161 2 0
161 2 198
161 2 507
161 2 129
161 2 649
161 2 169
161 2 378
161 2 0
161 2 0
162 2 0
162 2 137
162 2 979
162 2 499
162 2 0
163 2 0
163 2 155
163 2 618
163 2 0
163 2 0
163 2 87
163 2 0
164 2 0
164 2 924
164 2 117
164 2 878
164 2 280
164 2 0
164 2 0
165 2 0
165 2 268
165 2 267
165 2 0
165 2 0
165 2 451
165 2 241
165 2 0
166 1 0
166 1 684
166 1 120
166 1 197
166 1 21
166 1 0
166 1 0
166 1 0
166 1 29
166 1 0
167 2 0
167 2 482
167 2 379
167 2 768
167 2 159
167 2 629
167 2 952
167 2 0
167 2 0
168 2 0
168 2 416
168 2 900
168 2 667
168 2 96
168 2 76
168 2 75
168 2 0
168 2 0
169 2 0
169 2 61
169 2 528
169 2 244
169 2 567
169 2 361
169 2 353
169 2 443
169 2 0
169 2 0
169 2 0
169 2 0
170 1 0
170 1 103
170 1 946
170 1 631
170 1 427
170 1 963
170 1 344
170 1 0
170 1 0
170 1 0
170 1 0
171 1 0
171 1 100
171 1 227
171 1 206
171 1 452
171 1 0
171 1 0
171 1 0
171 1 0
172 2 0
172 2 770
172 2 422
172 2 687
172 2 139
172 2 260
172 2 892
172 2 0
172 2 0
172 2 0
172 2 0
173 2 0
173 2 333
173 2 552
173 2 375
173 2 864
173 2 0
173 2 0
174 2 0
174 2 256
174 2 215
174 2 691
174 2 306
174 2 962
174 2 858
174 2 711
174 2 639
174 2 0
174 2 0
174 2 0
174 2 0
175 1 0
175 1 953
175 1 174
175 1 355
175 1 769
175 1 0
175 1 0
175 1 0
175 1 322
175 1 0
175 1 0
176 2 0
176 2 623
176 2 347
176 2 225
176 2 358
176 2 696
176 2 519
176 2 121
176 2 0
176 2 0
176 2 0
176 2 0
177 2 0
177 2 483
177 2 343
177 2 575
177 2 0
177 2 0
177 2 0
177 2 152
177 2 0
178 1 0
178 1 115
178 1 821
178 1 258
178 1 0
178 1 0
178 1 0
178 1 108
178 1 585
178 1 0
178 1 0
179 2 0
179 2 403
179 2 851
179 2 931
179 2 363
179 2 599
179 2 879
179 2 836
179 2 3
179 2 0
179 2 0
180 2 0
180 2 20
180 2 589
180 2 278
180 2 787
180 2 65
180 2 739
180 2 431
180 2 0
180 2 0
181 1 0
181 1 203
181 1 234
181 1 405
181 1 239
181 1 620
181 1 0
181 1 0
181 1 0
181 1 0
182 1 0
182 1 52
182 1 592
182 1 213
182 1 0
182 1 0
182 1 0
182 1 0
183 1 0
183 1 261
183 1 533
183 1 16
183 1 388
183 1 736
183 1 0
183 1 0
183 1 0
183 1 0
184 1 0
184 1 111
184 1 926
184 1 62
184 1 390
184 1 0
184 1 0
184 1 0
184 1 0
185 1 0
185 1 312
185 1 302
185 1 614
185 1 833
185 1 300
185 1 0
185 1 0
185 1 0
185 1 0
186 1 0
186 1 901
186 1 350
186 1 0
186 1 0
186 1 0
186 1 0
187 1 0
187 1 70
187 1 67
187 1 658
187 1 537
187 1 0
187 1 0
187 1 0
187 1 547
187 1 0
187 1 0
188 2 0
188 2 285
188 2 594
188 2 0
188 2 0
189 2 0
189 2 228
189 2 439
189 2 822
189 2 0
189 2 0
189 2 0
189 2 0
190 1 0
190 1 1
190 1 933
190 1 0
190 1 0
190 1 0
190 1 560
190 1 702
190 1 315
190 1 888
190 1 0
190 1 0
191 1 0
191 1 804
191 1 0
191 1 0
191 1 0
191 1 138
191 1 110
191 1 231
191 1 0
191 1 0
192 2 0
192 2 637
192 2 886
192 2 766
192 2 551
192 2 395
192 2 0
192 2 0
193 2 0
193 2 487
193 2 775
193 2 729
193 2 337
193 2 583
193 2 935
193 2 0
193 2 0
193 2 0
193 2 0
194 2 0
194 2 262
194 2 500
194 2 762
194 2 421
194 2 192
194 2 469
194 2 527
194 2 572
194 2 0
194 2 0
194 2 0
194 2 0
195 1 0
195 1 968
195 1 896
195 1 584
195 1 0
195 1 0
195 1 0
195 1 0
196 2 0
196 2 444
196 2 132
196 2 147
196 2 26
196 2 889
196 2 0
196 2 0
196 2 0
196 2 0
197 1 0
197 1 774
197 1 235
197 1 0
197 1 0
197 1 0
197 1 0
198 2 0
198 2 688
198 2 540
198 2 424
198 2 731
198 2 371
198 2 0
198 2 0
198 2 0
198 2 0
199 2 0
199 2 143
199 2 50
199 2 19
199 2 0
199 2 0
200 2 0
200 2 185
200 2 958
200 2 987
200 2 51
200 2 957
200 2 0
200 2 0
200 2 0
200 2 0
201 1 0
201 1 780
201 1 985
201 1 869
201 1 0
201 1 0
201 1 0
201 1 0
202 2 0
202 2 48
202 2 270
202 2 0
202 2 0
203 1 0
203 1 956
203 1 474
203 1 0
203 1 0
203 1 0
203 1 359
203 1 77
203 1 0
203 1 0
203 1 0
203 1 0
204 1 0
204 1 39
204 1 179
204 1 0
204 1 0
204 1 0
204 1 521
204 1 708
204 1 0
204 1 0
205 1 0
205 1 274
205 1 0
205 1 0
206 1 0
206 1 219
206 1 0
206 1 0
206 1 0
206 1 0
207 1 0
207 1 13
207 1 12
207 1 0
207 1 0
