total cost: 337926
1 2 0
1 2 553
1 2 288
1 2 767
1 2 0
1 2 0
1 2 307
1 2 793
1 2 0
1 2 0
1 2 141
1 2 0
2 1 0
2 1 220
2 1 802
2 1 577
2 1 254
2 1 0
2 1 0
2 1 180
2 1 257
2 1 932
2 1 0
3 1 0
3 1 616
3 1 161
3 1 652
3 1 0
3 1 0
3 1 0
4 1 0
4 1 954
4 1 654
4 1 520
4 1 0
5 2 0
5 2 463
5 2 539
5 2 459
5 2 693
5 2 454
5 2 0
5 2 0
5 2 790
5 2 0
5 2 0
5 2 0
6 2 0
6 2 408
6 2 801
6 2 754
6 2 593
6 2 475
6 2 510
6 2 356
6 2 0
7 2 0
7 2 645
7 2 865
7 2 189
7 2 442
7 2 92
7 2 710
7 2 717
7 2 0
7 2 0
7 2 0
8 2 0
8 2 605
8 2 974
8 2 401
8 2 229
8 2 0
9 1 0
9 1 57
9 1 843
9 1 170
9 1 749
9 1 689
9 1 525
9 1 476
9 1 0
9 1 0
9 1 0
10 1 0
10 1 281
10 1 423
10 1 532
10 1 544
10 1 798
10 1 380
10 1 0
11 1 0
11 1 856
11 1 4
11 1 501
11 1 250
11 1 911
11 1 468
11 1 700
11 1 0
11 1 0
11 1 230
11 1 0
12 1 0
12 1 354
12 1 0
13 1 0
13 1 319
13 1 716
13 1 0
14 1 0
14 1 124
14 1 919
14 1 799
14 1 148
14 1 0
15 1 0
15 1 164
15 1 391
15 1 440
15 1 216
15 1 650
15 1 0
16 1 0
16 1 37
16 1 0
17 1 0
17 1 0
18 1 0
18 1 0
19 2 0
19 2 154
19 2 0
19 2 0
19 2 612
19 2 535
19 2 8
19 2 0
20 1 0
20 1 462
20 1 813
20 1 478
20 1 0
20 1 0
20 1 283
20 1 590
20 1 269
20 1 0
21 2 0
21 2 763
21 2 831
21 2 602
21 2 284
21 2 759
21 2 0
21 2 0
21 2 591
21 2 504
21 2 0
22 2 0
22 2 947
22 2 400
22 2 682
22 2 826
22 2 641
22 2 171
22 2 742
22 2 0
22 2 0
22 2 0
23 2 0
23 2 714
23 2 248
23 2 0
24 2 0
24 2 841
24 2 543
24 2 101
24 2 783
24 2 470
24 2 217
24 2 897
24 2 345
24 2 880
24 2 0
25 2 0
25 2 975
25 2 570
25 2 810
25 2 276
25 2 0
25 2 0
25 2 0
26 1 0
26 1 565
26 1 871
26 1 850
26 1 58
26 1 0
26 1 0
26 1 304
26 1 205
26 1 114
26 1 477
26 1 0
27 1 0
27 1 428
27 1 820
27 1 54
27 1 732
27 1 600
27 1 0
27 1 0
27 1 0
28 1 0
28 1 489
28 1 741
28 1 107
28 1 0
29 2 0
29 2 899
29 2 237
29 2 541
29 2 158
29 2 338
29 2 791
29 2 945
29 2 191
29 2 0
29 2 0
29 2 0
30 1 0
30 1 64
30 1 967
30 1 678
30 1 0
31 2 0
31 2 291
31 2 7
31 2 992
31 2 437
31 2 508
31 2 815
31 2 360
31 2 0
32 1 0
32 1 846
32 1 473
32 1 293
32 1 0
33 2 0
33 2 866
33 2 9
33 2 721
33 2 923
33 2 436
33 2 970
33 2 0
33 2 0
33 2 0
34 2 0
34 2 128
34 2 925
34 2 715
34 2 418
34 2 292
34 2 208
34 2 38
34 2 0
35 2 0
35 2 264
35 2 910
35 2 524
35 2 63
35 2 807
35 2 0
36 1 0
36 1 816
36 1 863
36 1 868
36 1 609
36 1 0
36 1 0
36 1 561
36 1 0
37 2 0
37 2 939
37 2 922
37 2 106
37 2 40
37 2 0
38 2 0
38 2 14
38 2 580
38 2 232
38 2 538
38 2 495
38 2 397
38 2 212
38 2 512
38 2 0
39 2 0
39 2 389
39 2 666
39 2 446
39 2 949
39 2 692
39 2 852
39 2 0
40 1 0
40 1 113
40 1 529
40 1 738
40 1 907
40 1 349
40 1 0
41 2 0
41 2 855
41 2 808
41 2 676
41 2 969
41 2 803
41 2 66
41 2 516
41 2 0
42 2 0
42 2 279
42 2 99
42 2 785
42 2 472
42 2 513
42 2 0
42 2 0
42 2 0
43 1 0
43 1 36
43 1 204
43 1 563
43 1 964
43 1 940
43 1 314
43 1 125
43 1 0
43 1 0
43 1 0
44 1 0
44 1 17
44 1 178
44 1 323
44 1 885
44 1 0
45 1 0
45 1 441
45 1 207
45 1 168
45 1 71
45 1 661
45 1 44
45 1 383
45 1 0
45 1 0
45 1 0
45 1 0
46 2 0
46 2 606
46 2 955
46 2 542
46 2 266
46 2 707
46 2 246
46 2 680
46 2 990
46 2 873
46 2 223
46 2 0
47 1 0
47 1 335
47 1 0
48 1 0
48 1 153
48 1 394
48 1 453
48 1 88
48 1 0
48 1 0
48 1 550
48 1 784
48 1 86
48 1 0
49 2 0
49 2 603
49 2 796
49 2 644
49 2 608
49 2 447
49 2 545
49 2 0
49 2 0
49 2 0
50 1 0
50 1 531
50 1 45
50 1 806
50 1 814
50 1 93
50 1 259
50 1 0
50 1 0
50 1 0
51 1 0
51 1 133
51 1 399
51 1 748
51 1 166
51 1 11
51 1 27
51 1 0
51 1 0
51 1 0
52 1 0
52 1 677
52 1 181
52 1 0
53 2 0
53 2 837
53 2 909
53 2 0
54 1 0
54 1 352
54 1 0
55 2 0
55 2 163
55 2 906
55 2 679
55 2 0
56 2 0
56 2 456
56 2 102
56 2 351
56 2 921
56 2 0
56 2 0
56 2 130
56 2 576
56 2 0
57 2 0
57 2 336
57 2 369
57 2 854
57 2 426
57 2 0
57 2 0
57 2 255
57 2 74
57 2 724
57 2 0
58 2 0
58 2 817
58 2 157
58 2 199
58 2 324
58 2 648
58 2 290
58 2 0
58 2 0
58 2 0
59 2 0
59 2 435
59 2 686
59 2 160
59 2 183
59 2 835
59 2 490
59 2 471
59 2 0
60 2 0
60 2 518
60 2 497
60 2 404
60 2 642
60 2 0
60 2 0
60 2 95
60 2 398
60 2 0
61 2 0
61 2 562
61 2 410
61 2 943
61 2 752
61 2 310
61 2 0
61 2 0
61 2 94
61 2 0
62 2 0
62 2 664
62 2 485
62 2 965
62 2 971
62 2 960
62 2 24
62 2 0
63 2 0
63 2 611
63 2 647
63 2 455
63 2 980
63 2 0
64 1 0
64 1 200
64 1 136
64 1 0
65 2 0
65 2 41
65 2 417
65 2 918
65 2 309
65 2 0
65 2 0
65 2 0
66 1 0
66 1 809
66 1 430
66 1 334
66 1 938
66 1 755
66 1 800
66 1 0
66 1 0
66 1 47
66 1 0
67 2 0
67 2 699
67 2 646
67 2 392
67 2 30
67 2 628
67 2 937
67 2 289
67 2 135
67 2 0
67 2 0
67 2 0
68 2 0
68 2 340
68 2 781
68 2 188
68 2 425
68 2 776
68 2 668
68 2 0
69 1 0
69 1 989
69 1 751
69 1 673
69 1 0
69 1 0
69 1 876
69 1 753
69 1 929
69 1 0
70 1 0
70 1 996
70 1 870
70 1 797
70 1 81
70 1 0
70 1 0
70 1 43
70 1 694
70 1 844
70 1 0
71 2 0
71 2 902
71 2 84
71 2 709
71 2 757
71 2 0
72 2 0
72 2 275
72 2 581
72 2 936
72 2 509
72 2 0
73 1 0
73 1 511
73 1 777
73 1 79
73 1 663
73 1 0
73 1 0
73 1 29
73 1 0
74 1 0
74 1 233
74 1 134
74 1 175
74 1 420
74 1 376
74 1 601
74 1 140
74 1 515
74 1 0
74 1 0
74 1 0
74 1 0
75 1 0
75 1 321
75 1 861
75 1 393
75 1 457
75 1 734
75 1 480
75 1 0
75 1 0
75 1 0
76 1 0
76 1 186
76 1 735
76 1 172
76 1 761
76 1 595
76 1 758
76 1 0
76 1 0
76 1 0
76 1 0
77 1 0
77 1 756
77 1 794
77 1 874
77 1 655
77 1 0
77 1 0
77 1 568
77 1 675
77 1 779
77 1 0
77 1 0
77 1 0
78 1 0
78 1 193
78 1 840
78 1 705
78 1 0
78 1 0
78 1 0
79 2 0
79 2 328
79 2 771
79 2 492
79 2 413
79 2 0
79 2 0
79 2 718
79 2 0
79 2 0
79 2 0
80 1 0
80 1 226
80 1 887
80 1 0
80 1 0
80 1 33
80 1 0
81 1 0
81 1 610
81 1 746
81 1 894
81 1 25
81 1 726
81 1 706
81 1 983
81 1 0
81 1 0
82 2 0
82 2 930
82 2 977
82 2 396
82 2 685
82 2 438
82 2 481
82 2 0
82 2 0
82 2 0
83 1 0
83 1 934
83 1 991
83 1 578
83 1 0
83 1 0
83 1 150
83 1 0
84 1 0
84 1 329
84 1 78
84 1 365
84 1 23
84 1 0
84 1 0
84 1 0
85 2 0
85 2 564
85 2 695
85 2 657
85 2 173
85 2 848
85 2 0
85 2 0
85 2 0
86 2 0
86 2 941
86 2 282
86 2 819
86 2 730
86 2 0
86 2 0
86 2 151
86 2 434
86 2 630
86 2 0
87 1 0
87 1 273
87 1 660
87 1 582
87 1 402
87 1 83
87 1 415
87 1 201
87 1 0
87 1 0
88 1 0
88 1 18
88 1 341
88 1 891
88 1 0
88 1 0
88 1 177
88 1 494
88 1 80
88 1 311
88 1 0
88 1 0
88 1 0
89 2 0
89 2 411
89 2 574
89 2 419
89 2 976
89 2 669
89 2 0
89 2 0
89 2 0
90 2 0
90 2 701
90 2 218
90 2 432
90 2 847
90 2 812
90 2 0
90 2 0
90 2 0
91 1 0
91 1 366
91 1 0
91 1 0
91 1 604
91 1 91
91 1 838
91 1 342
91 1 0
92 1 0
92 1 697
92 1 272
92 1 0
92 1 0
92 1 973
92 1 118
92 1 656
92 1 0
92 1 0
92 1 0
93 2 0
93 2 640
93 2 665
93 2 554
93 2 586
93 2 904
93 2 624
93 2 287
93 2 0
93 2 0
93 2 0
93 2 0
94 1 0
94 1 167
94 1 782
94 1 997
94 1 493
94 1 778
94 1 881
94 1 842
94 1 0
94 1 0
94 1 0
94 1 0
95 2 0
95 2 85
95 2 97
95 2 465
95 2 298
95 2 0
96 1 0
96 1 59
96 1 703
96 1 659
96 1 951
96 1 414
96 1 245
96 1 0
96 1 0
96 1 0
96 1 0
97 1 0
97 1 999
97 1 571
97 1 672
97 1 0
97 1 0
97 1 0
98 1 0
98 1 948
98 1 211
98 1 0
99 2 0
99 2 429
99 2 988
99 2 805
99 2 466
99 2 587
99 2 588
99 2 506
99 2 0
99 2 0
100 2 0
100 2 944
100 2 857
100 2 0
101 2 0
101 2 877
101 2 0
102 1 0
102 1 31
102 1 849
102 1 385
102 1 190
102 1 621
102 1 0
102 1 0
102 1 0
102 1 0
103 2 0
103 2 484
103 2 0
104 2 0
104 2 764
104 2 294
104 2 82
104 2 0
104 2 0
104 2 0
105 1 0
105 1 662
105 1 558
105 1 0
106 1 0
106 1 247
106 1 908
106 1 144
106 1 53
106 1 619
106 1 0
106 1 0
106 1 0
106 1 0
107 1 0
107 1 557
107 1 0
108 2 0
108 2 496
108 2 119
108 2 28
108 2 994
108 2 0
109 2 0
109 2 458
109 2 534
109 2 792
109 2 613
109 2 488
109 2 187
109 2 301
109 2 127
109 2 0
109 2 0
109 2 0
109 2 0
110 1 0
110 1 830
110 1 126
110 1 683
110 1 0
110 1 0
110 1 546
110 1 750
110 1 607
110 1 0
111 1 0
111 1 149
111 1 332
111 1 622
111 1 320
111 1 0
111 1 0
111 1 0
111 1 530
111 1 638
111 1 0
112 1 0
112 1 479
112 1 727
112 1 0
112 1 0
112 1 0
113 2 0
113 2 10
113 2 0
114 2 0
114 2 445
114 2 348
114 2 0
115 2 0
115 2 898
115 2 789
115 2 0
116 1 0
116 1 367
116 1 942
116 1 883
116 1 265
116 1 0
116 1 0
116 1 0
117 2 0
117 2 214
117 2 202
117 2 0
118 2 0
118 2 251
118 2 927
118 2 318
118 2 346
118 2 461
118 2 90
118 2 0
119 2 0
119 2 536
119 2 0
120 2 0
120 2 950
120 2 596
120 2 467
120 2 382
120 2 46
120 2 104
120 2 0
121 2 0
121 2 828
121 2 0
121 2 0
121 2 330
121 2 0
122 2 0
122 2 720
122 2 502
122 2 0
123 2 0
123 2 313
123 2 903
123 2 0
123 2 0
123 2 221
123 2 182
123 2 0
124 1 0
124 1 109
124 1 853
124 1 825
124 1 0
124 1 0
124 1 2
124 1 0
124 1 0
124 1 0
125 1 0
125 1 627
125 1 982
125 1 0
125 1 0
125 1 0
126 1 0
126 1 719
126 1 839
126 1 60
126 1 6
126 1 89
126 1 0
126 1 0
127 2 0
127 2 142
127 2 634
127 2 387
127 2 566
127 2 176
127 2 0
127 2 0
127 2 0
128 1 0
128 1 998
128 1 559
128 1 555
128 1 34
128 1 339
128 1 526
128 1 928
128 1 0
128 1 0
128 1 0
128 1 0
129 2 0
129 2 712
129 2 653
129 2 448
129 2 681
129 2 0
129 2 0
129 2 165
129 2 305
129 2 0
130 2 0
130 2 862
130 2 364
130 2 409
130 2 860
130 2 236
130 2 723
130 2 146
130 2 433
130 2 0
130 2 0
130 2 0
130 2 0
131 1 0
131 1 296
131 1 0
131 1 0
131 1 920
131 1 772
131 1 317
131 1 0
131 1 0
131 1 0
131 1 0
132 2 0
132 2 271
132 2 827
132 2 156
132 2 728
132 2 823
132 2 0
132 2 0
132 2 824
132 2 0
133 2 0
133 2 407
133 2 832
133 2 122
133 2 905
133 2 890
133 2 845
133 2 295
133 2 0
133 2 0
134 2 0
134 2 145
134 2 917
134 2 32
134 2 406
134 2 912
134 2 0
135 1 0
135 1 42
135 1 615
135 1 327
135 1 617
135 1 381
135 1 0
135 1 0
136 2 0
136 2 875
136 2 195
136 2 993
136 2 0
136 2 0
136 2 0
137 1 0
137 1 240
137 1 249
137 1 0
137 1 0
137 1 0
137 1 818
137 1 0
137 1 0
137 1 0
138 1 0
138 1 523
138 1 1000
138 1 69
138 1 68
138 1 0
138 1 0
139 1 0
139 1 670
139 1 698
139 1 35
139 1 253
139 1 760
139 1 651
139 1 895
139 1 0
139 1 0
139 1 0
139 1 0
140 2 0
140 2 744
140 2 625
140 2 981
140 2 72
140 2 308
140 2 105
140 2 961
140 2 0
140 2 0
141 2 0
141 2 811
141 2 373
141 2 0
142 2 0
142 2 384
142 2 743
142 2 238
142 2 210
142 2 0
142 2 0
142 2 740
142 2 503
142 2 0
143 1 0
143 1 573
143 1 626
143 1 0
143 1 0
143 1 412
143 1 0
144 1 0
144 1 514
144 1 277
144 1 498
144 1 73
144 1 548
144 1 505
144 1 0
144 1 0
145 1 0
145 1 722
145 1 98
145 1 986
145 1 0
145 1 0
145 1 0
145 1 995
145 1 0
146 2 0
146 2 374
146 2 788
146 2 522
146 2 872
146 2 377
146 2 0
146 2 0
146 2 222
146 2 0
146 2 0
146 2 0
147 2 0
147 2 773
147 2 635
147 2 464
147 2 632
147 2 737
147 2 0
147 2 0
147 2 0
147 2 0
148 1 0
148 1 690
148 1 123
148 1 357
148 1 834
148 1 263
148 1 297
148 1 579
148 1 0
148 1 0
148 1 0
148 1 0
149 1 0
149 1 22
149 1 316
149 1 972
149 1 978
149 1 0
149 1 0
149 1 0
149 1 0
150 2 0
150 2 15
150 2 116
150 2 322
150 2 979
150 2 0
150 2 0
151 1 0
151 1 786
151 1 0
151 1 0
151 1 0
152 2 0
152 2 449
152 2 460
152 2 725
152 2 0
152 2 0
152 2 913
152 2 0
153 2 0
153 2 450
153 2 303
153 2 959
153 2 671
153 2 209
153 2 49
153 2 386
153 2 0
153 2 0
154 2 0
154 2 5
154 2 325
154 2 155
154 2 267
154 2 0
154 2 0
154 2 0
155 2 0
155 2 914
155 2 916
155 2 56
155 2 162
155 2 633
155 2 984
155 2 829
155 2 0
155 2 0
156 1 0
156 1 243
156 1 884
156 1 0
156 1 0
156 1 0
156 1 765
156 1 0
156 1 0
156 1 0
157 2 0
157 2 196
157 2 137
157 2 598
157 2 326
157 2 331
157 2 556
157 2 499
157 2 0
157 2 0
158 1 0
158 1 370
158 1 636
158 1 244
158 1 567
158 1 361
158 1 858
158 1 560
158 1 0
158 1 0
159 2 0
159 2 184
159 2 893
159 2 747
159 2 674
159 2 517
159 2 0
159 2 0
159 2 0
159 2 112
159 2 0
160 1 0
160 1 733
160 1 61
160 1 528
160 1 946
160 1 0
160 1 0
160 1 0
160 1 0
161 1 0
161 1 224
161 1 198
161 1 507
161 1 129
161 1 649
161 1 0
161 1 0
161 1 0
161 1 0
162 2 0
162 2 643
162 2 0
162 2 0
162 2 745
162 2 0
162 2 0
162 2 372
162 2 882
162 2 0
163 2 0
163 2 966
163 2 859
163 2 924
163 2 252
163 2 915
163 2 0
163 2 0
164 2 0
164 2 569
164 2 0
165 1 0
165 1 131
165 1 867
165 1 0
165 1 0
165 1 0
165 1 451
165 1 55
165 1 241
165 1 0
165 1 0
166 2 0
166 2 618
166 2 0
166 2 0
166 2 362
166 2 667
166 2 242
166 2 0
167 1 0
167 1 684
167 1 120
167 1 268
167 1 197
167 1 0
167 1 0
167 1 0
167 1 87
167 1 0
168 2 0
168 2 368
168 2 953
168 2 256
168 2 962
168 2 739
168 2 0
168 2 0
168 2 0
168 2 0
169 1 0
169 1 194
169 1 597
169 1 100
169 1 623
169 1 117
169 1 299
169 1 491
169 1 0
169 1 0
170 2 0
170 2 482
170 2 379
170 2 768
170 2 159
170 2 629
170 2 952
170 2 0
170 2 0
171 1 0
171 1 416
171 1 901
171 1 206
171 1 585
171 1 879
171 1 836
171 1 0
171 1 0
171 1 0
171 1 0
172 1 0
172 1 333
172 1 286
172 1 486
172 1 599
172 1 3
172 1 0
172 1 0
172 1 0
172 1 0
173 1 0
173 1 103
173 1 631
173 1 353
173 1 443
173 1 427
173 1 963
173 1 0
173 1 0
173 1 0
173 1 0
174 2 0
174 2 900
174 2 169
174 2 378
174 2 0
174 2 0
175 1 0
175 1 770
175 1 422
175 1 0
175 1 0
175 1 0
175 1 552
175 1 864
175 1 375
175 1 0
175 1 0
176 1 0
176 1 704
176 1 639
176 1 0
176 1 0
177 1 0
177 1 549
177 1 931
177 1 363
177 1 892
177 1 139
177 1 0
177 1 0
177 1 0
177 1 0
178 2 0
178 2 711
178 2 344
178 2 0
179 2 0
179 2 152
179 2 0
180 1 0
180 1 227
180 1 347
180 1 115
180 1 878
180 1 0
180 1 0
180 1 0
180 1 96
180 1 76
180 1 0
180 1 0
181 1 0
181 1 483
181 1 343
181 1 452
181 1 285
181 1 0
181 1 0
181 1 0
181 1 75
181 1 0
181 1 0
182 1 0
182 1 215
182 1 691
182 1 174
182 1 306
182 1 0
182 1 0
182 1 0
182 1 0
183 2 0
183 2 52
183 2 258
183 2 926
183 2 519
183 2 696
183 2 0
183 2 0
183 2 0
183 2 0
184 1 0
184 1 403
184 1 21
184 1 851
184 1 614
184 1 833
184 1 0
184 1 0
184 1 0
184 1 0
185 1 0
185 1 20
185 1 355
185 1 769
185 1 533
185 1 0
185 1 0
185 1 0
185 1 0
186 1 0
186 1 203
186 1 358
186 1 62
186 1 405
186 1 0
186 1 0
186 1 0
186 1 0
187 2 0
187 2 261
187 2 16
187 2 736
187 2 388
187 2 702
187 2 774
187 2 431
187 2 0
187 2 0
187 2 0
187 2 0
188 1 0
188 1 228
188 1 350
188 1 0
188 1 0
188 1 0
188 1 0
189 2 0
189 2 821
189 2 592
189 2 575
189 2 1
189 2 0
189 2 0
189 2 0
189 2 0
190 2 0
190 2 225
190 2 121
190 2 896
190 2 547
190 2 231
190 2 620
190 2 0
190 2 0
191 1 0
191 1 111
191 1 933
191 1 0
191 1 0
191 1 0
191 1 795
191 1 787
191 1 65
191 1 0
191 1 0
192 2 0
192 2 312
192 2 70
192 2 302
192 2 687
192 2 138
192 2 110
192 2 260
192 2 0
192 2 0
193 1 0
193 1 713
193 1 0
193 1 0
194 2 0
194 2 262
194 2 0
194 2 0
194 2 0
194 2 439
194 2 822
194 2 0
194 2 0
194 2 0
194 2 0
195 1 0
195 1 804
195 1 0
195 1 0
195 1 0
195 1 280
195 1 594
195 1 551
195 1 0
195 1 0
196 1 0
196 1 637
196 1 886
196 1 766
196 1 315
196 1 572
196 1 0
196 1 0
196 1 0
196 1 0
197 1 0
197 1 234
197 1 688
197 1 658
197 1 537
197 1 583
197 1 0
197 1 0
197 1 0
197 1 0
198 1 0
198 1 487
198 1 775
198 1 729
198 1 390
198 1 0
198 1 0
198 1 0
198 1 0
199 2 0
199 2 213
199 2 500
199 2 469
199 2 19
199 2 0
199 2 0
200 2 0
200 2 278
200 2 589
200 2 77
200 2 889
200 2 0
200 2 0
200 2 0
200 2 0
201 1 0
201 1 968
201 1 239
201 1 337
201 1 935
201 1 0
201 1 0
201 1 0
201 1 0
202 2 0
202 2 444
202 2 132
202 2 39
202 2 359
202 2 235
202 2 0
202 2 0
202 2 0
202 2 0
203 2 0
203 2 147
203 2 143
203 2 26
203 2 957
203 2 869
203 2 274
203 2 12
203 2 0
203 2 0
204 1 0
204 1 521
204 1 888
204 1 395
204 1 0
204 1 0
204 1 0
204 1 0
205 2 0
205 2 67
205 2 300
205 2 48
205 2 731
205 2 584
205 2 371
205 2 0
205 2 0
205 2 0
205 2 0
206 2 0
206 2 192
206 2 762
206 2 0
206 2 0
207 2 0
207 2 424
207 2 540
207 2 0
207 2 0
207 2 0
207 2 219
207 2 0
207 2 0
208 2 0
208 2 185
208 2 958
208 2 987
208 2 421
208 2 51
208 2 708
208 2 0
208 2 0
208 2 0
208 2 0
209 1 0
209 1 956
209 1 474
209 1 0
209 1 0
209 1 0
209 1 527
209 1 0
209 1 0
210 1 0
210 1 780
210 1 179
210 1 50
210 1 0
210 1 270
210 1 0
210 1 0
210 1 0
210 1 0
211 1 0
211 1 985
211 1 0
211 1 108
211 1 0
212 1 0
212 1 13
212 1 0
212 1 0
