total cost: 346311
1 2 0
1 2 553
1 2 288
1 2 767
1 2 0
1 2 0
1 2 307
1 2 793
1 2 0
1 2 0
1 2 141
1 2 0
2 2 0
2 2 220
2 2 802
2 2 577
2 2 254
2 2 749
2 2 0
2 2 0
2 2 180
2 2 257
2 2 932
2 2 0
3 1 0
3 1 616
3 1 161
3 1 652
3 1 0
3 1 0
3 1 0
4 2 0
4 2 954
4 2 654
4 2 520
4 2 0
5 1 0
5 1 463
5 1 539
5 1 459
5 1 693
5 1 454
5 1 0
5 1 0
5 1 790
5 1 0
5 1 0
5 1 0
6 2 0
6 2 408
6 2 801
6 2 754
6 2 593
6 2 475
6 2 510
6 2 356
6 2 0
7 2 0
7 2 645
7 2 865
7 2 189
7 2 442
7 2 92
7 2 710
7 2 717
7 2 0
7 2 0
7 2 0
8 2 0
8 2 605
8 2 974
8 2 401
8 2 229
8 2 0
9 1 0
9 1 57
9 1 843
9 1 170
9 1 689
9 1 525
9 1 476
9 1 0
10 1 0
10 1 281
10 1 423
10 1 532
10 1 544
10 1 798
10 1 380
10 1 0
11 1 0
11 1 856
11 1 4
11 1 501
11 1 250
11 1 911
11 1 468
11 1 700
11 1 0
11 1 0
11 1 230
11 1 0
12 1 0
12 1 354
12 1 0
13 1 0
13 1 319
13 1 716
13 1 0
14 2 0
14 2 124
14 2 919
14 2 799
14 2 148
14 2 0
15 1 0
15 1 164
15 1 391
15 1 440
15 1 216
15 1 650
15 1 0
16 2 0
16 2 37
16 2 154
16 2 0
16 2 0
16 2 612
16 2 535
16 2 8
16 2 0
17 1 0
17 1 462
17 1 813
17 1 478
17 1 0
17 1 0
17 1 283
17 1 590
17 1 269
17 1 0
18 1 0
18 1 763
18 1 831
18 1 602
18 1 284
18 1 759
18 1 0
18 1 0
18 1 591
18 1 504
18 1 0
19 1 0
19 1 947
19 1 400
19 1 682
19 1 826
19 1 641
19 1 171
19 1 742
19 1 0
19 1 0
19 1 0
20 2 0
20 2 714
20 2 248
20 2 0
21 1 0
21 1 841
21 1 543
21 1 101
21 1 783
21 1 470
21 1 217
21 1 897
21 1 345
21 1 0
21 1 0
21 1 0
22 2 0
22 2 975
22 2 570
22 2 810
22 2 276
22 2 0
22 2 0
22 2 0
23 1 0
23 1 565
23 1 871
23 1 850
23 1 58
23 1 0
23 1 0
23 1 304
23 1 205
23 1 114
23 1 477
23 1 0
24 1 0
24 1 428
24 1 820
24 1 54
24 1 732
24 1 600
24 1 0
24 1 0
24 1 0
25 1 0
25 1 489
25 1 741
25 1 107
25 1 0
26 1 0
26 1 899
26 1 237
26 1 541
26 1 158
26 1 338
26 1 0
26 1 0
26 1 561
26 1 0
27 2 0
27 2 291
27 2 7
27 2 437
27 2 992
27 2 923
27 2 436
27 2 0
27 2 0
27 2 0
28 1 0
28 1 846
28 1 473
28 1 293
28 1 0
29 1 0
29 1 866
29 1 128
29 1 9
29 1 721
29 1 967
29 1 678
29 1 508
29 1 0
30 1 0
30 1 264
30 1 910
30 1 524
30 1 63
30 1 807
30 1 0
31 1 0
31 1 816
31 1 863
31 1 868
31 1 609
31 1 0
31 1 0
31 1 64
31 1 352
31 1 0
32 1 0
32 1 14
32 1 580
32 1 232
32 1 538
32 1 495
32 1 397
32 1 212
32 1 512
32 1 0
33 1 0
33 1 389
33 1 666
33 1 446
33 1 949
33 1 692
33 1 852
33 1 0
34 2 0
34 2 113
34 2 529
34 2 738
34 2 907
34 2 349
34 2 0
34 2 0
34 2 855
34 2 0
35 1 0
35 1 939
35 1 36
35 1 204
35 1 563
35 1 964
35 1 940
35 1 314
35 1 0
35 1 0
35 1 0
36 2 0
36 2 17
36 2 925
36 2 418
36 2 902
36 2 84
36 2 885
36 2 323
36 2 178
36 2 0
37 2 0
37 2 279
37 2 99
37 2 785
37 2 472
37 2 513
37 2 0
37 2 0
37 2 0
38 2 0
38 2 606
38 2 955
38 2 542
38 2 707
38 2 246
38 2 40
38 2 360
38 2 990
38 2 223
38 2 844
38 2 0
39 2 0
39 2 441
39 2 808
39 2 676
39 2 969
39 2 803
39 2 66
39 2 516
39 2 0
40 1 0
40 1 335
40 1 0
41 1 0
41 1 153
41 1 394
41 1 603
41 1 0
42 1 0
42 1 922
42 1 45
42 1 806
42 1 814
42 1 93
42 1 880
42 1 259
42 1 0
42 1 0
42 1 0
43 2 0
43 2 531
43 2 106
43 2 945
43 2 791
43 2 191
43 2 125
43 2 0
44 1 0
44 1 715
44 1 511
44 1 425
44 1 776
44 1 668
44 1 0
45 2 0
45 2 133
45 2 664
45 2 752
45 2 0
45 2 0
45 2 0
46 2 0
46 2 677
46 2 181
46 2 0
47 1 0
47 1 837
47 1 909
47 1 0
48 1 0
48 1 784
48 1 86
48 1 0
49 1 0
49 1 550
49 1 0
50 2 0
50 2 163
50 2 906
50 2 0
51 1 0
51 1 815
51 1 200
51 1 136
51 1 0
52 1 0
52 1 456
52 1 102
52 1 351
52 1 0
52 1 0
52 1 255
52 1 980
52 1 74
52 1 724
52 1 0
53 2 0
53 2 921
53 2 679
53 2 576
53 2 0
54 1 0
54 1 336
54 1 369
54 1 854
54 1 0
54 1 0
54 1 130
54 1 0
55 1 0
55 1 817
55 1 157
55 1 199
55 1 324
55 1 0
55 1 0
55 1 0
56 2 0
56 2 608
56 2 447
56 2 545
56 2 0
56 2 0
56 2 0
57 2 0
57 2 796
57 2 564
57 2 840
57 2 0
57 2 0
57 2 435
57 2 835
57 2 0
58 2 0
58 2 518
58 2 497
58 2 404
58 2 642
58 2 0
58 2 0
58 2 95
58 2 398
58 2 208
58 2 0
59 2 0
59 2 266
59 2 562
59 2 275
59 2 310
59 2 748
59 2 166
59 2 27
59 2 0
59 2 0
59 2 0
60 2 0
60 2 611
60 2 647
60 2 455
60 2 0
60 2 0
60 2 0
61 2 0
61 2 94
61 2 0
62 1 0
62 1 41
62 1 417
62 1 918
62 1 309
62 1 0
62 1 0
62 1 0
63 2 0
63 2 399
63 2 680
63 2 396
63 2 977
63 2 438
63 2 481
63 2 509
63 2 0
63 2 0
63 2 0
64 1 0
64 1 809
64 1 430
64 1 334
64 1 938
64 1 755
64 1 800
64 1 0
64 1 0
64 1 47
64 1 0
65 1 0
65 1 648
65 1 290
65 1 151
65 1 970
65 1 0
65 1 0
65 1 0
66 1 0
66 1 699
66 1 646
66 1 392
66 1 30
66 1 628
66 1 937
66 1 0
66 1 0
66 1 0
67 2 0
67 2 340
67 2 781
67 2 188
67 2 709
67 2 757
67 2 0
67 2 0
67 2 0
68 1 0
68 1 292
68 1 0
68 1 0
68 1 876
68 1 753
68 1 0
69 2 0
69 2 996
69 2 697
69 2 870
69 2 81
69 2 289
69 2 211
69 2 0
70 1 0
70 1 989
70 1 751
70 1 673
70 1 485
70 1 0
70 1 0
70 1 160
70 1 0
71 2 0
71 2 644
71 2 329
71 2 934
71 2 207
71 2 168
71 2 71
71 2 661
71 2 44
71 2 383
71 2 0
71 2 0
71 2 0
72 1 0
72 1 873
72 1 581
72 1 936
72 1 630
72 1 0
73 2 0
73 2 568
73 2 675
73 2 779
73 2 0
74 1 0
74 1 410
74 1 943
74 1 18
74 1 887
74 1 0
74 1 0
74 1 686
74 1 490
74 1 0
75 1 0
75 1 321
75 1 233
75 1 701
75 1 177
75 1 80
75 1 494
75 1 0
76 1 0
76 1 694
76 1 0
77 2 0
77 2 43
77 2 11
77 2 434
77 2 0
78 1 0
78 1 756
78 1 134
78 1 175
78 1 376
78 1 601
78 1 140
78 1 515
78 1 0
78 1 0
78 1 0
78 1 0
79 2 0
79 2 186
79 2 484
79 2 172
79 2 761
79 2 595
79 2 758
79 2 587
79 2 0
80 1 0
80 1 150
80 1 944
80 1 669
80 1 857
80 1 0
81 1 0
81 1 794
81 1 874
81 1 828
81 1 0
81 1 0
81 1 971
81 1 965
81 1 734
81 1 480
81 1 0
81 1 0
81 1 0
82 2 0
82 2 328
82 2 771
82 2 492
82 2 413
82 2 0
82 2 0
82 2 33
82 2 135
82 2 0
83 1 0
83 1 193
83 1 426
83 1 173
83 1 0
84 2 0
84 2 226
84 2 973
84 2 118
84 2 0
84 2 0
84 2 0
85 2 0
85 2 411
85 2 574
85 2 419
85 2 976
85 2 0
86 2 0
86 2 183
86 2 218
86 2 847
86 2 287
86 2 0
86 2 0
86 2 0
87 1 0
87 1 610
87 1 894
87 1 25
87 1 582
87 1 726
87 1 83
87 1 0
87 1 0
87 1 0
87 1 0
88 2 0
88 2 930
88 2 764
88 2 126
88 2 214
88 2 0
88 2 0
88 2 38
88 2 0
89 1 0
89 1 941
89 1 341
89 1 891
89 1 685
89 1 0
89 1 0
89 1 960
89 1 24
89 1 0
90 2 0
90 2 273
90 2 797
90 2 805
90 2 466
90 2 0
91 2 0
91 2 718
91 2 0
91 2 0
91 2 0
92 2 0
92 2 861
92 2 393
92 2 457
92 2 119
92 2 28
92 2 0
93 2 0
93 2 604
93 2 929
93 2 0
94 1 0
94 1 557
94 1 0
95 1 0
95 1 366
95 1 0
95 1 0
95 1 85
95 1 97
95 1 842
95 1 881
95 1 298
95 1 0
95 1 0
95 1 0
96 2 0
96 2 640
96 2 777
96 2 665
96 2 420
96 2 663
96 2 79
96 2 586
96 2 0
96 2 0
96 2 0
97 1 0
97 1 695
97 1 0
98 1 0
98 1 705
98 1 91
98 1 0
99 2 0
99 2 167
99 2 782
99 2 997
99 2 493
99 2 778
99 2 465
99 2 0
100 1 0
100 1 479
100 1 0
101 2 0
101 2 59
101 2 848
101 2 838
101 2 342
101 2 607
101 2 0
102 1 0
102 1 999
102 1 719
102 1 622
102 1 573
102 1 883
102 1 942
102 1 994
102 1 824
102 1 265
102 1 1090
102 1 0
102 1 1090
102 1 0
103 1 0
103 1 948
103 1 0
104 1 0
104 1 429
104 1 988
104 1 927
104 1 318
104 1 0
104 1 0
104 1 877
104 1 0
105 2 0
105 2 471
105 2 311
105 2 812
105 2 0
106 2 0
106 2 31
106 2 746
106 2 660
106 2 558
106 2 983
106 2 706
106 2 0
107 2 0
107 2 282
107 2 819
107 2 730
107 2 0
107 2 0
107 2 662
107 2 112
107 2 0
108 1 0
108 1 735
108 1 272
108 1 0
108 1 0
108 1 656
108 1 727
108 1 0
108 1 0
108 1 0
109 2 0
109 2 247
109 2 190
109 2 832
109 2 122
109 2 905
109 2 890
109 2 845
109 2 295
109 2 0
109 2 0
110 2 0
110 2 453
110 2 88
110 2 991
110 2 578
110 2 0
110 2 0
110 2 23
110 2 898
110 2 750
110 2 0
111 2 0
111 2 655
111 2 712
111 2 653
111 2 0
111 2 0
111 2 330
111 2 0
112 1 0
112 1 621
112 1 951
112 1 659
112 1 0
113 2 0
113 2 458
113 2 534
113 2 792
113 2 613
113 2 488
113 2 187
113 2 0
113 2 0
113 2 0
114 1 0
114 1 0
115 1 0
115 1 0
116 2 0
116 2 657
116 2 0
116 2 0
116 2 365
116 2 546
116 2 182
116 2 0
117 1 0
117 1 830
117 1 596
117 1 364
117 1 0
117 1 0
117 1 496
117 1 301
117 1 127
117 1 626
117 1 0
117 1 0
117 1 0
117 1 0
118 1 0
118 1 149
118 1 332
118 1 142
118 1 320
118 1 0
118 1 0
118 1 0
118 1 530
118 1 920
118 1 0
119 1 0
119 1 294
119 1 950
119 1 467
119 1 10
119 1 0
119 1 0
119 1 0
120 1 0
120 1 445
120 1 348
120 1 0
121 1 0
121 1 78
121 1 627
121 1 414
121 1 245
121 1 53
121 1 619
121 1 1075
121 1 0
121 1 1075
121 1 0
122 2 0
122 2 703
122 2 144
122 2 908
122 2 740
122 2 0
123 2 0
123 2 251
123 2 720
123 2 346
123 2 461
123 2 90
123 2 0
124 1 0
124 1 672
124 1 82
124 1 0
124 1 0
124 1 0
125 2 0
125 2 536
125 2 0
126 2 0
126 2 904
126 2 624
126 2 0
127 1 0
127 1 571
127 1 406
127 1 202
127 1 0
127 1 0
127 1 0
128 1 0
128 1 683
128 1 0
128 1 0
128 1 367
128 1 222
128 1 0
129 2 0
129 2 313
129 2 903
129 2 0
129 2 0
129 2 221
129 2 789
129 2 0
130 2 0
130 2 109
130 2 853
130 2 825
130 2 387
130 2 1000
130 2 0
130 2 0
130 2 0
131 2 0
131 2 998
131 2 559
131 2 555
131 2 34
131 2 432
131 2 339
131 2 928
131 2 0
131 2 0
132 1 0
132 1 296
132 1 0
132 1 0
132 1 818
132 1 0
132 1 0
132 1 0
133 2 0
133 2 862
133 2 744
133 2 145
133 2 839
133 2 60
133 2 6
133 2 89
133 2 0
133 2 0
134 2 0
134 2 502
134 2 986
134 2 98
134 2 0
134 2 0
134 2 638
134 2 772
134 2 317
134 2 0
134 2 0
134 2 0
135 1 0
135 1 849
135 1 670
135 1 385
135 1 253
135 1 651
135 1 834
135 1 617
135 1 0
135 1 0
135 1 0
135 1 0
136 2 0
136 2 554
136 2 522
136 2 249
136 2 526
136 2 116
136 2 0
136 2 0
137 1 0
137 1 407
137 1 827
137 1 156
137 1 823
137 1 0
137 1 0
137 1 0
137 1 0
138 1 0
138 1 271
138 1 728
138 1 498
138 1 73
138 1 548
138 1 503
138 1 381
138 1 0
138 1 0
139 1 0
139 1 523
139 1 995
139 1 0
140 1 0
140 1 634
140 1 972
140 1 978
140 1 316
140 1 0
140 1 0
140 1 0
140 1 0
141 1 0
141 1 42
141 1 615
141 1 327
141 1 895
141 1 0
141 1 0
142 1 0
142 1 875
142 1 506
142 1 993
142 1 0
142 1 0
142 1 0
142 1 0
143 2 0
143 2 240
143 2 872
143 2 377
143 2 331
143 2 0
143 2 0
143 2 0
144 1 0
144 1 811
144 1 165
144 1 305
144 1 0
144 1 0
145 1 0
145 1 409
145 1 743
145 1 860
145 1 236
145 1 104
145 1 46
145 1 0
145 1 0
146 1 0
146 1 32
146 1 917
146 1 912
146 1 0
147 1 0
147 1 69
147 1 765
147 1 68
147 1 0
147 1 0
148 2 0
148 2 384
148 2 382
148 2 0
149 2 0
149 2 15
149 2 322
149 2 499
149 2 0
150 2 0
150 2 514
150 2 690
150 2 123
150 2 505
150 2 0
151 1 0
151 1 402
151 1 636
151 1 733
151 1 464
151 1 415
151 1 0
151 1 0
151 1 0
151 1 0
152 2 0
152 2 448
152 2 196
152 2 131
152 2 979
152 2 0
152 2 0
152 2 0
153 1 0
153 1 681
153 1 598
153 1 326
153 1 373
153 1 556
153 1 0
153 1 0
154 2 0
154 2 722
154 2 773
154 2 370
154 2 635
154 2 632
154 2 737
154 2 0
154 2 0
154 2 0
154 2 0
155 2 0
155 2 982
155 2 368
155 2 914
155 2 760
155 2 263
155 2 297
155 2 0
155 2 0
156 2 0
156 2 374
156 2 788
156 2 137
156 2 5
156 2 325
156 2 176
156 2 0
156 2 0
156 2 0
156 2 412
156 2 0
157 1 0
157 1 22
157 1 867
157 1 268
157 1 0
157 1 0
157 1 0
157 1 588
157 1 201
157 1 0
158 2 0
158 2 277
158 2 916
158 2 56
158 2 162
158 2 633
158 2 984
158 2 579
158 2 829
158 2 0
158 2 0
159 1 0
159 1 786
159 1 0
159 1 0
159 1 0
160 1 0
160 1 566
160 1 267
160 1 0
160 1 0
160 1 0
160 1 0
161 2 0
161 2 913
161 2 87
161 2 0
161 2 0
161 2 0
162 2 0
162 2 449
162 2 460
162 2 725
162 2 0
162 2 0
162 2 372
162 2 55
162 2 252
162 2 915
162 2 0
163 1 0
163 1 450
163 1 303
163 1 959
163 1 308
163 1 49
163 1 704
163 1 386
163 1 0
163 1 0
164 1 0
164 1 357
164 1 713
164 1 795
164 1 0
164 1 0
165 1 0
165 1 698
165 1 244
165 1 567
165 1 528
165 1 361
165 1 353
165 1 0
165 1 0
165 1 0
165 1 0
166 1 0
166 1 243
166 1 120
166 1 0
166 1 0
166 1 0
166 1 195
166 1 0
167 2 0
167 2 625
167 2 224
167 2 238
167 2 966
167 2 859
167 2 882
167 2 299
167 2 0
167 2 0
167 2 0
167 2 0
168 1 0
168 1 184
168 1 893
168 1 747
168 1 674
168 1 0
168 1 0
168 1 0
168 1 0
169 2 0
169 2 643
169 2 884
169 2 0
169 2 0
169 2 745
169 2 0
169 2 0
169 2 0
170 1 0
170 1 569
170 1 152
170 1 0
170 1 0
170 1 0
170 1 0
171 2 0
171 2 198
171 2 416
171 2 507
171 2 900
171 2 433
171 2 491
171 2 242
171 2 0
171 2 0
171 2 0
171 2 0
172 2 0
172 2 723
172 2 210
172 2 667
172 2 96
172 2 76
172 2 146
172 2 0
172 2 0
173 1 0
173 1 35
173 1 858
173 1 560
173 1 0
173 1 0
174 1 0
174 1 981
174 1 482
174 1 72
174 1 901
174 1 952
174 1 0
174 1 0
174 1 0
174 1 0
175 2 0
175 2 451
175 2 0
176 1 0
176 1 155
176 1 0
176 1 0
176 1 362
176 1 0
177 1 0
177 1 924
177 1 597
177 1 517
177 1 549
177 1 286
177 1 552
177 1 241
177 1 0
177 1 0
178 1 0
178 1 684
178 1 422
178 1 21
178 1 197
178 1 687
178 1 0
178 1 0
178 1 0
178 1 0
179 2 0
179 2 194
179 2 623
179 2 347
179 2 878
179 2 378
179 2 280
179 2 169
179 2 0
179 2 0
180 1 0
180 1 618
180 1 0
180 1 0
180 1 108
180 1 639
180 1 0
180 1 0
181 2 0
181 2 103
181 2 946
181 2 631
181 2 443
181 2 427
181 2 963
181 2 344
181 2 0
181 2 0
182 2 0
182 2 61
182 2 768
182 2 159
182 2 961
182 2 629
182 2 0
182 2 0
183 2 0
183 2 770
183 2 403
183 2 851
183 2 931
183 2 363
183 2 0
183 2 0
183 2 0
183 2 0
184 2 0
184 2 100
184 2 227
184 2 649
184 2 117
184 2 206
184 2 0
184 2 0
184 2 0
184 2 0
185 2 0
185 2 256
185 2 215
185 2 691
185 2 306
185 2 962
185 2 739
185 2 0
185 2 0
185 2 0
185 2 0
186 2 0
186 2 129
186 2 203
186 2 225
186 2 358
186 2 696
186 2 519
186 2 0
186 2 0
186 2 0
186 2 0
187 1 0
187 1 486
187 1 599
187 1 879
187 1 836
187 1 585
187 1 0
187 1 0
187 1 0
187 1 0
188 2 0
188 2 671
188 2 105
188 2 228
188 2 350
188 2 0
188 2 0
188 2 0
188 2 0
189 1 0
189 1 379
189 1 285
189 1 0
189 1 0
190 1 0
190 1 953
190 1 174
190 1 355
190 1 769
190 1 0
190 1 0
190 1 0
190 1 29
190 1 0
191 1 0
191 1 333
191 1 139
191 1 260
191 1 892
191 1 138
191 1 0
191 1 0
191 1 0
191 1 0
192 2 0
192 2 483
192 2 343
192 2 575
192 2 0
192 2 0
192 2 0
192 2 75
192 2 0
193 2 0
193 2 115
193 2 821
193 2 452
193 2 926
193 2 121
193 2 896
193 2 3
193 2 547
193 2 0
193 2 0
193 2 0
193 2 0
194 2 0
194 2 20
194 2 132
194 2 444
194 2 147
194 2 278
194 2 589
194 2 0
194 2 0
194 2 0
194 2 0
195 2 0
195 2 261
195 2 533
195 2 637
195 2 0
195 2 0
195 2 0
195 2 711
195 2 439
195 2 0
195 2 0
195 2 0
195 2 0
196 2 0
196 2 258
196 2 62
196 2 405
196 2 239
196 2 620
196 2 0
196 2 0
196 2 0
196 2 0
197 2 0
197 2 111
197 2 933
197 2 0
197 2 0
197 2 0
197 2 864
197 2 375
197 2 110
197 2 0
197 2 0
198 2 0
198 2 312
198 2 302
198 2 833
198 2 658
198 2 537
198 2 300
198 2 13
198 2 0
198 2 0
198 2 0
198 2 0
199 1 0
199 1 52
199 1 1
199 1 0
199 1 0
199 1 0
199 1 209
199 1 0
199 1 0
199 1 0
199 1 0
200 2 0
200 2 70
200 2 67
200 2 48
200 2 731
200 2 0
200 2 0
201 2 0
201 2 16
201 2 388
201 2 736
201 2 766
201 2 888
201 2 572
201 2 395
201 2 0
201 2 0
202 1 0
202 1 592
202 1 729
202 1 390
202 1 0
202 1 0
202 1 0
202 1 2
202 1 0
203 1 0
203 1 804
203 1 0
203 1 0
203 1 0
203 1 219
203 1 231
203 1 0
203 1 0
204 2 0
204 2 487
204 2 775
204 2 424
204 2 935
204 2 0
204 2 0
204 2 0
204 2 594
204 2 0
204 2 0
205 1 0
205 1 234
205 1 688
205 1 968
205 1 583
205 1 0
205 1 0
205 1 0
205 1 0
206 2 0
206 2 262
206 2 213
206 2 0
206 2 0
206 2 0
206 2 65
206 2 431
206 2 0
206 2 0
207 1 0
207 1 787
207 1 889
207 1 0
207 1 0
207 1 0
207 1 0
208 1 0
208 1 702
208 1 774
208 1 315
208 1 0
208 1 0
209 1 0
209 1 886
209 1 500
209 1 987
209 1 762
209 1 0
209 1 0
209 1 0
209 1 0
210 1 0
210 1 614
210 1 337
210 1 584
210 1 0
210 1 0
210 1 0
210 1 0
211 2 0
211 2 143
211 2 26
211 2 39
211 2 359
211 2 235
211 2 957
211 2 869
211 2 0
211 2 0
212 1 0
212 1 192
212 1 421
212 1 551
212 1 0
212 1 0
213 2 0
213 2 185
213 2 958
213 2 985
213 2 51
213 2 708
213 2 274
213 2 0
213 2 0
213 2 0
213 2 0
214 2 0
214 2 780
214 2 50
214 2 527
214 2 469
214 2 0
214 2 0
214 2 0
214 2 0
215 1 0
215 1 956
215 1 179
215 1 0
215 1 0
215 1 0
215 1 19
215 1 0
215 1 0
216 1 0
216 1 540
216 1 0
216 1 0
217 1 0
217 1 77
217 1 0
217 1 0
218 1 0
218 1 474
218 1 0
218 1 0
219 1 0
219 1 0
220 1 0
220 1 0
221 1 0
221 1 0
222 1 0
222 1 0
223 1 0
223 1 0
224 1 0
224 1 0
225 1 0
225 1 0
226 1 0
226 1 0
227 1 0
227 1 0
228 1 0
228 1 0
229 2 0
229 2 822
229 2 0
229 2 0
229 2 0
229 2 0
230 1 0
230 1 521
230 1 371
230 1 12
230 1 0
230 1 0
231 1 0
231 1 270
231 1 0
231 1 0
