total cost: 339392
1 2 0
1 2 553
1 2 288
1 2 767
1 2 0
1 2 0
1 2 307
1 2 793
1 2 0
1 2 0
1 2 141
1 2 0
2 1 0
2 1 220
2 1 802
2 1 577
2 1 254
2 1 0
2 1 0
2 1 616
2 1 180
2 1 257
2 1 932
2 1 0
2 1 0
2 1 0
3 2 0
3 2 801
3 2 754
3 2 593
3 2 475
3 2 510
3 2 356
3 2 0
4 2 0
4 2 463
4 2 539
4 2 154
4 2 693
4 2 0
4 2 0
4 2 790
4 2 612
4 2 654
4 2 0
5 2 0
5 2 645
5 2 954
5 2 161
5 2 652
5 2 0
5 2 0
5 2 0
6 1 0
6 1 605
6 1 974
6 1 716
6 1 525
6 1 476
6 1 0
7 1 0
7 1 408
7 1 947
7 1 401
7 1 229
7 1 535
7 1 0
7 1 0
7 1 0
8 2 0
8 2 57
8 2 865
8 2 189
8 2 442
8 2 710
8 2 717
8 2 532
8 2 304
8 2 205
8 2 114
8 2 0
9 1 0
9 1 281
9 1 843
9 1 170
9 1 749
9 1 423
9 1 544
9 1 352
9 1 0
10 1 0
10 1 856
10 1 763
10 1 831
10 1 602
10 1 911
10 1 468
10 1 0
10 1 0
10 1 124
10 1 919
10 1 799
10 1 0
11 2 0
11 2 354
11 2 37
11 2 459
11 2 454
11 2 283
11 2 590
11 2 0
12 2 0
12 2 319
12 2 689
12 2 798
12 2 380
12 2 0
13 1 0
13 1 462
13 1 813
13 1 473
13 1 609
13 1 293
13 1 0
13 1 0
13 1 520
13 1 504
13 1 0
14 2 0
14 2 4
14 2 250
14 2 899
14 2 826
14 2 922
14 2 217
14 2 470
14 2 783
14 2 477
14 2 0
15 1 0
15 1 164
15 1 391
15 1 440
15 1 216
15 1 650
15 1 600
15 1 0
15 1 0
15 1 0
16 1 0
16 1 478
16 1 975
16 1 759
16 1 0
16 1 0
16 1 8
16 1 0
17 1 0
17 1 501
17 1 400
17 1 682
17 1 101
17 1 700
17 1 106
17 1 815
17 1 360
17 1 0
18 1 0
18 1 92
18 1 591
18 1 0
19 2 0
19 2 714
19 2 248
19 2 0
20 1 0
20 1 841
20 1 7
20 1 543
20 1 437
20 1 992
20 1 923
20 1 436
20 1 0
20 1 0
20 1 0
21 1 0
21 1 284
21 1 237
21 1 0
21 1 0
21 1 570
21 1 810
21 1 276
21 1 0
22 2 0
22 2 565
22 2 850
22 2 58
22 2 871
22 2 36
22 2 264
22 2 63
22 2 99
22 2 807
22 2 0
23 1 0
23 1 428
23 1 820
23 1 715
23 1 741
23 1 0
23 1 0
23 1 561
23 1 742
23 1 0
24 2 0
24 2 489
24 2 107
24 2 721
24 2 967
24 2 678
24 2 508
24 2 0
25 2 0
25 2 291
25 2 542
25 2 707
25 2 246
25 2 40
25 2 2
25 2 990
25 2 223
25 2 0
25 2 0
25 2 0
26 1 0
26 1 846
26 1 335
26 1 0
26 1 0
26 1 641
26 1 0
27 1 0
27 1 866
27 1 9
27 1 324
27 1 648
27 1 0
27 1 0
27 1 230
27 1 148
27 1 0
28 2 0
28 2 816
28 2 863
28 2 868
28 2 910
28 2 524
28 2 279
28 2 0
28 2 0
28 2 43
28 2 0
29 2 0
29 2 128
29 2 925
29 2 54
29 2 732
29 2 178
29 2 323
29 2 885
29 2 0
30 2 0
30 2 158
30 2 541
30 2 939
30 2 338
30 2 204
30 2 563
30 2 964
30 2 940
30 2 125
30 2 0
31 1 0
31 1 113
31 1 529
31 1 738
31 1 907
31 1 349
31 1 0
31 1 0
31 1 855
31 1 269
31 1 0
32 2 0
32 2 389
32 2 580
32 2 538
32 2 446
32 2 495
32 2 397
32 2 512
32 2 212
32 2 692
32 2 0
33 2 0
33 2 17
33 2 418
33 2 902
33 2 84
33 2 709
33 2 776
33 2 668
33 2 0
34 1 0
34 1 441
34 1 666
34 1 232
34 1 14
34 1 808
34 1 676
34 1 852
34 1 0
35 1 0
35 1 606
35 1 955
35 1 562
35 1 266
35 1 399
35 1 680
35 1 873
35 1 844
35 1 438
35 1 0
35 1 0
35 1 0
35 1 0
36 1 0
36 1 153
36 1 394
36 1 329
36 1 934
36 1 207
36 1 168
36 1 0
36 1 0
36 1 949
36 1 0
37 1 0
37 1 531
37 1 45
37 1 806
37 1 814
37 1 93
37 1 880
37 1 345
37 1 0
37 1 0
37 1 0
38 1 0
38 1 603
38 1 796
38 1 644
38 1 0
39 1 0
39 1 133
39 1 752
39 1 664
39 1 0
39 1 0
39 1 472
39 1 785
39 1 0
39 1 0
39 1 0
40 2 0
40 2 64
40 2 945
40 2 791
40 2 314
40 2 784
40 2 0
41 2 0
41 2 837
41 2 909
41 2 0
42 1 0
42 1 677
42 1 259
42 1 191
42 1 0
43 1 0
43 1 171
43 1 897
43 1 136
43 1 0
44 2 0
44 2 456
44 2 102
44 2 610
44 2 574
44 2 419
44 2 621
44 2 944
44 2 669
44 2 0
44 2 0
44 2 0
45 1 0
45 1 255
45 1 647
45 1 611
45 1 980
45 1 86
45 1 0
45 1 0
45 1 0
46 1 0
46 1 921
46 1 351
46 1 0
46 1 0
46 1 550
46 1 0
47 2 0
47 2 336
47 2 369
47 2 854
47 2 426
47 2 0
47 2 0
47 2 679
47 2 576
47 2 0
47 2 0
47 2 0
48 1 0
48 1 817
48 1 157
48 1 199
48 1 410
48 1 0
48 1 0
48 1 0
49 1 0
49 1 0
50 1 0
50 1 0
51 1 0
51 1 0
52 1 0
52 1 0
53 2 0
53 2 608
53 2 447
53 2 545
53 2 0
53 2 0
53 2 0
54 1 0
54 1 435
54 1 686
54 1 160
54 1 0
54 1 0
54 1 0
55 1 0
55 1 513
55 1 906
55 1 604
55 1 383
55 1 0
56 2 0
56 2 518
56 2 497
56 2 404
56 2 247
56 2 0
56 2 0
56 2 455
56 2 724
56 2 74
56 2 0
56 2 0
56 2 0
57 2 0
57 2 163
57 2 753
57 2 0
58 1 0
58 1 200
58 1 694
58 1 0
59 1 0
59 1 41
59 1 417
59 1 918
59 1 309
59 1 0
59 1 0
59 1 0
60 2 0
60 2 809
60 2 930
60 2 771
60 2 492
60 2 413
60 2 0
60 2 0
60 2 969
60 2 44
60 2 516
60 2 0
61 2 0
61 2 292
61 2 208
61 2 38
61 2 0
62 1 0
62 1 699
62 1 646
62 1 392
62 1 30
62 1 628
62 1 937
62 1 0
62 1 0
62 1 0
63 2 0
63 2 340
63 2 781
63 2 188
63 2 425
63 2 0
63 2 0
63 2 398
63 2 80
63 2 311
63 2 490
63 2 0
64 1 0
64 1 876
64 1 0
65 1 0
65 1 290
65 1 0
65 1 0
65 1 130
65 1 0
66 1 0
66 1 996
66 1 697
66 1 870
66 1 366
66 1 0
66 1 0
66 1 970
66 1 27
66 1 434
66 1 0
67 2 0
67 2 989
67 2 751
67 2 673
67 2 485
67 2 226
67 2 0
67 2 0
67 2 181
67 2 289
67 2 675
67 2 0
68 2 0
68 2 275
68 2 310
68 2 973
68 2 118
68 2 0
68 2 0
68 2 166
68 2 0
69 1 0
69 1 151
69 1 971
69 1 965
69 1 734
69 1 480
69 1 28
69 1 0
70 2 0
70 2 568
70 2 135
70 2 0
71 2 0
71 2 511
71 2 777
71 2 79
71 2 663
71 2 601
71 2 0
71 2 0
71 2 11
71 2 0
72 1 0
72 1 943
72 1 941
72 1 685
72 1 936
72 1 656
72 1 0
72 1 0
72 1 0
73 1 0
73 1 321
73 1 233
73 1 701
73 1 177
73 1 494
73 1 0
74 2 0
74 2 835
74 2 471
74 2 0
75 1 0
75 1 748
75 1 581
75 1 630
75 1 0
76 2 0
76 2 186
76 2 735
76 2 172
76 2 761
76 2 595
76 2 758
76 2 587
76 2 0
77 1 0
77 1 756
77 1 134
77 1 420
77 1 175
77 1 376
77 1 140
77 1 515
77 1 0
77 1 0
77 1 0
77 1 0
78 2 0
78 2 150
78 2 193
78 2 840
78 2 929
78 2 705
78 2 0
78 2 0
78 2 0
79 1 0
79 1 794
79 1 874
79 1 828
79 1 0
79 1 0
79 1 95
79 1 0
80 2 0
80 2 430
80 2 755
80 2 938
80 2 800
80 2 778
80 2 493
80 2 465
80 2 0
80 2 0
80 2 0
81 1 0
81 1 328
81 1 334
81 1 997
81 1 97
81 1 881
81 1 0
81 1 0
81 1 0
82 1 0
82 1 183
82 1 393
82 1 861
82 1 457
82 1 119
82 1 0
83 1 0
83 1 411
83 1 642
83 1 908
83 1 245
83 1 414
83 1 857
83 1 0
83 1 0
83 1 0
83 1 0
84 1 0
84 1 757
84 1 0
85 1 0
85 1 960
85 1 24
85 1 536
85 1 0
86 2 0
86 2 18
86 2 887
86 2 891
86 2 571
86 2 883
86 2 942
86 2 994
86 2 824
86 2 0
86 2 0
86 2 0
87 1 0
87 1 564
87 1 695
87 1 0
88 1 0
88 1 396
88 1 977
88 1 0
89 1 0
89 1 273
89 1 797
89 1 805
89 1 466
89 1 211
89 1 948
89 1 0
90 1 0
90 1 0
91 1 0
91 1 0
92 2 0
92 2 718
92 2 0
92 2 0
92 2 0
93 2 0
93 2 803
93 2 66
93 2 0
94 1 0
94 1 557
94 1 0
95 1 0
95 1 85
95 1 842
95 1 298
95 1 0
95 1 0
95 1 0
96 2 0
96 2 481
96 2 509
96 2 0
97 1 0
97 1 640
97 1 998
97 1 554
97 1 218
97 1 432
97 1 0
97 1 0
97 1 0
97 1 0
98 1 0
98 1 81
98 1 272
98 1 0
98 1 0
98 1 330
98 1 847
98 1 0
98 1 0
98 1 0
99 1 0
99 1 167
99 1 782
99 1 764
99 1 819
99 1 0
99 1 0
99 1 479
99 1 0
100 1 0
100 1 59
100 1 0
101 1 0
101 1 586
101 1 624
101 1 904
101 1 812
101 1 0
101 1 0
101 1 0
101 1 0
102 2 0
102 2 779
102 2 0
103 1 0
103 1 999
103 1 719
103 1 622
103 1 573
103 1 839
103 1 6
103 1 89
103 1 0
103 1 0
104 2 0
104 2 429
104 2 25
104 2 894
104 2 582
104 2 726
104 2 83
104 2 0
104 2 0
104 2 0
104 2 0
105 1 0
105 1 877
105 1 0
106 2 0
106 2 282
106 2 126
106 2 730
106 2 0
106 2 0
106 2 661
106 2 0
107 1 0
107 1 31
107 1 849
107 1 385
107 1 190
107 1 0
108 2 0
108 2 341
108 2 296
108 2 0
108 2 0
108 2 173
108 2 848
108 2 838
108 2 342
108 2 607
108 2 0
109 2 0
109 2 484
109 2 706
109 2 983
109 2 0
110 1 0
110 1 746
110 1 660
110 1 402
110 1 588
110 1 201
110 1 415
110 1 0
110 1 0
111 1 0
111 1 453
111 1 88
111 1 991
111 1 578
111 1 0
111 1 0
111 1 23
111 1 0
112 2 0
112 2 655
112 2 712
112 2 653
112 2 0
112 2 0
112 2 662
112 2 558
112 2 506
112 2 0
113 1 0
113 1 365
113 1 750
113 1 0
113 1 0
113 1 0
114 1 0
114 1 71
114 1 898
114 1 0
115 1 0
115 1 458
115 1 534
115 1 792
115 1 332
115 1 613
115 1 0
115 1 0
115 1 0
115 1 0
116 1 0
116 1 0
117 1 0
117 1 0
118 2 0
118 2 657
118 2 0
118 2 0
118 2 951
118 2 659
118 2 91
118 2 789
118 2 0
119 1 0
119 1 496
119 1 672
119 1 727
119 1 0
120 1 0
120 1 830
120 1 596
120 1 364
120 1 0
120 1 0
120 1 546
120 1 182
120 1 0
121 2 0
121 2 149
121 2 142
121 2 634
121 2 825
121 2 387
121 2 0
121 2 0
121 2 367
121 2 301
121 2 626
121 2 0
121 2 0
121 2 0
122 1 0
122 1 294
122 1 950
122 1 927
122 1 318
122 1 0
122 1 0
122 1 530
122 1 920
122 1 0
123 2 0
123 2 78
123 2 627
123 2 221
123 2 0
124 1 0
124 1 445
124 1 34
124 1 339
124 1 526
124 1 928
124 1 0
124 1 0
124 1 0
124 1 0
125 2 0
125 2 665
125 2 559
125 2 555
125 2 116
125 2 0
126 1 0
126 1 214
126 1 683
126 1 265
126 1 406
126 1 0
127 1 0
127 1 703
127 1 144
127 1 53
127 1 619
127 1 895
127 1 0
127 1 0
127 1 0
127 1 0
128 1 0
128 1 251
128 1 988
128 1 346
128 1 461
128 1 46
128 1 104
128 1 0
128 1 0
129 2 0
129 2 10
129 2 82
129 2 0
130 1 0
130 1 720
130 1 502
130 1 0
131 1 0
131 1 313
131 1 903
131 1 98
131 1 0
131 1 0
131 1 0
131 1 287
131 1 0
131 1 0
131 1 0
132 1 0
132 1 109
132 1 853
132 1 972
132 1 978
132 1 0
132 1 0
132 1 0
132 1 94
132 1 638
132 1 772
132 1 0
132 1 0
132 1 0
133 2 0
133 2 271
133 2 827
133 2 156
133 2 728
133 2 823
133 2 0
133 2 0
133 2 0
134 2 0
134 2 976
134 2 832
134 2 0
134 2 0
134 2 818
134 2 222
134 2 0
134 2 0
134 2 0
135 2 0
135 2 862
135 2 744
135 2 145
135 2 467
135 2 860
135 2 236
135 2 382
135 2 90
135 2 0
135 2 0
135 2 0
135 2 0
136 2 0
136 2 202
136 2 412
136 2 0
137 1 0
137 1 407
137 1 740
137 1 503
137 1 0
137 1 0
138 1 0
138 1 505
138 1 0
139 1 0
139 1 523
139 1 348
139 1 1000
139 1 69
139 1 165
139 1 0
139 1 0
139 1 0
139 1 0
140 2 0
140 2 42
140 2 615
140 2 327
140 2 617
140 2 381
140 2 0
141 1 0
141 1 488
141 1 320
141 1 0
141 1 0
141 1 875
141 1 195
141 1 905
141 1 0
141 1 0
142 1 0
142 1 240
142 1 249
142 1 0
142 1 0
142 1 0
142 1 811
142 1 317
142 1 0
142 1 0
142 1 0
143 1 0
143 1 187
143 1 725
143 1 0
144 1 0
144 1 670
144 1 698
144 1 35
144 1 253
144 1 760
144 1 651
144 1 0
144 1 0
145 1 0
145 1 409
145 1 743
145 1 912
145 1 0
145 1 0
146 1 0
146 1 384
146 1 0
146 1 0
146 1 32
146 1 108
146 1 0
147 1 0
147 1 15
147 1 522
147 1 499
147 1 979
147 1 0
147 1 0
147 1 0
147 1 0
148 2 0
148 2 514
148 2 690
148 2 123
148 2 498
148 2 548
148 2 834
148 2 0
148 2 0
149 1 0
149 1 995
149 1 0
150 1 0
150 1 917
150 1 859
150 1 882
150 1 299
150 1 491
150 1 433
150 1 0
150 1 0
150 1 0
150 1 0
151 2 0
151 2 127
151 2 786
151 2 0
151 2 0
151 2 0
152 2 0
152 2 448
152 2 196
152 2 131
152 2 872
152 2 681
152 2 331
152 2 326
152 2 373
152 2 0
152 2 0
152 2 0
152 2 0
153 2 0
153 2 722
153 2 986
153 2 635
153 2 464
153 2 450
153 2 0
153 2 0
153 2 765
153 2 68
153 2 0
154 2 0
154 2 982
154 2 368
154 2 914
154 2 73
154 2 263
154 2 122
154 2 890
154 2 0
154 2 0
154 2 0
154 2 0
155 1 0
155 1 374
155 1 788
155 1 137
155 1 598
155 1 377
155 1 556
155 1 0
155 1 0
155 1 0
155 1 0
156 1 0
156 1 22
156 1 316
156 1 325
156 1 566
156 1 0
156 1 0
156 1 0
156 1 305
156 1 0
157 2 0
157 2 773
157 2 0
157 2 0
157 2 913
157 2 0
158 1 0
158 1 449
158 1 460
158 1 893
158 1 597
158 1 549
158 1 286
158 1 486
158 1 915
158 1 0
158 1 0
158 1 0
158 1 0
159 1 0
159 1 277
159 1 916
159 1 56
159 1 162
159 1 633
159 1 984
159 1 579
159 1 0
159 1 0
159 1 0
159 1 0
160 2 0
160 2 5
160 2 867
160 2 267
160 2 0
160 2 0
160 2 47
160 2 0
161 2 0
161 2 357
161 2 713
161 2 829
161 2 845
161 2 295
161 2 0
161 2 0
162 1 0
162 1 243
162 1 120
162 1 0
162 1 0
162 1 0
162 1 372
162 1 0
162 1 0
162 1 0
163 2 0
163 2 625
163 2 224
163 2 981
163 2 723
163 2 210
163 2 0
163 2 0
163 2 0
163 2 0
164 1 0
164 1 370
164 1 636
164 1 733
164 1 632
164 1 0
164 1 0
164 1 0
164 1 0
165 2 0
165 2 303
165 2 482
165 2 308
165 2 105
165 2 671
165 2 961
165 2 629
165 2 0
165 2 0
166 1 0
166 1 184
166 1 194
166 1 747
166 1 674
166 1 0
166 1 0
166 1 0
166 1 0
167 2 0
167 2 60
167 2 238
167 2 242
167 2 667
167 2 76
167 2 0
167 2 0
167 2 0
167 2 0
168 2 0
168 2 643
168 2 884
168 2 0
168 2 0
168 2 745
168 2 0
168 2 0
168 2 87
168 2 0
169 2 0
169 2 176
169 2 618
169 2 0
169 2 0
169 2 112
169 2 0
170 2 0
170 2 198
170 2 129
170 2 649
170 2 878
170 2 378
170 2 280
170 2 0
170 2 0
170 2 0
170 2 0
171 2 0
171 2 966
171 2 507
171 2 117
171 2 623
171 2 252
171 2 552
171 2 241
171 2 55
171 2 0
171 2 0
172 1 0
172 1 569
172 1 152
172 1 0
172 1 0
173 2 0
173 2 155
173 2 333
173 2 451
173 2 0
174 1 0
174 1 924
174 1 227
174 1 900
174 1 169
174 1 585
174 1 836
174 1 0
174 1 0
174 1 0
174 1 0
175 1 0
175 1 684
175 1 422
175 1 21
175 1 197
175 1 687
175 1 0
175 1 0
175 1 0
175 1 0
176 1 0
176 1 416
176 1 100
176 1 517
176 1 599
176 1 3
176 1 0
176 1 0
176 1 0
176 1 0
177 1 0
177 1 268
177 1 139
177 1 892
177 1 138
177 1 0
177 1 0
177 1 0
177 1 0
178 2 0
178 2 993
178 2 737
178 2 386
178 2 0
179 1 0
179 1 72
179 1 901
179 1 959
179 1 49
179 1 704
179 1 639
179 1 0
179 1 0
180 2 0
180 2 362
180 2 146
180 2 75
180 2 0
181 2 0
181 2 103
181 2 244
181 2 567
181 2 528
181 2 361
181 2 353
181 2 443
181 2 427
181 2 0
181 2 0
181 2 0
181 2 0
182 2 0
182 2 770
182 2 403
182 2 851
182 2 931
182 2 363
182 2 0
182 2 0
182 2 0
182 2 0
183 2 0
183 2 61
183 2 946
183 2 631
183 2 533
183 2 963
183 2 858
183 2 711
183 2 0
183 2 0
184 2 0
184 2 256
184 2 215
184 2 691
184 2 306
184 2 962
184 2 739
184 2 0
184 2 0
184 2 0
184 2 0
185 2 0
185 2 322
185 2 375
185 2 0
185 2 0
186 1 0
186 1 379
186 1 768
186 1 159
186 1 343
186 1 0
186 1 0
186 1 0
186 1 0
187 2 0
187 2 953
187 2 174
187 2 355
187 2 769
187 2 278
187 2 787
187 2 65
187 2 0
187 2 0
187 2 0
187 2 0
188 1 0
188 1 560
188 1 344
188 1 0
188 1 0
189 1 0
189 1 483
189 1 452
189 1 258
189 1 926
189 1 0
189 1 0
189 1 0
189 1 0
190 2 0
190 2 52
190 2 592
190 2 575
190 2 1
190 2 521
190 2 0
190 2 0
190 2 0
190 2 0
191 2 0
191 2 115
191 2 347
191 2 358
191 2 225
191 2 696
191 2 519
191 2 121
191 2 896
191 2 547
191 2 0
191 2 0
191 2 0
191 2 0
192 2 0
192 2 228
192 2 350
192 2 0
192 2 0
192 2 0
192 2 0
193 1 0
193 1 952
193 1 96
193 1 0
193 1 0
194 2 0
194 2 20
194 2 132
194 2 444
194 2 147
194 2 26
194 2 889
194 2 0
194 2 0
194 2 0
194 2 0
195 2 0
195 2 203
195 2 234
195 2 405
195 2 239
195 2 337
195 2 537
195 2 300
195 2 0
195 2 0
195 2 0
195 2 0
196 2 0
196 2 206
196 2 285
196 2 0
196 2 0
196 2 0
196 2 0
197 2 0
197 2 261
197 2 388
197 2 736
197 2 766
197 2 0
197 2 0
197 2 0
197 2 33
197 2 0
198 1 0
198 1 821
198 1 62
198 1 390
198 1 584
198 1 0
198 1 0
199 2 0
199 2 111
199 2 933
199 2 0
199 2 0
199 2 0
199 2 864
199 2 879
199 2 231
199 2 620
199 2 0
199 2 0
200 1 0
200 1 312
200 1 302
200 1 833
200 1 658
200 1 48
200 1 0
200 1 29
200 1 0
201 2 0
201 2 70
201 2 67
201 2 968
201 2 583
201 2 935
201 2 731
201 2 0
201 2 0
202 2 0
202 2 16
202 2 702
202 2 774
202 2 315
202 2 888
202 2 0
202 2 0
203 1 0
203 1 795
203 1 0
203 1 0
203 1 0
203 1 0
204 1 0
204 1 262
204 1 0
204 1 0
204 1 0
204 1 439
204 1 0
204 1 0
204 1 0
204 1 0
205 2 0
205 2 804
205 2 886
205 2 637
205 2 0
205 2 0
205 2 0
205 2 297
205 2 822
205 2 0
205 2 0
205 2 0
205 2 0
206 1 0
206 1 487
206 1 775
206 1 0
206 1 0
206 1 0
206 1 594
206 1 551
206 1 395
206 1 0
206 1 0
207 2 0
207 2 729
207 2 424
207 2 762
207 2 0
207 2 0
207 2 0
207 2 431
207 2 0
207 2 0
208 1 0
208 1 213
208 1 500
208 1 50
208 1 572
208 1 527
208 1 0
208 1 0
208 1 0
208 1 0
209 2 0
209 2 589
209 2 39
209 2 359
209 2 235
209 2 957
209 2 869
209 2 0
209 2 0
210 2 0
210 2 614
210 2 110
210 2 260
210 2 219
210 2 0
210 2 0
211 2 0
211 2 688
211 2 540
211 2 421
211 2 192
211 2 469
211 2 19
211 2 0
211 2 0
211 2 0
211 2 0
212 1 0
212 1 185
212 1 958
212 1 179
212 1 51
212 1 0
212 1 0
212 1 0
212 1 0
213 2 0
213 2 143
213 2 474
213 2 985
213 2 708
213 2 0
213 2 0
213 2 0
213 2 0
214 1 0
214 1 956
214 1 987
214 1 780
214 1 0
214 1 77
214 1 0
214 1 0
214 1 0
214 1 0
215 1 0
215 1 371
215 1 274
215 1 0
215 1 0
215 1 0
215 1 0
216 1 0
216 1 270
216 1 12
216 1 0
216 1 0
217 1 0
217 1 209
217 1 0
217 1 0
218 1 0
218 1 13
218 1 0
218 1 0
