total cost: 342465
1 2 0
1 2 553
1 2 288
1 2 767
1 2 0
1 2 0
1 2 307
1 2 793
1 2 0
1 2 0
1 2 141
1 2 0
2 1 0
2 1 220
2 1 802
2 1 577
2 1 254
2 1 0
2 1 0
2 1 180
2 1 257
2 1 932
2 1 0
3 1 0
3 1 616
3 1 161
3 1 652
3 1 0
3 1 0
3 1 0
4 2 0
4 2 954
4 2 654
4 2 520
4 2 0
5 2 0
5 2 463
5 2 539
5 2 459
5 2 693
5 2 454
5 2 0
5 2 0
5 2 790
5 2 0
5 2 0
5 2 0
6 2 0
6 2 408
6 2 801
6 2 754
6 2 593
6 2 475
6 2 510
6 2 356
6 2 0
7 2 0
7 2 645
7 2 865
7 2 189
7 2 442
7 2 92
7 2 710
7 2 717
7 2 0
7 2 0
7 2 0
8 2 0
8 2 605
8 2 974
8 2 401
8 2 229
8 2 0
9 1 0
9 1 57
9 1 843
9 1 170
9 1 749
9 1 689
9 1 525
9 1 476
9 1 0
9 1 0
9 1 0
10 2 0
10 2 281
10 2 423
10 2 532
10 2 544
10 2 798
10 2 380
10 2 0
11 1 0
11 1 856
11 1 4
11 1 501
11 1 250
11 1 911
11 1 468
11 1 700
11 1 0
11 1 0
11 1 230
11 1 0
12 2 0
12 2 354
12 2 154
12 2 0
12 2 0
12 2 319
12 2 8
12 2 0
13 1 0
13 1 124
13 1 919
13 1 799
13 1 148
13 1 0
14 1 0
14 1 164
14 1 391
14 1 440
14 1 216
14 1 650
14 1 0
15 1 0
15 1 37
15 1 14
15 1 855
15 1 808
15 1 512
15 1 397
15 1 212
15 1 0
16 2 0
16 2 462
16 2 813
16 2 478
16 2 570
16 2 0
16 2 0
16 2 612
16 2 535
16 2 0
17 1 0
17 1 947
17 1 716
17 1 400
17 1 641
17 1 171
17 1 742
17 1 0
18 1 0
18 1 763
18 1 831
18 1 759
18 1 0
18 1 0
18 1 283
18 1 714
18 1 0
19 1 0
19 1 602
19 1 284
19 1 0
20 2 0
20 2 591
20 2 504
20 2 0
21 2 0
21 2 590
21 2 269
21 2 0
22 1 0
22 1 841
22 1 543
22 1 101
22 1 783
22 1 470
22 1 217
22 1 897
22 1 345
22 1 0
22 1 0
22 1 0
23 1 0
23 1 975
23 1 810
23 1 276
23 1 0
23 1 0
23 1 0
24 2 0
24 2 565
24 2 871
24 2 850
24 2 58
24 2 237
24 2 0
24 2 0
24 2 561
24 2 304
24 2 205
24 2 114
24 2 0
25 1 0
25 1 428
25 1 820
25 1 54
25 1 732
25 1 600
25 1 0
25 1 0
25 1 0
26 2 0
26 2 489
26 2 741
26 2 107
26 2 0
27 2 0
27 2 899
27 2 826
27 2 922
27 2 45
27 2 806
27 2 873
27 2 990
27 2 360
27 2 223
27 2 0
27 2 0
27 2 0
28 2 0
28 2 64
28 2 967
28 2 678
28 2 0
29 2 0
29 2 682
29 2 531
29 2 106
29 2 815
29 2 508
29 2 0
30 2 0
30 2 291
30 2 7
30 2 992
30 2 437
30 2 923
30 2 436
30 2 0
30 2 0
30 2 0
31 1 0
31 1 846
31 1 473
31 1 293
31 1 0
32 2 0
32 2 866
32 2 9
32 2 721
32 2 0
33 2 0
33 2 128
33 2 925
33 2 715
33 2 418
33 2 292
33 2 208
33 2 38
33 2 0
34 1 0
34 1 264
34 1 910
34 1 524
34 1 63
34 1 807
34 1 0
35 2 0
35 2 816
35 2 863
35 2 868
35 2 609
35 2 349
35 2 0
35 2 0
35 2 352
35 2 477
35 2 200
35 2 0
36 2 0
36 2 158
36 2 541
36 2 36
36 2 204
36 2 563
36 2 964
36 2 940
36 2 314
36 2 125
36 2 0
37 1 0
37 1 939
37 1 338
37 1 945
37 1 791
37 1 259
37 1 191
37 1 0
38 1 0
38 1 389
38 1 580
38 1 538
38 1 446
38 1 495
38 1 949
38 1 692
38 1 852
38 1 0
39 2 0
39 2 113
39 2 529
39 2 738
39 2 907
39 2 608
39 2 513
39 2 906
39 2 47
39 2 0
39 2 0
39 2 0
40 1 0
40 1 279
40 1 99
40 1 785
40 1 0
40 1 0
40 1 0
41 2 0
41 2 17
41 2 178
41 2 323
41 2 885
41 2 0
42 1 0
42 1 441
42 1 666
42 1 232
42 1 676
42 1 969
42 1 803
42 1 66
42 1 0
42 1 0
42 1 0
42 1 0
43 2 0
43 2 606
43 2 955
43 2 542
43 2 707
43 2 246
43 2 40
43 2 2
43 2 694
43 2 844
43 2 0
44 2 0
44 2 335
44 2 472
44 2 679
44 2 0
45 1 0
45 1 153
45 1 394
45 1 603
45 1 207
45 1 168
45 1 516
45 1 0
45 1 0
45 1 0
45 1 0
46 2 0
46 2 133
46 2 399
46 2 680
46 2 748
46 2 166
46 2 11
46 2 27
46 2 0
46 2 0
46 2 0
47 1 0
47 1 550
47 1 784
47 1 86
47 1 0
48 2 0
48 2 677
48 2 880
48 2 136
48 2 0
49 2 0
49 2 837
49 2 909
49 2 0
50 1 0
50 1 248
50 1 0
51 1 0
51 1 163
51 1 0
52 1 0
52 1 456
52 1 102
52 1 351
52 1 0
52 1 0
52 1 255
52 1 980
52 1 74
52 1 724
52 1 0
53 2 0
53 2 921
53 2 876
53 2 753
53 2 0
54 1 0
54 1 336
54 1 369
54 1 854
54 1 0
54 1 0
54 1 130
54 1 576
54 1 0
55 2 0
55 2 817
55 2 157
55 2 199
55 2 324
55 2 648
55 2 290
55 2 0
55 2 0
55 2 0
56 1 0
56 1 796
56 1 644
56 1 329
56 1 453
56 1 88
56 1 71
56 1 44
56 1 0
56 1 0
56 1 0
56 1 0
57 2 0
57 2 435
57 2 686
57 2 160
57 2 183
57 2 835
57 2 490
57 2 471
57 2 0
58 2 0
58 2 518
58 2 497
58 2 574
58 2 419
58 2 976
58 2 669
58 2 0
58 2 0
58 2 0
59 1 0
59 1 266
59 1 562
59 1 752
59 1 410
59 1 151
59 1 485
59 1 965
59 1 971
59 1 24
59 1 0
59 1 0
60 2 0
60 2 611
60 2 647
60 2 455
60 2 0
60 2 0
60 2 0
61 1 0
61 1 664
61 1 310
61 1 970
61 1 734
61 1 480
61 1 28
61 1 0
62 2 0
62 2 93
62 2 41
62 2 181
62 2 0
63 1 0
63 1 809
63 1 930
63 1 771
63 1 492
63 1 413
63 1 0
63 1 0
63 1 95
63 1 398
63 1 0
64 2 0
64 2 699
64 2 646
64 2 392
64 2 30
64 2 628
64 2 937
64 2 289
64 2 135
64 2 0
64 2 0
64 2 0
65 2 0
65 2 340
65 2 781
65 2 188
65 2 425
65 2 776
65 2 668
65 2 0
66 1 0
66 1 989
66 1 751
66 1 673
66 1 0
66 1 0
66 1 94
66 1 0
67 1 0
67 1 996
67 1 870
67 1 797
67 1 81
67 1 0
67 1 0
67 1 43
67 1 0
68 1 0
68 1 902
68 1 84
68 1 709
68 1 757
68 1 0
68 1 0
68 1 0
69 2 0
69 2 814
69 2 430
69 2 977
69 2 396
69 2 438
69 2 581
69 2 434
69 2 0
70 2 0
70 2 511
70 2 777
70 2 79
70 2 663
70 2 601
70 2 0
70 2 0
70 2 0
71 1 0
71 1 943
71 1 941
71 1 685
71 1 936
71 1 656
71 1 0
71 1 0
71 1 0
72 2 0
72 2 321
72 2 233
72 2 701
72 2 177
72 2 80
72 2 494
72 2 0
73 2 0
73 2 275
73 2 226
73 2 973
73 2 0
73 2 0
73 2 0
74 1 0
74 1 186
74 1 735
74 1 172
74 1 761
74 1 595
74 1 758
74 1 0
74 1 0
74 1 0
74 1 0
75 2 0
75 2 756
75 2 134
75 2 175
75 2 376
75 2 140
75 2 218
75 2 847
75 2 0
75 2 0
75 2 0
76 1 0
76 1 150
76 1 944
76 1 0
77 1 0
77 1 794
77 1 874
77 1 828
77 1 0
77 1 0
77 1 447
77 1 929
77 1 545
77 1 0
77 1 0
77 1 0
78 2 0
78 2 328
78 2 755
78 2 997
78 2 493
78 2 778
78 2 881
78 2 842
78 2 0
78 2 0
78 2 0
79 2 0
79 2 193
79 2 426
79 2 0
79 2 0
79 2 718
79 2 0
79 2 0
79 2 0
80 2 0
80 2 411
80 2 404
80 2 0
80 2 0
80 2 417
80 2 918
80 2 309
80 2 0
80 2 0
80 2 0
81 1 0
81 1 610
81 1 894
81 1 25
81 1 582
81 1 726
81 1 83
81 1 0
81 1 0
81 1 0
81 1 0
82 2 0
82 2 934
82 2 991
82 2 578
82 2 365
82 2 705
82 2 0
82 2 0
82 2 0
83 1 0
83 1 18
83 1 887
83 1 341
83 1 118
83 1 496
83 1 119
83 1 0
83 1 0
83 1 0
84 1 0
84 1 564
84 1 59
84 1 0
85 2 0
85 2 273
85 2 746
85 2 660
85 2 558
85 2 983
85 2 706
85 2 0
86 1 0
86 1 960
86 1 0
87 1 0
87 1 604
87 1 383
87 1 0
88 1 0
88 1 861
88 1 393
88 1 457
88 1 367
88 1 994
88 1 942
88 1 0
88 1 0
89 1 0
89 1 840
89 1 0
90 2 0
90 2 568
90 2 675
90 2 779
90 2 0
91 1 0
91 1 557
91 1 0
92 1 0
92 1 366
92 1 0
92 1 0
92 1 330
92 1 0
93 2 0
93 2 697
93 2 272
93 2 938
93 2 800
93 2 0
93 2 0
93 2 481
93 2 630
93 2 509
93 2 0
94 1 0
94 1 640
94 1 420
94 1 665
94 1 554
94 1 624
94 1 515
94 1 812
94 1 0
94 1 0
94 1 0
94 1 0
95 1 0
95 1 695
95 1 0
96 2 0
96 2 334
96 2 782
96 2 764
96 2 819
96 2 0
96 2 0
96 2 311
96 2 0
96 2 0
96 2 0
97 1 0
97 1 167
97 1 294
97 1 950
97 1 467
97 1 346
97 1 461
97 1 90
97 1 0
97 1 0
98 2 0
98 2 586
98 2 904
98 2 287
98 2 0
98 2 0
98 2 0
99 1 0
99 1 85
99 1 97
99 1 465
99 1 0
99 1 0
99 1 0
100 2 0
100 2 999
100 2 891
100 2 730
100 2 0
100 2 0
100 2 948
100 2 211
100 2 0
101 1 0
101 1 429
101 1 988
101 1 805
101 1 466
101 1 587
101 1 588
101 1 0
101 1 0
101 1 0
101 1 0
102 2 0
102 2 877
102 2 298
102 2 0
103 2 0
103 2 282
103 2 126
103 2 683
103 2 214
103 2 0
103 2 0
103 2 479
103 2 265
103 2 0
104 1 0
104 1 31
104 1 849
104 1 832
104 1 190
104 1 621
104 1 0
104 1 0
104 1 0
104 1 0
105 1 0
105 1 484
105 1 0
106 1 0
106 1 173
106 1 0
107 2 0
107 2 838
107 2 848
107 2 91
107 2 0
108 2 0
108 2 247
108 2 642
108 2 908
108 2 144
108 2 951
108 2 659
108 2 0
108 2 0
108 2 0
109 1 0
109 1 23
109 1 0
110 1 0
110 1 655
110 1 712
110 1 0
110 1 0
110 1 662
110 1 857
110 1 0
111 1 0
111 1 458
111 1 534
111 1 792
111 1 613
111 1 488
111 1 187
111 1 301
111 1 0
111 1 0
111 1 0
111 1 0
112 2 0
112 2 657
112 2 0
112 2 0
112 2 342
112 2 750
112 2 607
112 2 789
112 2 0
113 2 0
113 2 830
113 2 596
113 2 364
113 2 82
113 2 0
113 2 0
113 2 0
114 1 0
114 1 149
114 1 332
114 1 622
114 1 320
114 1 0
114 1 0
114 1 0
114 1 661
114 1 182
114 1 0
115 2 0
115 2 78
115 2 627
115 2 898
115 2 0
116 2 0
116 2 10
116 2 727
116 2 0
116 2 0
116 2 0
117 2 0
117 2 445
117 2 920
117 2 638
117 2 772
117 2 0
117 2 0
117 2 0
118 2 0
118 2 546
118 2 0
119 1 0
119 1 703
119 1 407
119 1 414
119 1 245
119 1 823
119 1 503
119 1 0
119 1 0
120 1 0
120 1 251
120 1 927
120 1 318
120 1 0
120 1 0
120 1 672
120 1 824
120 1 0
120 1 0
120 1 0
121 1 0
121 1 536
121 1 0
122 2 0
122 2 571
122 2 883
122 2 406
122 2 0
123 2 0
123 2 720
123 2 502
123 2 0
124 2 0
124 2 313
124 2 903
124 2 0
124 2 0
124 2 530
124 2 165
124 2 0
125 1 0
125 1 109
125 1 853
125 1 387
125 1 0
125 1 0
125 1 221
125 1 505
125 1 0
126 1 0
126 1 719
126 1 839
126 1 60
126 1 6
126 1 89
126 1 0
126 1 0
127 1 0
127 1 998
127 1 559
127 1 555
127 1 34
127 1 432
127 1 339
127 1 0
127 1 0
127 1 0
127 1 0
128 2 0
128 2 142
128 2 634
128 2 825
128 2 566
128 2 176
128 2 978
128 2 0
128 2 0
128 2 0
129 1 0
129 1 296
129 1 0
129 1 0
129 1 818
129 1 222
129 1 0
129 1 0
129 1 0
130 1 0
130 1 862
130 1 744
130 1 145
130 1 917
130 1 32
130 1 236
130 1 0
130 1 0
130 1 0
130 1 0
131 2 0
131 2 271
131 2 827
131 2 498
131 2 73
131 2 548
131 2 381
131 2 617
131 2 0
131 2 0
132 1 0
132 1 53
132 1 619
132 1 895
132 1 0
132 1 0
132 1 0
132 1 0
133 1 0
133 1 385
133 1 122
133 1 905
133 1 890
133 1 845
133 1 295
133 1 0
133 1 0
134 2 0
134 2 523
134 2 348
134 2 1000
134 2 69
134 2 68
134 2 0
135 1 0
135 1 42
135 1 615
135 1 327
135 1 740
135 1 0
135 1 0
135 1 0
135 1 0
136 2 0
136 2 875
136 2 506
136 2 993
136 2 0
136 2 0
136 2 0
137 2 0
137 2 240
137 2 15
137 2 526
137 2 116
137 2 928
137 2 0
137 2 0
137 2 0
138 2 0
138 2 811
138 2 317
138 2 0
139 2 0
139 2 653
139 2 448
139 2 196
139 2 872
139 2 377
139 2 0
139 2 0
139 2 202
139 2 104
139 2 0
140 1 0
140 1 670
140 1 698
140 1 35
140 1 253
140 1 760
140 1 651
140 1 0
140 1 0
141 2 0
141 2 728
141 2 123
141 2 914
141 2 357
141 2 156
141 2 834
141 2 263
141 2 297
141 2 579
141 2 829
141 2 0
141 2 0
142 2 0
142 2 409
142 2 743
142 2 860
142 2 46
142 2 382
142 2 0
143 1 0
143 1 384
143 1 362
143 1 0
144 2 0
144 2 127
144 2 626
144 2 0
144 2 0
144 2 0
145 2 0
145 2 573
145 2 859
145 2 924
145 2 882
145 2 299
145 2 491
145 2 146
145 2 0
145 2 0
146 2 0
146 2 514
146 2 690
146 2 0
147 1 0
147 1 402
147 1 636
147 1 733
147 1 635
147 1 415
147 1 0
147 1 0
147 1 0
147 1 0
148 2 0
148 2 995
148 2 786
148 2 0
148 2 0
148 2 0
149 2 0
149 2 412
149 2 372
149 2 55
149 2 0
150 2 0
150 2 681
150 2 598
150 2 326
150 2 331
150 2 373
150 2 0
150 2 0
150 2 0
151 2 0
151 2 722
151 2 98
151 2 986
151 2 0
151 2 0
151 2 765
151 2 913
151 2 0
152 2 0
152 2 982
152 2 953
152 2 984
152 2 713
152 2 0
152 2 0
153 2 0
153 2 374
153 2 788
153 2 522
153 2 249
153 2 0
153 2 0
153 2 305
153 2 0
154 1 0
154 1 22
154 1 316
154 1 972
154 1 325
154 1 5
154 1 0
154 1 0
154 1 0
154 1 0
155 2 0
155 2 773
155 2 464
155 2 632
155 2 737
155 2 0
155 2 0
155 2 0
156 2 0
156 2 277
156 2 916
156 2 962
156 2 633
156 2 162
156 2 795
156 2 0
156 2 0
157 1 0
157 1 195
157 1 112
157 1 201
157 1 0
157 1 0
158 1 0
158 1 449
158 1 460
158 1 0
158 1 0
158 1 912
158 1 0
159 1 0
159 1 725
159 1 0
160 1 0
160 1 243
160 1 884
160 1 867
160 1 0
160 1 0
160 1 0
160 1 108
160 1 0
161 1 0
161 1 625
161 1 224
161 1 238
161 1 966
161 1 210
161 1 0
161 1 0
161 1 0
161 1 0
162 2 0
162 2 370
162 2 61
162 2 443
162 2 353
162 2 427
162 2 0
162 2 0
163 2 0
163 2 303
163 2 482
163 2 308
163 2 105
163 2 961
163 2 0
163 2 0
164 2 0
164 2 450
164 2 72
164 2 959
164 2 671
164 2 209
164 2 49
164 2 386
164 2 0
164 2 0
165 1 0
165 1 184
165 1 893
165 1 747
165 1 674
165 1 0
165 1 0
165 1 0
165 1 0
166 2 0
166 2 745
166 2 0
166 2 0
166 2 556
166 2 0
167 1 0
167 1 643
167 1 0
167 1 0
167 1 569
167 1 0
168 1 0
168 1 198
168 1 507
168 1 129
168 1 649
168 1 169
168 1 378
168 1 0
168 1 0
169 1 0
169 1 137
169 1 131
169 1 979
169 1 0
169 1 0
169 1 0
169 1 0
170 1 0
170 1 981
170 1 900
170 1 117
170 1 280
170 1 0
170 1 0
170 1 0
170 1 0
171 2 0
171 2 723
171 2 667
171 2 242
171 2 433
171 2 76
171 2 0
171 2 0
172 1 0
172 1 155
172 1 0
172 1 0
172 1 451
172 1 252
172 1 915
172 1 0
172 1 0
173 1 0
173 1 268
173 1 0
173 1 0
173 1 618
173 1 0
173 1 0
173 1 0
174 2 0
174 2 684
174 2 120
174 2 517
174 2 549
174 2 286
174 2 486
174 2 552
174 2 241
174 2 0
174 2 0
175 2 0
175 2 416
175 2 227
175 2 878
175 2 206
175 2 585
175 2 879
175 2 0
175 2 0
175 2 0
175 2 0
176 1 0
176 1 368
176 1 691
176 1 174
176 1 306
176 1 0
176 1 0
176 1 0
176 1 87
176 1 0
177 2 0
177 2 194
177 2 623
177 2 347
177 2 225
177 2 358
177 2 696
177 2 519
177 2 121
177 2 0
177 2 0
177 2 0
177 2 0
178 2 0
178 2 267
178 2 197
178 2 0
178 2 0
179 2 0
179 2 333
179 2 0
180 2 0
180 2 704
180 2 639
180 2 0
181 2 0
181 2 103
181 2 244
181 2 567
181 2 528
181 2 361
181 2 858
181 2 711
181 2 0
181 2 0
182 2 0
182 2 100
182 2 597
182 2 21
182 2 139
182 2 260
182 2 219
182 2 0
182 2 0
183 1 0
183 1 770
183 1 422
183 1 0
183 1 0
183 1 0
183 1 499
183 1 322
183 1 0
183 1 0
184 1 0
184 1 256
184 1 215
184 1 355
184 1 278
184 1 787
184 1 0
184 1 0
184 1 0
184 1 0
185 1 0
185 1 379
185 1 768
185 1 159
185 1 629
185 1 952
185 1 0
185 1 0
185 1 0
185 1 0
186 2 0
186 2 901
186 2 285
186 2 0
186 2 0
187 1 0
187 1 152
187 1 0
188 1 0
188 1 560
188 1 344
188 1 0
188 1 0
189 1 0
189 1 483
189 1 343
189 1 575
189 1 0
189 1 0
189 1 0
189 1 96
189 1 75
189 1 0
189 1 0
190 1 0
190 1 946
190 1 631
190 1 533
190 1 963
190 1 769
190 1 0
190 1 0
190 1 0
190 1 0
191 1 0
191 1 115
191 1 821
191 1 452
191 1 926
191 1 0
191 1 0
191 1 0
191 1 0
192 1 0
192 1 52
192 1 258
192 1 592
192 1 62
192 1 896
192 1 0
192 1 0
192 1 0
192 1 0
193 1 0
193 1 403
193 1 851
193 1 931
193 1 363
193 1 892
193 1 0
193 1 0
193 1 0
193 1 0
194 1 0
194 1 20
194 1 132
194 1 444
194 1 147
194 1 0
194 1 0
194 1 0
194 1 29
194 1 0
195 1 0
195 1 261
195 1 16
195 1 736
195 1 388
195 1 702
195 1 0
195 1 0
195 1 0
195 1 0
196 1 0
196 1 203
196 1 836
196 1 599
196 1 375
196 1 138
196 1 0
196 1 0
197 1 0
197 1 111
197 1 933
197 1 0
197 1 0
197 1 0
197 1 864
197 1 3
197 1 547
197 1 0
197 1 0
198 1 0
198 1 312
198 1 302
198 1 833
198 1 658
198 1 0
198 1 0
198 1 0
198 1 0
199 1 0
199 1 350
199 1 0
199 1 0
199 1 0
199 1 739
199 1 0
199 1 0
200 2 0
200 2 70
200 2 67
200 2 537
200 2 300
200 2 48
200 2 620
200 2 231
200 2 0
200 2 0
201 2 0
201 2 687
201 2 614
201 2 110
201 2 13
201 2 0
201 2 0
202 2 0
202 2 262
202 2 0
202 2 0
202 2 0
202 2 439
202 2 822
202 2 0
202 2 0
202 2 0
202 2 0
203 2 0
203 2 1
203 2 804
203 2 0
203 2 0
203 2 0
203 2 33
203 2 0
204 2 0
204 2 637
204 2 886
204 2 766
204 2 315
204 2 572
204 2 888
204 2 395
204 2 0
204 2 0
204 2 0
204 2 0
205 1 0
205 1 487
205 1 775
205 1 729
205 1 390
205 1 0
205 1 0
205 1 0
205 1 594
205 1 0
205 1 0
206 2 0
206 2 234
206 2 688
206 2 405
206 2 239
206 2 583
206 2 935
206 2 337
206 2 0
206 2 0
206 2 0
206 2 0
207 2 0
207 2 213
207 2 500
207 2 469
207 2 19
207 2 0
207 2 0
208 2 0
208 2 228
208 2 774
208 2 889
208 2 0
208 2 0
208 2 0
208 2 0
209 1 0
209 1 56
209 1 589
209 1 77
209 1 359
209 1 0
209 1 0
209 1 0
209 1 0
210 1 0
210 1 968
210 1 424
210 1 421
210 1 0
210 1 0
210 1 0
210 1 65
210 1 0
210 1 0
211 1 0
211 1 143
211 1 26
211 1 39
211 1 235
211 1 0
211 1 0
211 1 0
211 1 0
212 2 0
212 2 584
212 2 371
212 2 551
212 2 0
212 2 0
213 2 0
213 2 185
213 2 958
213 2 987
213 2 762
213 2 192
213 2 527
213 2 0
213 2 0
213 2 0
213 2 0
214 2 0
214 2 780
214 2 985
214 2 51
214 2 957
214 2 869
214 2 708
214 2 12
214 2 0
214 2 0
215 2 0
215 2 956
215 2 179
215 2 540
215 2 50
215 2 0
215 2 431
215 2 274
215 2 0
215 2 0
216 1 0
216 1 474
216 1 0
216 1 0
216 1 0
216 1 731
216 1 0
216 1 0
217 1 0
217 1 521
217 1 0
217 1 0
218 1 0
218 1 270
218 1 0
218 1 0
