total cost: 348683
1 2 0
1 2 553
1 2 288
1 2 767
1 2 0
1 2 0
1 2 307
1 2 793
1 2 0
1 2 0
1 2 141
1 2 0
2 1 0
2 1 220
2 1 802
2 1 577
2 1 254
2 1 0
2 1 0
2 1 180
2 1 257
2 1 932
2 1 0
3 1 0
3 1 616
3 1 161
3 1 652
3 1 0
3 1 0
3 1 0
4 1 0
4 1 954
4 1 654
4 1 520
4 1 0
5 2 0
5 2 463
5 2 539
5 2 459
5 2 693
5 2 454
5 2 0
5 2 0
5 2 790
5 2 0
5 2 0
5 2 0
6 1 0
6 1 408
6 1 801
6 1 754
6 1 593
6 1 475
6 1 510
6 1 356
6 1 0
7 2 0
7 2 645
7 2 865
7 2 189
7 2 442
7 2 92
7 2 710
7 2 717
7 2 0
7 2 0
7 2 0
8 1 0
8 1 605
8 1 974
8 1 401
8 1 229
8 1 0
9 2 0
9 2 57
9 2 843
9 2 170
9 2 749
9 2 689
9 2 525
9 2 476
9 2 0
10 1 0
10 1 281
10 1 423
10 1 532
10 1 544
10 1 798
10 1 380
10 1 0
11 2 0
11 2 856
11 2 4
11 2 501
11 2 250
11 2 911
11 2 468
11 2 700
11 2 783
11 2 477
11 2 0
12 1 0
12 1 354
12 1 37
12 1 0
13 1 0
13 1 319
13 1 716
13 1 0
14 1 0
14 1 124
14 1 919
14 1 799
14 1 148
14 1 0
15 1 0
15 1 612
15 1 0
16 1 0
16 1 164
16 1 391
16 1 440
16 1 216
16 1 650
16 1 0
17 2 0
17 2 154
17 2 0
17 2 0
17 2 591
17 2 504
17 2 0
18 1 0
18 1 462
18 1 813
18 1 478
18 1 0
18 1 0
18 1 8
18 1 561
18 1 535
18 1 0
19 2 0
19 2 763
19 2 831
19 2 602
19 2 284
19 2 759
19 2 0
19 2 0
19 2 230
19 2 590
19 2 0
20 2 0
20 2 947
20 2 899
20 2 826
20 2 922
20 2 217
20 2 470
20 2 29
20 2 897
20 2 345
20 2 0
20 2 0
20 2 0
21 2 0
21 2 714
21 2 248
21 2 0
22 2 0
22 2 841
22 2 64
22 2 304
22 2 205
22 2 114
22 2 0
23 1 0
23 1 400
23 1 682
23 1 101
23 1 543
23 1 437
23 1 992
23 1 923
23 1 0
23 1 0
23 1 0
24 2 0
24 2 975
24 2 570
24 2 810
24 2 276
24 2 0
24 2 0
24 2 0
25 2 0
25 2 565
25 2 871
25 2 850
25 2 58
25 2 237
25 2 0
25 2 0
25 2 283
25 2 0
26 1 0
26 1 428
26 1 820
26 1 54
26 1 732
26 1 600
26 1 0
26 1 0
26 1 0
27 2 0
27 2 291
27 2 7
27 2 967
27 2 678
27 2 508
27 2 0
28 2 0
28 2 846
28 2 473
28 2 293
28 2 0
29 2 0
29 2 489
29 2 741
29 2 107
29 2 0
30 2 0
30 2 641
30 2 171
30 2 742
30 2 0
31 1 0
31 1 128
31 1 925
31 1 9
31 1 721
31 1 0
32 1 0
32 1 866
32 1 17
32 1 418
32 1 292
32 1 208
32 1 38
32 1 0
33 1 0
33 1 264
33 1 910
33 1 524
33 1 63
33 1 807
33 1 0
34 2 0
34 2 816
34 2 863
34 2 868
34 2 609
34 2 349
34 2 0
34 2 0
34 2 352
34 2 0
35 1 0
35 1 158
35 1 541
35 1 36
35 1 204
35 1 563
35 1 964
35 1 940
35 1 314
35 1 0
35 1 0
35 1 0
36 2 0
36 2 14
36 2 580
36 2 232
36 2 538
36 2 495
36 2 397
36 2 212
36 2 512
36 2 0
37 2 0
37 2 389
37 2 441
37 2 666
37 2 446
37 2 949
37 2 692
37 2 852
37 2 0
38 2 0
38 2 113
38 2 529
38 2 738
38 2 907
38 2 608
38 2 513
38 2 906
38 2 47
38 2 0
38 2 0
38 2 0
39 1 0
39 1 939
39 1 338
39 1 945
39 1 791
39 1 259
39 1 191
39 1 125
39 1 0
40 2 0
40 2 855
40 2 808
40 2 676
40 2 969
40 2 803
40 2 66
40 2 516
40 2 0
41 2 0
41 2 279
41 2 99
41 2 785
41 2 472
41 2 679
41 2 0
42 2 0
42 2 606
42 2 955
42 2 542
42 2 707
42 2 246
42 2 40
42 2 360
42 2 990
42 2 223
42 2 844
42 2 0
43 2 0
43 2 106
43 2 815
43 2 200
43 2 0
44 2 0
44 2 335
44 2 447
44 2 545
44 2 929
44 2 23
44 2 0
45 2 0
45 2 153
45 2 394
45 2 329
45 2 934
45 2 207
45 2 168
45 2 71
45 2 661
45 2 0
45 2 0
45 2 0
46 2 0
46 2 531
46 2 45
46 2 399
46 2 680
46 2 873
46 2 694
46 2 0
47 1 0
47 1 715
47 1 902
47 1 425
47 1 776
47 1 0
48 2 0
48 2 603
48 2 796
48 2 644
48 2 705
48 2 91
48 2 0
48 2 0
48 2 0
49 2 0
49 2 133
49 2 664
49 2 752
49 2 0
49 2 0
49 2 269
49 2 44
49 2 0
50 2 0
50 2 677
50 2 880
50 2 136
50 2 0
51 2 0
51 2 837
51 2 909
51 2 0
52 2 0
52 2 784
52 2 86
52 2 0
53 1 0
53 1 550
53 1 0
54 2 0
54 2 456
54 2 102
54 2 351
54 2 921
54 2 0
54 2 0
54 2 163
54 2 0
55 2 0
55 2 336
55 2 369
55 2 854
55 2 426
55 2 0
55 2 0
55 2 255
55 2 74
55 2 724
55 2 0
56 1 0
56 1 817
56 1 157
56 1 199
56 1 324
56 1 0
56 1 0
56 1 130
56 1 0
57 1 0
57 1 806
57 1 430
57 1 977
57 1 396
57 1 438
57 1 481
57 1 0
57 1 0
57 1 0
58 1 0
58 1 518
58 1 497
58 1 411
58 1 574
58 1 419
58 1 0
58 1 0
58 1 95
58 1 323
58 1 178
58 1 0
59 1 0
59 1 266
59 1 562
59 1 275
59 1 310
59 1 748
59 1 581
59 1 434
59 1 27
59 1 0
59 1 0
59 1 0
60 1 0
60 1 611
60 1 647
60 1 455
60 1 980
60 1 0
61 1 0
61 1 435
61 1 686
61 1 160
61 1 183
61 1 835
61 1 490
61 1 471
61 1 0
62 2 0
62 2 93
62 2 41
62 2 181
62 2 0
63 2 0
63 2 436
63 2 970
63 2 0
64 1 0
64 1 809
64 1 930
64 1 771
64 1 492
64 1 413
64 1 0
64 1 0
64 1 576
64 1 0
65 2 0
65 2 699
65 2 646
65 2 392
65 2 30
65 2 628
65 2 937
65 2 289
65 2 135
65 2 0
65 2 0
65 2 0
66 2 0
66 2 340
66 2 781
66 2 188
66 2 84
66 2 709
66 2 885
66 2 398
66 2 0
67 1 0
67 1 648
67 1 290
67 1 485
67 1 0
67 1 0
67 1 0
68 2 0
68 2 814
68 2 417
68 2 918
68 2 309
68 2 0
68 2 0
68 2 0
69 2 0
69 2 989
69 2 751
69 2 673
69 2 861
69 2 393
69 2 457
69 2 0
69 2 0
69 2 0
70 2 0
70 2 996
70 2 870
70 2 797
70 2 81
70 2 272
70 2 0
70 2 0
70 2 876
70 2 753
70 2 0
71 2 0
71 2 151
71 2 734
71 2 965
71 2 971
71 2 480
71 2 0
72 1 0
72 1 568
72 1 675
72 1 779
72 1 0
73 2 0
73 2 166
73 2 936
73 2 630
73 2 0
74 1 0
74 1 511
74 1 757
74 1 668
74 1 0
75 2 0
75 2 410
75 2 943
75 2 941
75 2 973
75 2 0
75 2 0
75 2 94
75 2 80
75 2 0
76 2 0
76 2 233
76 2 134
76 2 175
76 2 420
76 2 376
76 2 601
76 2 140
76 2 515
76 2 0
76 2 0
76 2 0
77 2 0
77 2 321
77 2 177
77 2 701
77 2 218
77 2 494
77 2 0
77 2 0
77 2 0
78 1 0
78 1 186
78 1 735
78 1 172
78 1 761
78 1 595
78 1 758
78 1 0
78 1 0
78 1 0
78 1 0
79 2 0
79 2 756
79 2 794
79 2 458
79 2 818
79 2 301
79 2 0
80 2 0
80 2 150
80 2 944
80 2 669
80 2 857
80 2 0
81 2 0
81 2 193
81 2 840
81 2 0
81 2 0
81 2 43
81 2 11
81 2 0
82 1 0
82 1 328
82 1 755
82 1 997
82 1 493
82 1 778
82 1 0
82 1 0
82 1 0
83 2 0
83 2 226
83 2 887
83 2 118
83 2 656
83 2 509
83 2 479
83 2 0
84 1 0
84 1 610
84 1 894
84 1 25
84 1 582
84 1 726
84 1 83
84 1 0
84 1 0
84 1 0
84 1 0
85 2 0
85 2 18
85 2 891
85 2 341
85 2 685
85 2 0
85 2 0
85 2 960
85 2 119
85 2 28
85 2 0
86 1 0
86 1 564
86 1 695
86 1 0
87 2 0
87 2 273
87 2 746
87 2 660
87 2 558
87 2 983
87 2 706
87 2 0
88 2 0
88 2 718
88 2 0
88 2 0
88 2 0
89 1 0
89 1 404
89 1 0
89 1 0
89 1 604
89 1 383
89 1 0
90 2 0
90 2 557
90 2 0
91 1 0
91 1 330
91 1 0
91 1 0
91 1 0
92 1 0
92 1 366
92 1 800
92 1 97
92 1 842
92 1 0
92 1 0
92 1 24
92 1 0
93 1 0
93 1 697
93 1 85
93 1 881
93 1 298
93 1 0
94 2 0
94 2 640
94 2 777
94 2 665
94 2 998
94 2 554
94 2 624
94 2 904
94 2 0
94 2 0
94 2 0
95 2 0
95 2 334
95 2 938
95 2 950
95 2 467
95 2 346
95 2 461
95 2 90
95 2 0
96 2 0
96 2 167
96 2 782
96 2 764
96 2 819
96 2 0
96 2 0
96 2 586
96 2 812
96 2 847
96 2 287
96 2 0
96 2 0
96 2 0
97 2 0
97 2 999
97 2 719
97 2 622
97 2 573
97 2 942
97 2 883
97 2 265
97 2 0
97 2 0
97 2 0
98 2 0
98 2 59
98 2 173
98 2 848
98 2 838
98 2 342
98 2 607
98 2 0
99 1 0
99 1 429
99 1 805
99 1 466
99 1 587
99 1 0
100 1 0
100 1 79
100 1 663
100 1 432
100 1 0
101 1 0
101 1 948
101 1 211
101 1 0
102 2 0
102 2 282
102 2 126
102 2 683
102 2 214
102 2 727
102 2 0
102 2 0
102 2 0
103 1 0
103 1 31
103 1 849
103 1 385
103 1 190
103 1 0
104 2 0
104 2 484
104 2 0
105 2 0
105 2 877
105 2 0
106 1 0
106 1 621
106 1 951
106 1 414
106 1 0
106 1 0
106 1 311
106 1 0
106 1 0
106 1 0
107 1 0
107 1 247
107 1 908
107 1 144
107 1 245
107 1 0
107 1 0
107 1 662
107 1 112
107 1 0
108 2 0
108 2 453
108 2 88
108 2 991
108 2 578
108 2 627
108 2 0
108 2 0
108 2 33
108 2 0
109 2 0
109 2 874
109 2 828
109 2 0
109 2 0
109 2 365
109 2 750
109 2 0
109 2 0
109 2 0
110 2 0
110 2 657
110 2 703
110 2 407
110 2 659
110 2 0
110 2 0
110 2 496
110 2 994
110 2 824
110 2 0
111 2 0
111 2 830
111 2 730
111 2 0
111 2 0
111 2 655
111 2 34
111 2 339
111 2 0
111 2 0
111 2 0
112 1 0
112 1 149
112 1 534
112 1 792
112 1 613
112 1 488
112 1 187
112 1 0
112 1 0
112 1 0
112 1 0
113 1 0
113 1 294
113 1 596
113 1 145
113 1 0
113 1 0
113 1 546
113 1 789
113 1 0
114 1 0
114 1 642
114 1 832
114 1 976
114 1 875
114 1 122
114 1 905
114 1 890
114 1 0
114 1 0
114 1 0
114 1 0
115 1 0
115 1 78
115 1 898
115 1 182
115 1 0
116 2 0
116 2 445
116 2 920
116 2 638
116 2 772
116 2 0
116 2 0
116 2 0
117 1 0
117 1 332
117 1 142
117 1 634
117 1 825
117 1 387
117 1 0
117 1 0
117 1 0
117 1 530
117 1 0
118 1 0
118 1 251
118 1 927
118 1 318
118 1 0
118 1 0
118 1 672
118 1 0
119 2 0
119 2 10
119 2 82
119 2 0
120 1 0
120 1 465
120 1 0
121 1 0
121 1 571
121 1 406
121 1 202
121 1 0
121 1 0
121 1 0
122 1 0
122 1 712
122 1 653
122 1 448
122 1 681
122 1 0
122 1 0
122 1 0
122 1 536
122 1 0
123 2 0
123 2 313
123 2 903
123 2 988
123 2 0
123 2 0
123 2 367
123 2 127
123 2 626
123 2 0
123 2 0
123 2 0
124 2 0
124 2 109
124 2 853
124 2 566
124 2 972
124 2 0
124 2 0
124 2 221
124 2 0
125 1 0
125 1 720
125 1 773
125 1 98
125 1 0
125 1 0
125 1 0
125 1 165
125 1 305
125 1 0
126 2 0
126 2 862
126 2 744
126 2 60
126 2 238
126 2 210
126 2 433
126 2 0
126 2 0
126 2 0
126 2 0
127 1 0
127 1 502
127 1 986
127 1 0
127 1 0
127 1 53
127 1 619
127 1 895
127 1 0
127 1 0
127 1 0
127 1 0
128 2 0
128 2 364
128 2 743
128 2 860
128 2 236
128 2 104
128 2 46
128 2 0
129 1 0
129 1 296
129 1 0
129 1 0
129 1 523
129 1 348
129 1 1000
129 1 913
129 1 0
129 1 0
129 1 0
129 1 0
130 2 0
130 2 42
130 2 615
130 2 327
130 2 617
130 2 381
130 2 0
131 2 0
131 2 555
131 2 559
131 2 15
131 2 526
131 2 116
131 2 928
131 2 0
131 2 0
132 1 0
132 1 271
132 1 827
132 1 156
132 1 728
132 1 0
132 1 0
132 1 0
132 1 0
133 2 0
133 2 240
133 2 249
133 2 0
133 2 0
133 2 811
133 2 317
133 2 0
134 1 0
134 1 670
134 1 698
134 1 35
134 1 253
134 1 760
134 1 651
134 1 0
134 1 0
135 1 0
135 1 409
135 1 384
135 1 382
135 1 0
136 2 0
136 2 32
136 2 839
136 2 6
136 2 912
136 2 0
137 1 0
137 1 823
137 1 498
137 1 548
137 1 503
137 1 0
137 1 0
138 2 0
138 2 69
138 2 765
138 2 68
138 2 0
139 2 0
139 2 514
139 2 277
139 2 357
139 2 834
139 2 0
140 1 0
140 1 402
140 1 733
140 1 636
140 1 0
140 1 0
140 1 0
140 1 995
140 1 0
141 2 0
141 2 917
141 2 412
141 2 372
141 2 0
141 2 0
141 2 0
142 1 0
142 1 722
142 1 981
142 1 723
142 1 362
142 1 0
142 1 0
143 2 0
143 2 982
143 2 914
143 2 123
143 2 73
143 2 740
143 2 0
143 2 0
143 2 0
144 2 0
144 2 374
144 2 788
144 2 522
144 2 872
144 2 377
144 2 0
144 2 0
144 2 588
144 2 201
144 2 415
144 2 0
145 2 0
145 2 320
145 2 460
145 2 725
145 2 0
145 2 0
145 2 222
145 2 0
145 2 0
145 2 0
146 2 0
146 2 690
146 2 256
146 2 56
146 2 984
146 2 829
146 2 713
146 2 579
146 2 0
146 2 0
147 1 0
147 1 22
147 1 316
147 1 978
147 1 325
147 1 176
147 1 5
147 1 0
147 1 0
147 1 0
147 1 0
148 1 0
148 1 786
148 1 0
148 1 0
148 1 0
149 1 0
149 1 449
149 1 194
149 1 893
149 1 597
149 1 549
149 1 286
149 1 486
149 1 915
149 1 0
149 1 0
149 1 0
149 1 0
150 2 0
150 2 450
150 2 635
150 2 632
150 2 737
150 2 704
150 2 0
150 2 0
151 1 0
151 1 506
151 1 993
151 1 845
151 1 295
151 1 0
151 1 0
152 1 0
152 1 243
152 1 884
152 1 867
152 1 0
152 1 0
152 1 0
152 1 505
152 1 0
153 1 0
153 1 625
153 1 224
153 1 198
153 1 966
153 1 859
153 1 882
153 1 299
153 1 0
153 1 0
153 1 0
153 1 0
154 2 0
154 2 370
154 2 464
154 2 303
154 2 72
154 2 308
154 2 105
154 2 961
154 2 0
154 2 0
155 2 0
155 2 196
155 2 131
155 2 331
155 2 326
155 2 373
155 2 0
155 2 0
155 2 0
155 2 0
156 2 0
156 2 745
156 2 0
156 2 0
156 2 556
156 2 0
157 1 0
157 1 184
157 1 747
157 1 674
157 1 0
157 1 0
157 1 0
157 1 195
157 1 0
158 1 0
158 1 643
158 1 0
158 1 0
158 1 598
158 1 569
158 1 0
158 1 0
159 2 0
159 2 137
159 2 979
159 2 499
159 2 0
160 2 0
160 2 451
160 2 252
160 2 241
160 2 55
160 2 0
161 2 0
161 2 155
161 2 618
161 2 0
161 2 0
161 2 87
161 2 0
162 1 0
162 1 924
162 1 117
162 1 878
162 1 378
162 1 280
162 1 0
162 1 0
162 1 0
162 1 0
163 1 0
163 1 267
163 1 197
163 1 0
163 1 0
164 2 0
164 2 268
164 2 517
164 2 552
164 2 0
164 2 0
165 1 0
165 1 684
165 1 120
165 1 21
165 1 139
165 1 0
165 1 0
165 1 0
165 1 0
166 1 0
166 1 416
166 1 507
166 1 900
166 1 649
166 1 491
166 1 242
166 1 146
166 1 0
166 1 0
167 2 0
167 2 368
167 2 953
167 2 916
167 2 962
167 2 633
167 2 162
167 2 795
167 2 0
167 2 0
167 2 0
167 2 0
168 1 0
168 1 482
168 1 959
168 1 671
168 1 209
168 1 49
168 1 386
168 1 0
168 1 0
169 2 0
169 2 263
169 2 858
169 2 560
169 2 0
169 2 0
170 2 0
170 2 333
170 2 0
171 1 0
171 1 297
171 1 0
171 1 0
172 1 0
172 1 322
172 1 0
172 1 0
173 1 0
173 1 61
173 1 528
173 1 244
173 1 567
173 1 361
173 1 353
173 1 0
173 1 0
173 1 0
173 1 0
174 2 0
174 2 152
174 2 0
175 1 0
175 1 103
175 1 946
175 1 631
175 1 443
175 1 427
175 1 963
175 1 0
175 1 0
175 1 0
175 1 0
176 1 0
176 1 100
176 1 227
176 1 206
176 1 452
176 1 0
176 1 0
176 1 0
176 1 0
177 2 0
177 2 770
177 2 422
177 2 687
177 2 260
177 2 892
177 2 138
177 2 0
177 2 0
178 1 0
178 1 667
178 1 96
178 1 76
178 1 75
178 1 0
178 1 0
179 2 0
179 2 129
179 2 483
179 2 52
179 2 768
179 2 159
179 2 285
179 2 629
179 2 952
179 2 0
179 2 0
179 2 0
179 2 0
180 1 0
180 1 379
180 1 343
180 1 0
180 1 0
181 2 0
181 2 711
181 2 344
181 2 0
182 1 0
182 1 623
182 1 347
182 1 225
182 1 358
182 1 696
182 1 519
182 1 0
182 1 0
182 1 0
182 1 0
183 2 0
183 2 901
183 2 585
183 2 879
183 2 836
183 2 3
183 2 0
183 2 0
184 2 0
184 2 639
184 2 0
185 1 0
185 1 115
185 1 821
185 1 258
185 1 0
185 1 0
185 1 0
185 1 169
185 1 0
185 1 0
186 2 0
186 2 215
186 2 691
186 2 174
186 2 306
186 2 589
186 2 278
186 2 787
186 2 0
186 2 0
186 2 0
186 2 0
187 2 0
187 2 403
187 2 851
187 2 931
187 2 363
187 2 599
187 2 375
187 2 110
187 2 0
187 2 0
188 1 0
188 1 20
188 1 132
188 1 444
188 1 147
188 1 0
188 1 0
188 1 0
188 1 0
189 1 0
189 1 203
189 1 926
189 1 121
189 1 896
189 1 547
189 1 0
189 1 0
189 1 0
189 1 0
190 1 0
190 1 261
190 1 769
190 1 533
190 1 228
190 1 350
190 1 0
190 1 0
190 1 0
190 1 0
191 2 0
191 2 111
191 2 487
191 2 933
191 2 0
191 2 0
191 2 0
191 2 864
191 2 231
191 2 0
191 2 0
192 1 0
192 1 312
192 1 302
192 1 833
192 1 658
192 1 0
192 1 0
192 1 0
192 1 0
193 1 0
193 1 16
193 1 388
193 1 736
193 1 766
193 1 888
193 1 0
193 1 0
193 1 0
193 1 0
194 1 0
194 1 592
194 1 575
194 1 0
194 1 0
194 1 0
194 1 739
194 1 65
194 1 0
194 1 0
195 2 0
195 2 70
195 2 67
195 2 537
195 2 300
195 2 48
195 2 620
195 2 0
195 2 0
196 1 0
196 1 355
196 1 26
196 1 889
196 1 0
196 1 0
196 1 0
196 1 0
197 2 0
197 2 439
197 2 822
197 2 0
197 2 0
197 2 0
197 2 0
198 2 0
198 2 262
198 2 0
198 2 0
198 2 0
198 2 219
198 2 0
198 2 0
199 2 0
199 2 1
199 2 804
199 2 0
199 2 0
199 2 0
199 2 108
199 2 0
200 1 0
200 1 637
200 1 886
200 1 500
200 1 469
200 1 19
200 1 0
200 1 0
201 2 0
201 2 234
201 2 405
201 2 239
201 2 390
201 2 0
201 2 0
201 2 0
201 2 594
201 2 0
201 2 0
202 2 0
202 2 62
202 2 968
202 2 729
202 2 337
202 2 935
202 2 0
202 2 0
202 2 0
202 2 0
203 1 0
203 1 213
203 1 775
203 1 0
203 1 0
203 1 0
203 1 431
203 1 315
203 1 0
203 1 0
204 1 0
204 1 702
204 1 774
204 1 572
204 1 395
204 1 0
204 1 0
204 1 0
204 1 0
205 1 0
205 1 614
205 1 731
205 1 584
205 1 0
205 1 0
205 1 0
205 1 0
206 1 0
206 1 551
206 1 0
206 1 0
207 2 0
207 2 521
207 2 0
207 2 0
208 1 0
208 1 688
208 1 540
208 1 424
208 1 0
208 1 0
208 1 0
208 1 89
208 1 0
209 1 0
209 1 143
209 1 50
209 1 527
209 1 235
209 1 0
209 1 0
209 1 0
209 1 0
210 2 0
210 2 185
210 2 987
210 2 958
210 2 51
210 2 957
210 2 0
210 2 0
210 2 0
210 2 0
211 1 0
211 1 421
211 1 762
211 1 192
211 1 371
211 1 0
211 1 0
211 1 0
211 1 0
212 2 0
212 2 780
212 2 39
212 2 359
212 2 77
212 2 869
212 2 274
212 2 0
212 2 0
212 2 0
212 2 0
213 1 0
213 1 956
213 1 474
213 1 0
213 1 0
213 1 0
213 1 270
213 1 12
213 1 0
213 1 0
214 1 0
214 1 179
214 1 985
214 1 0
214 1 708
214 1 0
214 1 0
215 1 0
215 1 583
215 1 13
215 1 0
215 1 0
216 1 0
216 1 2
216 1 0
