total cost: 347493
1 2 0
1 2 553
1 2 288
1 2 767
1 2 0
1 2 0
1 2 307
1 2 793
1 2 0
1 2 0
1 2 141
1 2 0
2 2 0
2 2 220
2 2 802
2 2 577
2 2 254
2 2 749
2 2 0
2 2 0
2 2 180
2 2 257
2 2 932
2 2 0
3 2 0
3 2 616
3 2 161
3 2 652
3 2 0
3 2 0
3 2 0
4 1 0
4 1 954
4 1 654
4 1 520
4 1 0
5 1 0
5 1 463
5 1 539
5 1 459
5 1 693
5 1 454
5 1 0
5 1 0
5 1 790
5 1 0
5 1 0
5 1 0
6 2 0
6 2 408
6 2 801
6 2 754
6 2 593
6 2 475
6 2 510
6 2 356
6 2 0
7 1 0
7 1 645
7 1 865
7 1 189
7 1 442
7 1 92
7 1 0
7 1 0
7 1 612
7 1 0
8 2 0
8 2 605
8 2 974
8 2 401
8 2 229
8 2 0
9 1 0
9 1 57
9 1 281
9 1 843
9 1 170
9 1 689
9 1 525
9 1 476
9 1 0
10 1 0
10 1 856
10 1 4
10 1 501
10 1 250
10 1 911
10 1 468
10 1 700
10 1 0
10 1 0
10 1 230
10 1 0
11 2 0
11 2 354
11 2 154
11 2 0
11 2 0
11 2 319
11 2 8
11 2 0
12 1 0
12 1 164
12 1 717
12 1 532
12 1 423
12 1 0
13 2 0
13 2 37
13 2 389
13 2 855
13 2 808
13 2 512
13 2 397
13 2 212
13 2 0
14 2 0
14 2 124
14 2 919
14 2 799
14 2 148
14 2 0
15 2 0
15 2 462
15 2 813
15 2 478
15 2 570
15 2 0
15 2 0
15 2 591
15 2 504
15 2 0
16 2 0
16 2 947
16 2 716
16 2 400
16 2 380
16 2 798
16 2 641
16 2 742
16 2 0
17 2 0
17 2 763
17 2 831
17 2 759
17 2 237
17 2 0
17 2 0
17 2 391
17 2 0
18 1 0
18 1 710
18 1 440
18 1 216
18 1 650
18 1 95
18 1 323
18 1 178
18 1 0
19 1 0
19 1 544
19 1 64
19 1 304
19 1 205
19 1 114
19 1 0
20 1 0
20 1 602
20 1 284
20 1 171
20 1 0
21 1 0
21 1 283
21 1 714
21 1 0
22 2 0
22 2 561
22 2 535
22 2 0
23 2 0
23 2 841
23 2 7
23 2 101
23 2 543
23 2 437
23 2 992
23 2 923
23 2 436
23 2 0
23 2 0
23 2 0
24 2 0
24 2 975
24 2 810
24 2 276
24 2 0
25 2 0
25 2 565
25 2 871
25 2 850
25 2 58
25 2 36
25 2 264
25 2 99
25 2 63
25 2 807
25 2 0
26 2 0
26 2 428
26 2 820
26 2 54
26 2 732
26 2 600
26 2 0
27 2 0
27 2 489
27 2 741
27 2 107
27 2 0
28 1 0
28 1 590
28 1 269
28 1 0
29 1 0
29 1 899
29 1 826
29 1 922
29 1 531
29 1 217
29 1 0
29 1 0
29 1 352
29 1 967
29 1 0
30 2 0
30 2 291
30 2 542
30 2 133
30 2 707
30 2 246
30 2 40
30 2 360
30 2 990
30 2 0
30 2 0
30 2 0
31 2 0
31 2 682
31 2 338
31 2 939
31 2 791
31 2 945
31 2 191
31 2 259
31 2 125
31 2 0
32 1 0
32 1 473
32 1 738
32 1 609
32 1 863
32 1 0
32 1 0
32 1 248
32 1 0
33 2 0
33 2 128
33 2 925
33 2 9
33 2 721
33 2 678
33 2 815
33 2 508
33 2 0
34 2 0
34 2 816
34 2 113
34 2 910
34 2 868
34 2 349
34 2 0
34 2 0
34 2 94
34 2 0
35 1 0
35 1 866
35 1 817
35 1 199
35 1 157
35 1 485
35 1 965
35 1 971
35 1 960
35 1 0
35 1 0
35 1 0
36 1 0
36 1 158
36 1 541
36 1 204
36 1 563
36 1 964
36 1 940
36 1 314
36 1 0
36 1 0
36 1 0
37 1 0
37 1 907
37 1 846
37 1 335
37 1 0
38 2 0
38 2 17
38 2 715
38 2 902
38 2 418
38 2 84
38 2 885
38 2 398
38 2 208
38 2 0
39 2 0
39 2 14
39 2 538
39 2 446
39 2 495
39 2 949
39 2 692
39 2 852
39 2 0
40 2 0
40 2 529
40 2 603
40 2 796
40 2 608
40 2 513
40 2 906
40 2 545
40 2 0
41 1 0
41 1 783
41 1 470
41 1 106
41 1 897
41 1 345
41 1 880
41 1 0
42 1 0
42 1 524
42 1 279
42 1 785
42 1 0
42 1 0
42 1 293
42 1 0
43 1 0
43 1 606
43 1 955
43 1 562
43 1 266
43 1 399
43 1 680
43 1 873
43 1 694
43 1 844
43 1 223
43 1 0
43 1 0
44 2 0
44 2 153
44 2 394
44 2 580
44 2 666
44 2 207
44 2 676
44 2 168
44 2 803
44 2 0
44 2 0
44 2 0
45 2 0
45 2 441
45 2 644
45 2 447
45 2 705
45 2 929
45 2 23
45 2 0
46 1 0
46 1 232
46 1 969
46 1 44
46 1 516
46 1 0
47 2 0
47 2 477
47 2 200
47 2 0
48 1 0
48 1 677
48 1 41
48 1 136
48 1 0
49 2 0
49 2 837
49 2 909
49 2 0
50 2 0
50 2 472
50 2 679
50 2 0
51 2 0
51 2 784
51 2 86
51 2 0
52 1 0
52 1 550
52 1 0
53 1 0
53 1 456
53 1 102
53 1 351
53 1 0
53 1 0
53 1 255
53 1 980
53 1 74
53 1 724
53 1 0
54 2 0
54 2 921
54 2 876
54 2 753
54 2 0
55 1 0
55 1 45
55 1 809
55 1 430
55 1 334
55 1 755
55 1 800
55 1 493
55 1 778
55 1 0
55 1 0
55 1 0
55 1 0
56 2 0
56 2 336
56 2 369
56 2 854
56 2 426
56 2 0
56 2 0
56 2 163
56 2 47
56 2 0
57 2 0
57 2 806
57 2 814
57 2 93
57 2 417
57 2 181
57 2 0
58 1 0
58 1 324
58 1 648
58 1 752
58 1 664
58 1 0
58 1 0
58 1 0
59 2 0
59 2 518
59 2 497
59 2 404
59 2 642
59 2 0
59 2 0
59 2 435
59 2 835
59 2 0
60 1 0
60 1 611
60 1 647
60 1 455
60 1 0
61 2 0
61 2 576
61 2 0
61 2 0
61 2 0
62 1 0
62 1 292
62 1 38
62 1 0
62 1 0
62 1 0
63 1 0
63 1 699
63 1 646
63 1 392
63 1 30
63 1 628
63 1 937
63 1 0
63 1 0
63 1 0
64 1 0
64 1 340
64 1 781
64 1 188
64 1 425
64 1 776
64 1 668
64 1 0
64 1 0
64 1 0
65 1 0
65 1 290
65 1 410
65 1 0
65 1 0
65 1 130
65 1 0
66 1 0
66 1 996
66 1 697
66 1 870
66 1 81
66 1 289
66 1 211
66 1 0
67 1 0
67 1 989
67 1 751
67 1 673
67 1 0
67 1 0
67 1 160
67 1 686
67 1 490
67 1 0
68 2 0
68 2 970
68 2 27
68 2 434
68 2 0
69 2 0
69 2 275
69 2 310
69 2 581
69 2 936
69 2 630
69 2 0
70 1 0
70 1 151
70 1 734
70 1 480
70 1 28
70 1 0
71 2 0
71 2 568
71 2 918
71 2 309
71 2 0
71 2 0
71 2 0
72 2 0
72 2 166
72 2 438
72 2 0
73 2 0
73 2 511
73 2 777
73 2 79
73 2 663
73 2 601
73 2 0
73 2 0
73 2 11
73 2 0
74 2 0
74 2 943
74 2 941
74 2 685
74 2 509
74 2 481
74 2 0
74 2 0
74 2 0
75 1 0
75 1 233
75 1 134
75 1 175
75 1 420
75 1 376
75 1 140
75 1 218
75 1 701
75 1 0
75 1 0
75 1 0
75 1 0
76 2 0
76 2 321
76 2 183
76 2 471
76 2 847
76 2 515
76 2 624
76 2 0
77 2 0
77 2 748
77 2 479
77 2 0
78 1 0
78 1 186
78 1 484
78 1 172
78 1 761
78 1 595
78 1 758
78 1 0
78 1 0
78 1 0
78 1 0
79 2 0
79 2 756
79 2 794
79 2 874
79 2 655
79 2 0
79 2 0
79 2 43
79 2 0
80 1 0
80 1 193
80 1 840
80 1 0
81 1 0
81 1 328
81 1 771
81 1 492
81 1 413
81 1 0
81 1 0
81 1 0
82 1 0
82 1 150
82 1 944
82 1 669
82 1 857
82 1 0
83 1 0
83 1 226
83 1 887
83 1 0
83 1 0
83 1 0
84 2 0
84 2 411
84 2 574
84 2 419
84 2 976
84 2 0
85 1 0
85 1 757
85 1 0
86 1 0
86 1 610
86 1 894
86 1 25
86 1 582
86 1 726
86 1 83
86 1 0
86 1 0
86 1 0
86 1 0
87 1 0
87 1 709
87 1 80
87 1 494
87 1 311
87 1 0
87 1 0
87 1 0
88 2 0
88 2 930
88 2 764
88 2 126
88 2 214
88 2 0
88 2 0
88 2 718
88 2 0
88 2 0
88 2 0
89 2 0
89 2 18
89 2 341
89 2 891
89 2 0
89 2 0
89 2 33
89 2 675
89 2 779
89 2 0
90 1 0
90 1 564
90 1 695
90 1 0
91 2 0
91 2 329
91 2 453
91 2 991
91 2 88
91 2 78
91 2 71
91 2 383
91 2 0
91 2 0
91 2 0
92 1 0
92 1 273
92 1 797
92 1 805
92 1 466
92 1 587
92 1 0
93 2 0
93 2 934
93 2 578
93 2 365
93 2 898
93 2 750
93 2 0
93 2 0
93 2 0
94 2 0
94 2 177
94 2 904
94 2 812
94 2 287
94 2 0
94 2 0
94 2 0
95 2 0
95 2 396
95 2 977
95 2 0
96 2 0
96 2 861
96 2 393
96 2 457
96 2 119
96 2 0
97 1 0
97 1 604
97 1 91
97 1 0
98 1 0
98 1 557
98 1 0
99 2 0
99 2 330
99 2 0
100 2 0
100 2 366
100 2 938
100 2 97
100 2 997
100 2 465
100 2 0
100 2 0
100 2 135
100 2 0
101 1 0
101 1 973
101 1 118
101 1 672
101 1 0
101 1 0
101 1 24
101 1 0
102 2 0
102 2 640
102 2 554
102 2 559
102 2 555
102 2 15
102 2 432
102 2 34
102 2 339
102 2 928
102 2 0
102 2 0
103 1 0
103 1 167
103 1 782
103 1 294
103 1 881
103 1 842
103 1 0
103 1 0
103 1 0
104 2 0
104 2 59
104 2 173
104 2 848
104 2 838
104 2 342
104 2 607
104 2 0
105 2 0
105 2 586
105 2 0
106 2 0
106 2 999
106 2 719
106 2 622
106 2 573
106 2 883
106 2 942
106 2 994
106 2 824
106 2 265
106 2 0
106 2 0
106 2 0
106 2 0
107 1 0
107 1 85
107 1 298
107 1 0
108 1 0
108 1 429
108 1 988
108 1 927
108 1 318
108 1 0
108 1 0
108 1 948
108 1 0
109 1 0
109 1 282
109 1 819
109 1 0
109 1 0
109 1 877
109 1 0
110 2 0
110 2 31
110 2 746
110 2 660
110 2 558
110 2 983
110 2 706
110 2 0
111 2 0
111 2 735
111 2 272
111 2 0
111 2 0
111 2 662
111 2 0
112 2 0
112 2 656
112 2 727
112 2 0
112 2 0
112 2 0
113 2 0
113 2 621
113 2 951
113 2 659
113 2 0
113 2 0
113 2 0
114 1 0
114 1 247
114 1 908
114 1 144
114 1 245
114 1 414
114 1 789
114 1 0
114 1 0
114 1 0
114 1 0
115 1 0
115 1 496
115 1 301
115 1 127
115 1 626
115 1 0
115 1 0
115 1 0
115 1 0
116 2 0
116 2 458
116 2 534
116 2 792
116 2 613
116 2 488
116 2 187
116 2 0
116 2 0
116 2 66
116 2 0
117 1 0
117 1 0
118 2 0
118 2 657
118 2 0
118 2 0
118 2 661
118 2 182
118 2 0
119 1 0
119 1 830
119 1 0
119 1 0
119 1 546
119 1 0
120 2 0
120 2 149
120 2 332
120 2 142
120 2 320
120 2 0
120 2 0
120 2 10
120 2 82
120 2 0
121 1 0
121 1 445
121 1 638
121 1 920
121 1 0
121 1 0
121 1 0
122 2 0
122 2 665
122 2 998
122 2 522
122 2 499
122 2 979
122 2 0
122 2 0
123 2 0
123 2 530
123 2 165
123 2 0
124 1 0
124 1 703
124 1 627
124 1 221
124 1 0
125 2 0
125 2 251
125 2 720
125 2 346
125 2 461
125 2 90
125 2 0
126 1 0
126 1 571
126 1 406
126 1 202
126 1 0
126 1 0
126 1 0
127 2 0
127 2 950
127 2 596
127 2 0
127 2 0
127 2 536
127 2 0
128 1 0
128 1 828
128 1 0
128 1 0
128 1 683
128 1 0
128 1 0
128 1 0
129 1 0
129 1 730
129 1 862
129 1 0
129 1 0
129 1 367
129 1 222
129 1 0
130 2 0
130 2 313
130 2 903
130 2 0
130 2 0
130 2 190
130 2 0
131 1 0
131 1 109
131 1 853
131 1 387
131 1 0
131 1 0
131 1 29
131 1 0
132 2 0
132 2 712
132 2 653
132 2 448
132 2 681
132 2 0
132 2 0
132 2 2
132 2 0
133 1 0
133 1 502
133 1 986
133 1 98
133 1 0
133 1 0
133 1 0
133 1 818
133 1 0
133 1 0
133 1 0
134 1 0
134 1 849
134 1 832
134 1 385
134 1 122
134 1 905
134 1 890
134 1 845
134 1 295
134 1 0
134 1 0
135 1 0
135 1 364
135 1 467
135 1 46
135 1 104
135 1 0
135 1 0
136 1 0
136 1 296
136 1 0
136 1 0
136 1 53
136 1 619
136 1 895
136 1 0
136 1 0
136 1 0
136 1 0
137 2 0
137 2 407
137 2 827
137 2 156
137 2 823
137 2 548
137 2 503
137 2 381
137 2 617
137 2 0
137 2 0
137 2 0
137 2 0
138 1 0
138 1 271
138 1 728
138 1 498
138 1 73
138 1 0
138 1 0
138 1 0
138 1 0
139 1 0
139 1 145
139 1 839
139 1 60
139 1 6
139 1 89
139 1 0
139 1 0
140 2 0
140 2 634
140 2 825
140 2 566
140 2 972
140 2 978
140 2 0
140 2 0
140 2 0
141 2 0
141 2 42
141 2 615
141 2 327
141 2 740
141 2 505
141 2 0
142 1 0
142 1 240
142 1 249
142 1 0
142 1 0
142 1 0
142 1 811
142 1 772
142 1 305
142 1 0
143 1 0
143 1 32
143 1 917
143 1 912
143 1 0
144 2 0
144 2 670
144 2 698
144 2 35
144 2 253
144 2 760
144 2 651
144 2 0
144 2 0
145 2 0
145 2 409
145 2 743
145 2 860
145 2 236
145 2 723
145 2 146
145 2 433
145 2 0
145 2 0
145 2 0
145 2 0
146 2 0
146 2 875
146 2 506
146 2 993
146 2 0
146 2 0
146 2 0
147 2 0
147 2 744
147 2 625
147 2 981
147 2 72
147 2 308
147 2 105
147 2 961
147 2 0
147 2 0
148 1 0
148 1 523
148 1 348
148 1 5
148 1 325
148 1 68
148 1 0
148 1 0
149 2 0
149 2 514
149 2 914
149 2 123
149 2 834
149 2 0
150 1 0
150 1 402
150 1 733
150 1 636
150 1 737
150 1 632
150 1 0
150 1 0
150 1 0
150 1 0
151 1 0
151 1 384
151 1 382
151 1 0
152 2 0
152 2 995
152 2 786
152 2 0
152 2 0
152 2 0
153 2 0
153 2 722
153 2 773
153 2 464
153 2 635
153 2 415
153 2 201
153 2 704
153 2 0
153 2 0
153 2 0
153 2 0
154 2 0
154 2 69
154 2 1000
154 2 913
154 2 0
155 2 0
155 2 982
155 2 368
155 2 357
155 2 263
155 2 297
155 2 579
155 2 829
155 2 0
155 2 0
156 1 0
156 1 374
156 1 788
156 1 131
156 1 196
156 1 0
156 1 0
156 1 0
156 1 765
156 1 0
157 2 0
157 2 22
157 2 316
157 2 867
157 2 268
157 2 0
157 2 0
157 2 588
157 2 0
158 1 0
158 1 690
158 1 916
158 1 56
158 1 162
158 1 633
158 1 984
158 1 795
158 1 0
158 1 0
159 2 0
159 2 277
159 2 256
159 2 962
159 2 858
159 2 560
159 2 0
159 2 0
160 1 0
160 1 377
160 1 872
160 1 331
160 1 326
160 1 373
160 1 0
160 1 0
160 1 0
160 1 0
161 1 0
161 1 449
161 1 460
161 1 0
161 1 0
161 1 412
161 1 372
161 1 0
161 1 0
161 1 0
162 2 0
162 2 450
162 2 303
162 2 959
162 2 671
162 2 209
162 2 49
162 2 386
162 2 0
162 2 0
163 1 0
163 1 317
163 1 116
163 1 322
163 1 0
163 1 0
163 1 0
163 1 0
164 1 0
164 1 243
164 1 884
164 1 0
164 1 0
164 1 0
164 1 195
164 1 112
164 1 0
165 2 0
165 2 370
165 2 244
165 2 567
165 2 528
165 2 361
165 2 353
165 2 443
165 2 0
165 2 0
165 2 0
165 2 0
166 2 0
166 2 725
166 2 0
166 2 0
166 2 526
166 2 556
166 2 0
167 1 0
167 1 184
167 1 893
167 1 747
167 1 674
167 1 0
167 1 0
167 1 0
167 1 0
168 2 0
168 2 224
168 2 238
168 2 198
168 2 507
168 2 900
168 2 491
168 2 299
168 2 0
168 2 0
168 2 0
168 2 0
169 2 0
169 2 643
169 2 0
169 2 0
169 2 598
169 2 176
169 2 155
169 2 569
169 2 0
169 2 0
170 2 0
170 2 966
170 2 859
170 2 924
170 2 882
170 2 0
171 1 0
171 1 137
171 1 267
171 1 0
171 1 0
171 1 0
171 1 0
172 1 0
172 1 0
173 2 0
173 2 745
173 2 0
173 2 0
173 2 451
173 2 252
173 2 915
173 2 0
174 1 0
174 1 684
174 1 120
174 1 517
174 1 549
174 1 286
174 1 486
174 1 552
174 1 0
174 1 0
174 1 0
174 1 0
175 2 0
175 2 416
175 2 129
175 2 649
175 2 117
175 2 378
175 2 280
175 2 0
175 2 0
176 2 0
176 2 618
176 2 333
176 2 55
176 2 241
176 2 0
176 2 0
177 2 0
177 2 482
177 2 379
177 2 768
177 2 159
177 2 629
177 2 952
177 2 0
177 2 0
178 2 0
178 2 194
178 2 623
178 2 347
178 2 878
178 2 585
178 2 879
178 2 836
178 2 3
178 2 0
178 2 0
179 1 0
179 1 210
179 1 667
179 1 242
179 1 0
179 1 0
179 1 0
179 1 0
180 1 0
180 1 61
180 1 946
180 1 631
180 1 427
180 1 963
180 1 344
180 1 0
180 1 0
180 1 0
180 1 0
181 1 0
181 1 362
181 1 639
181 1 0
181 1 0
182 1 0
182 1 103
182 1 261
182 1 769
182 1 533
182 1 228
182 1 0
182 1 0
182 1 0
182 1 87
182 1 0
183 1 0
183 1 770
183 1 422
183 1 0
183 1 0
183 1 0
183 1 152
183 1 0
184 1 0
184 1 597
184 1 21
184 1 851
184 1 931
184 1 363
184 1 0
184 1 0
184 1 0
184 1 0
185 1 0
185 1 953
185 1 691
185 1 174
185 1 306
185 1 0
185 1 0
185 1 0
185 1 96
185 1 0
185 1 0
186 1 0
186 1 100
186 1 227
186 1 452
186 1 0
186 1 0
186 1 0
186 1 76
186 1 0
186 1 0
187 1 0
187 1 901
187 1 206
187 1 285
187 1 0
187 1 0
188 2 0
188 2 483
188 2 343
188 2 575
188 2 0
188 2 0
188 2 0
188 2 169
188 2 0
189 2 0
189 2 115
189 2 821
189 2 258
189 2 926
189 2 696
189 2 0
189 2 0
189 2 0
189 2 0
190 1 0
190 1 215
190 1 355
190 1 278
190 1 787
190 1 65
190 1 0
190 1 0
190 1 0
190 1 0
191 2 0
191 2 52
191 2 592
191 2 213
191 2 1
191 2 0
191 2 0
191 2 0
191 2 75
191 2 0
192 2 0
192 2 20
192 2 132
192 2 444
192 2 147
192 2 26
192 2 889
192 2 0
192 2 0
192 2 0
192 2 0
193 2 0
193 2 403
193 2 312
193 2 687
193 2 139
193 2 892
193 2 138
193 2 375
193 2 0
193 2 0
193 2 0
193 2 0
194 1 0
194 1 203
194 1 358
194 1 225
194 1 519
194 1 0
194 1 0
194 1 0
194 1 0
195 1 0
195 1 197
195 1 302
195 1 614
195 1 833
195 1 300
195 1 0
195 1 0
195 1 0
195 1 0
196 1 0
196 1 711
196 1 739
196 1 774
196 1 0
196 1 0
197 1 0
197 1 111
197 1 62
197 1 405
197 1 239
197 1 620
197 1 0
197 1 0
197 1 0
197 1 0
198 1 0
198 1 16
198 1 388
198 1 736
198 1 766
198 1 888
198 1 0
198 1 0
198 1 0
198 1 0
199 1 0
199 1 350
199 1 0
199 1 0
199 1 0
199 1 864
199 1 0
199 1 0
200 1 0
200 1 70
200 1 67
200 1 658
200 1 537
200 1 0
200 1 0
200 1 0
200 1 547
200 1 0
200 1 0
201 1 0
201 1 121
201 1 896
201 1 231
201 1 0
201 1 0
202 2 0
202 2 599
202 2 110
202 2 260
202 2 0
202 2 0
203 2 0
203 2 262
203 2 0
203 2 0
203 2 0
203 2 713
203 2 702
203 2 315
203 2 0
203 2 0
203 2 0
203 2 0
204 2 0
204 2 804
204 2 933
204 2 0
204 2 0
204 2 0
204 2 439
204 2 822
204 2 0
204 2 0
204 2 0
204 2 0
205 2 0
205 2 637
205 2 886
205 2 500
205 2 469
205 2 19
205 2 0
205 2 0
206 1 0
206 1 487
206 1 775
206 1 729
206 1 390
206 1 0
206 1 0
206 1 0
206 1 594
206 1 395
206 1 0
206 1 0
207 1 0
207 1 234
207 1 688
207 1 968
207 1 337
207 1 0
207 1 0
207 1 0
207 1 431
207 1 235
207 1 0
207 1 0
207 1 0
207 1 0
208 2 0
208 2 589
208 2 39
208 2 359
208 2 77
208 2 957
208 2 869
208 2 0
208 2 0
209 2 0
209 2 551
209 2 0
209 2 0
210 1 0
210 1 521
210 1 572
210 1 0
210 1 0
211 1 0
211 1 143
211 1 958
211 1 987
211 1 0
211 1 0
211 1 0
211 1 584
211 1 0
211 1 0
212 2 0
212 2 192
212 2 762
212 2 371
212 2 0
212 2 0
213 2 0
213 2 424
213 2 540
213 2 935
213 2 583
213 2 731
213 2 0
213 2 0
213 2 0
213 2 0
214 2 0
214 2 185
214 2 985
214 2 179
214 2 51
214 2 708
214 2 274
214 2 0
214 2 0
214 2 0
214 2 0
215 1 0
215 1 421
215 1 527
215 1 0
215 1 0
215 1 0
215 1 0
216 2 0
216 2 780
216 2 50
216 2 270
216 2 12
216 2 0
216 2 0
217 1 0
217 1 956
217 1 474
217 1 0
217 1 48
217 1 219
217 1 0
217 1 0
218 1 0
218 1 108
218 1 0
219 1 0
219 1 13
219 1 0
219 1 0
