total cost: 331314
1 2 0
1 2 553
1 2 288
1 2 767
1 2 0
1 2 0
1 2 307
1 2 793
1 2 0
1 2 0
1 2 141
1 2 0
2 2 0
2 2 220
2 2 802
2 2 577
2 2 254
2 2 749
2 2 0
2 2 0
2 2 180
2 2 257
2 2 932
2 2 0
3 2 0
3 2 616
3 2 161
3 2 652
3 2 0
3 2 0
3 2 0
4 2 0
4 2 954
4 2 654
4 2 520
4 2 0
5 1 0
5 1 463
5 1 539
5 1 459
5 1 693
5 1 454
5 1 0
5 1 0
5 1 790
5 1 0
5 1 0
5 1 0
6 1 0
6 1 408
6 1 801
6 1 754
6 1 593
6 1 475
6 1 510
6 1 356
6 1 0
7 1 0
7 1 645
7 1 865
7 1 189
7 1 442
7 1 92
7 1 0
7 1 0
7 1 612
7 1 0
8 2 0
8 2 605
8 2 974
8 2 401
8 2 229
8 2 0
9 1 0
9 1 57
9 1 281
9 1 843
9 1 170
9 1 689
9 1 525
9 1 476
9 1 0
10 2 0
10 2 856
10 2 4
10 2 501
10 2 250
10 2 911
10 2 468
10 2 700
10 2 783
10 2 477
10 2 0
11 1 0
11 1 354
11 1 0
12 1 0
12 1 319
12 1 716
12 1 0
13 2 0
13 2 124
13 2 919
13 2 799
13 2 148
13 2 0
14 1 0
14 1 164
14 1 717
14 1 532
14 1 423
14 1 0
15 1 0
15 1 37
15 1 0
16 2 0
16 2 154
16 2 0
16 2 0
16 2 591
16 2 504
16 2 0
17 2 0
17 2 462
17 2 813
17 2 478
17 2 570
17 2 0
17 2 0
17 2 8
17 2 561
17 2 535
17 2 0
18 2 0
18 2 763
18 2 831
18 2 759
18 2 237
18 2 0
18 2 0
18 2 391
18 2 0
19 1 0
19 1 947
19 1 400
19 1 682
19 1 826
19 1 380
19 1 798
19 1 0
19 1 0
19 1 230
19 1 0
20 2 0
20 2 602
20 2 284
20 2 171
20 2 641
20 2 205
20 2 114
20 2 0
21 2 0
21 2 710
21 2 440
21 2 216
21 2 650
21 2 95
21 2 323
21 2 178
21 2 0
22 1 0
22 1 544
22 1 64
22 1 304
22 1 352
22 1 742
22 1 0
23 1 0
23 1 714
23 1 248
23 1 0
24 1 0
24 1 841
24 1 101
24 1 7
24 1 543
24 1 437
24 1 992
24 1 923
24 1 0
24 1 0
24 1 0
25 1 0
25 1 565
25 1 871
25 1 850
25 1 58
25 1 36
25 1 264
25 1 810
25 1 276
25 1 0
25 1 0
25 1 0
26 2 0
26 2 428
26 2 820
26 2 54
26 2 732
26 2 600
26 2 0
27 2 0
27 2 489
27 2 741
27 2 107
27 2 0
28 1 0
28 1 975
28 1 43
28 1 0
29 1 0
29 1 899
29 1 922
29 1 531
29 1 45
29 1 217
29 1 470
29 1 106
29 1 897
29 1 0
29 1 0
29 1 0
30 1 0
30 1 291
30 1 866
30 1 128
30 1 9
30 1 721
30 1 967
30 1 678
30 1 508
30 1 0
31 1 0
31 1 473
31 1 738
31 1 609
31 1 863
31 1 0
31 1 0
31 1 63
31 1 99
31 1 807
31 1 0
32 1 0
32 1 816
32 1 113
32 1 910
32 1 868
32 1 0
32 1 0
32 1 283
32 1 590
32 1 269
32 1 0
33 1 0
33 1 158
33 1 541
33 1 939
33 1 338
33 1 204
33 1 563
33 1 964
33 1 940
33 1 125
33 1 0
33 1 0
33 1 0
34 1 0
34 1 389
34 1 580
34 1 441
34 1 855
34 1 232
34 1 808
34 1 512
34 1 397
34 1 0
34 1 0
34 1 0
35 2 0
35 2 907
35 2 846
35 2 335
35 2 293
35 2 949
35 2 692
35 2 0
36 1 0
36 1 17
36 1 925
36 1 418
36 1 902
36 1 84
36 1 885
36 1 398
36 1 208
36 1 0
37 1 0
37 1 529
37 1 603
37 1 796
37 1 0
38 2 0
38 2 14
38 2 538
38 2 446
38 2 495
38 2 969
38 2 852
38 2 0
39 2 0
39 2 606
39 2 955
39 2 542
39 2 707
39 2 246
39 2 40
39 2 360
39 2 990
39 2 223
39 2 844
39 2 0
40 2 0
40 2 153
40 2 394
40 2 666
40 2 207
40 2 168
40 2 803
40 2 0
40 2 0
40 2 0
41 1 0
41 1 349
41 1 0
42 2 0
42 2 715
42 2 188
42 2 781
42 2 425
42 2 776
42 2 668
42 2 0
43 2 0
43 2 524
43 2 279
43 2 785
43 2 472
43 2 513
43 2 0
43 2 0
43 2 0
44 1 0
44 1 133
44 1 815
44 1 200
44 1 345
44 1 880
44 1 0
45 2 0
45 2 791
45 2 945
45 2 259
45 2 191
45 2 0
46 2 0
46 2 837
46 2 909
46 2 0
47 2 0
47 2 677
47 2 314
47 2 0
48 2 0
48 2 784
48 2 86
48 2 0
49 2 0
49 2 550
49 2 0
50 2 0
50 2 212
50 2 516
50 2 0
51 2 0
51 2 456
51 2 102
51 2 351
51 2 921
51 2 0
51 2 0
51 2 163
51 2 906
51 2 545
51 2 0
52 1 0
52 1 336
52 1 369
52 1 854
52 1 0
52 1 0
52 1 255
52 1 980
52 1 74
52 1 724
52 1 0
53 2 0
53 2 817
53 2 157
53 2 199
53 2 324
53 2 648
53 2 290
53 2 0
53 2 0
53 2 0
54 1 0
54 1 0
55 2 0
55 2 608
55 2 447
55 2 679
55 2 576
55 2 0
55 2 0
55 2 0
56 1 0
56 1 806
56 1 814
56 1 93
56 1 136
56 1 41
56 1 0
57 1 0
57 1 518
57 1 497
57 1 404
57 1 642
57 1 0
57 1 0
57 1 435
57 1 835
57 1 0
58 1 0
58 1 266
58 1 562
58 1 664
58 1 410
58 1 151
58 1 752
58 1 970
58 1 436
58 1 11
58 1 27
58 1 0
58 1 0
59 2 0
59 2 611
59 2 647
59 2 455
59 2 0
59 2 0
59 2 0
60 1 0
60 1 130
60 1 0
61 1 0
61 1 399
61 1 680
61 1 873
61 1 694
61 1 0
62 1 0
62 1 809
62 1 930
62 1 771
62 1 492
62 1 413
62 1 0
62 1 0
62 1 94
62 1 0
63 2 0
63 2 699
63 2 646
63 2 392
63 2 30
63 2 628
63 2 937
63 2 289
63 2 135
63 2 0
63 2 0
63 2 0
64 1 0
64 1 340
64 1 756
64 1 686
64 1 0
64 1 0
64 1 292
64 1 38
64 1 0
64 1 0
64 1 0
65 1 0
65 1 989
65 1 751
65 1 673
65 1 485
65 1 0
65 1 0
65 1 876
65 1 753
65 1 0
66 2 0
66 2 996
66 2 870
66 2 797
66 2 81
66 2 272
66 2 0
66 2 0
66 2 166
66 2 0
67 2 0
67 2 644
67 2 329
67 2 934
67 2 676
67 2 71
67 2 661
67 2 44
67 2 383
67 2 0
67 2 0
67 2 0
68 2 0
68 2 160
68 2 233
68 2 701
68 2 177
68 2 490
68 2 471
68 2 0
69 2 0
69 2 275
69 2 310
69 2 973
69 2 118
69 2 0
69 2 0
69 2 0
70 2 0
70 2 181
70 2 417
70 2 918
70 2 309
70 2 0
71 1 0
71 1 511
71 1 777
71 1 79
71 1 663
71 1 0
71 1 0
71 1 47
71 1 0
72 1 0
72 1 943
72 1 18
72 1 887
72 1 496
72 1 119
72 1 0
72 1 0
72 1 0
73 1 0
73 1 321
73 1 134
73 1 218
73 1 140
73 1 515
73 1 847
73 1 0
73 1 0
73 1 0
73 1 0
74 2 0
74 2 748
74 2 581
74 2 434
74 2 0
75 2 0
75 2 186
75 2 735
75 2 172
75 2 761
75 2 595
75 2 758
75 2 587
75 2 0
76 1 0
76 1 971
76 1 965
76 1 734
76 1 480
76 1 28
76 1 0
77 1 0
77 1 150
77 1 944
77 1 669
77 1 857
77 1 0
78 1 0
78 1 794
78 1 175
78 1 420
78 1 376
78 1 601
78 1 494
78 1 80
78 1 1079
78 1 0
78 1 1079
78 1 0
79 1 0
79 1 193
79 1 426
79 1 0
79 1 0
79 1 568
79 1 675
79 1 0
80 2 0
80 2 430
80 2 334
80 2 938
80 2 755
80 2 997
80 2 493
80 2 778
80 2 0
80 2 0
80 2 0
81 2 0
81 2 328
81 2 977
81 2 396
81 2 685
81 2 936
81 2 656
81 2 630
81 2 509
81 2 0
81 2 0
81 2 0
82 1 0
82 1 183
82 1 861
82 1 393
82 1 457
82 1 960
82 1 24
82 1 0
83 1 0
83 1 226
83 1 0
84 1 0
84 1 411
84 1 574
84 1 419
84 1 976
84 1 0
84 1 0
84 1 0
85 1 0
85 1 757
85 1 0
86 2 0
86 2 610
86 2 894
86 2 25
86 2 582
86 2 726
86 2 83
86 2 415
86 2 201
86 2 0
86 2 0
86 2 0
86 2 0
87 2 0
87 2 709
87 2 557
87 2 0
88 1 0
88 1 564
88 1 840
88 1 929
88 1 705
88 1 0
88 1 0
88 1 0
89 2 0
89 2 438
89 2 481
89 2 479
89 2 0
90 2 0
90 2 941
90 2 999
90 2 891
90 2 819
90 2 730
90 2 0
90 2 0
90 2 718
90 2 0
90 2 0
90 2 0
91 1 0
91 1 273
91 1 746
91 1 660
91 1 558
91 1 983
91 1 706
91 1 0
91 1 0
92 2 0
92 2 604
92 2 23
92 2 0
93 2 0
93 2 330
93 2 287
93 2 0
93 2 0
93 2 0
94 1 0
94 1 366
94 1 800
94 1 97
94 1 465
94 1 0
94 1 0
94 1 311
94 1 0
95 2 0
95 2 697
95 2 85
95 2 881
95 2 842
95 2 298
95 2 0
96 1 0
96 1 640
96 1 998
96 1 554
96 1 586
96 1 624
96 1 0
96 1 0
96 1 0
96 1 0
97 2 0
97 2 167
97 2 782
97 2 764
97 2 126
97 2 683
97 2 0
97 2 0
97 2 33
97 2 211
97 2 0
98 1 0
98 1 695
98 1 0
99 2 0
99 2 59
99 2 173
99 2 848
99 2 838
99 2 342
99 2 607
99 2 0
100 2 0
100 2 429
100 2 805
100 2 466
100 2 484
100 2 948
100 2 0
101 2 0
101 2 282
101 2 571
101 2 672
101 2 727
101 2 0
101 2 0
101 2 0
102 2 0
102 2 31
102 2 849
102 2 832
102 2 190
102 2 621
102 2 951
102 2 0
103 1 0
103 1 341
103 1 719
103 1 622
103 1 573
103 1 883
103 1 942
103 1 994
103 1 265
103 1 0
103 1 0
103 1 0
103 1 0
104 1 0
104 1 877
104 1 779
104 1 0
105 1 0
105 1 247
105 1 908
105 1 144
105 1 245
105 1 414
105 1 659
105 1 0
105 1 0
106 1 0
106 1 874
106 1 828
106 1 0
106 1 0
106 1 662
106 1 112
106 1 0
107 2 0
107 2 453
107 2 88
107 2 991
107 2 578
107 2 627
107 2 0
107 2 0
107 2 66
107 2 0
108 1 0
108 1 458
108 1 534
108 1 792
108 1 613
108 1 488
108 1 187
108 1 0
108 1 0
108 1 0
108 1 0
109 2 0
109 2 657
109 2 703
109 2 407
109 2 750
109 2 0
109 2 0
109 2 0
110 1 0
110 1 655
110 1 712
110 1 0
110 1 0
110 1 365
110 1 91
110 1 789
110 1 0
110 1 0
110 1 0
111 2 0
111 2 830
111 2 596
111 2 364
111 2 467
111 2 10
111 2 0
111 2 0
111 2 0
112 2 0
112 2 149
112 2 332
112 2 142
112 2 320
112 2 0
112 2 0
112 2 546
112 2 182
112 2 0
113 1 0
113 1 294
113 1 950
113 1 927
113 1 318
113 1 0
113 1 0
113 1 530
113 1 920
113 1 0
114 1 0
114 1 445
114 1 348
114 1 0
115 1 0
115 1 665
115 1 559
115 1 555
115 1 34
115 1 432
115 1 339
115 1 928
115 1 0
115 1 0
115 1 0
115 1 0
116 2 0
116 2 78
116 2 898
116 2 505
116 2 0
117 1 0
117 1 214
117 1 0
117 1 0
117 1 367
117 1 301
117 1 626
117 1 0
117 1 0
117 1 0
118 2 0
118 2 251
118 2 988
118 2 0
119 1 0
119 1 904
119 1 812
119 1 0
120 1 0
120 1 720
120 1 502
120 1 346
120 1 461
120 1 90
120 1 0
120 1 0
121 1 0
121 1 313
121 1 903
121 1 0
121 1 0
121 1 536
121 1 0
122 1 0
122 1 109
122 1 853
122 1 825
122 1 0
122 1 0
122 1 82
122 1 0
122 1 0
122 1 0
123 1 0
123 1 296
123 1 0
123 1 0
123 1 818
123 1 0
123 1 0
123 1 0
124 2 0
124 2 271
124 2 827
124 2 156
124 2 728
124 2 823
124 2 0
124 2 0
124 2 0
125 1 0
125 1 862
125 1 744
125 1 917
125 1 839
125 1 6
125 1 89
125 1 0
125 1 0
125 1 0
125 1 0
126 2 0
126 2 824
126 2 412
126 2 0
127 1 0
127 1 638
127 1 772
127 1 0
127 1 0
127 1 0
128 1 0
128 1 145
128 1 32
128 1 60
128 1 912
128 1 104
128 1 46
128 1 0
128 1 0
129 2 0
129 2 221
129 2 0
130 2 0
130 2 53
130 2 619
130 2 895
130 2 0
131 1 0
131 1 385
131 1 122
131 1 905
131 1 890
131 1 845
131 1 295
131 1 0
131 1 0
132 2 0
132 2 523
132 2 995
132 2 0
132 2 0
132 2 0
133 1 0
133 1 634
133 1 387
133 1 566
133 1 0
133 1 0
133 1 0
133 1 202
133 1 0
134 2 0
134 2 42
134 2 615
134 2 327
134 2 617
134 2 381
134 2 0
135 1 0
135 1 240
135 1 15
135 1 0
135 1 0
135 1 875
135 1 506
135 1 0
136 1 0
136 1 406
136 1 108
136 1 0
137 1 0
137 1 653
137 1 448
137 1 196
137 1 0
137 1 0
137 1 0
137 1 811
137 1 317
137 1 0
137 1 0
137 1 0
138 1 0
138 1 670
138 1 698
138 1 35
138 1 253
138 1 760
138 1 651
138 1 0
138 1 0
139 2 0
139 2 409
139 2 743
139 2 860
139 2 723
139 2 236
139 2 382
139 2 0
140 2 0
140 2 69
140 2 1000
140 2 913
140 2 0
141 1 0
141 1 384
141 1 0
141 1 0
141 1 127
141 1 372
141 1 0
141 1 0
141 1 0
142 1 0
142 1 514
142 1 498
142 1 357
142 1 73
142 1 548
142 1 503
142 1 0
142 1 0
142 1 0
142 1 0
143 1 0
143 1 402
143 1 733
143 1 636
143 1 0
143 1 0
143 1 0
143 1 740
143 1 0
144 2 0
144 2 588
144 2 993
144 2 0
145 1 0
145 1 681
145 1 598
145 1 326
145 1 331
145 1 373
145 1 556
145 1 305
145 1 0
145 1 0
145 1 0
145 1 0
146 1 0
146 1 722
146 1 98
146 1 986
146 1 0
146 1 0
146 1 0
146 1 765
146 1 68
146 1 0
147 2 0
147 2 982
147 2 368
147 2 123
147 2 834
147 2 263
147 2 297
147 2 579
147 2 829
147 2 0
147 2 0
148 1 0
148 1 374
148 1 788
148 1 131
148 1 249
148 1 0
148 1 0
148 1 0
148 1 222
148 1 0
149 2 0
149 2 22
149 2 316
149 2 978
149 2 972
149 2 325
149 2 5
149 2 569
149 2 0
149 2 0
149 2 0
149 2 0
150 1 0
150 1 773
150 1 635
150 1 464
150 1 632
150 1 0
150 1 0
150 1 0
150 1 0
151 1 0
151 1 277
151 1 916
151 1 56
151 1 162
151 1 633
151 1 984
151 1 795
151 1 0
151 1 0
151 1 0
151 1 0
152 1 0
152 1 690
152 1 914
152 1 713
152 1 0
152 1 0
153 1 0
153 1 786
153 1 0
153 1 0
153 1 0
154 2 0
154 2 377
154 2 872
154 2 526
154 2 116
154 2 322
154 2 0
154 2 0
154 2 0
154 2 0
155 2 0
155 2 449
155 2 460
155 2 725
155 2 0
155 2 0
155 2 195
155 2 737
155 2 386
155 2 0
156 1 0
156 1 243
156 1 884
156 1 867
156 1 0
156 1 0
156 1 0
156 1 165
156 1 0
156 1 0
156 1 0
157 2 0
157 2 625
157 2 224
157 2 981
157 2 72
157 2 308
157 2 105
157 2 671
157 2 961
157 2 0
157 2 0
158 1 0
158 1 370
158 1 61
158 1 303
158 1 450
158 1 959
158 1 49
158 1 704
158 1 0
158 1 0
158 1 0
158 1 0
159 1 0
159 1 184
159 1 893
159 1 747
159 1 674
159 1 0
159 1 0
159 1 0
159 1 0
160 2 0
160 2 643
160 2 0
160 2 0
160 2 745
160 2 0
160 2 0
160 2 87
160 2 0
161 1 0
161 1 966
161 1 238
161 1 210
161 1 433
161 1 0
161 1 0
161 1 0
161 1 0
162 1 0
162 1 137
162 1 522
162 1 176
162 1 268
162 1 0
162 1 0
162 1 0
162 1 0
163 2 0
163 2 198
163 2 507
163 2 129
163 2 649
163 2 491
163 2 299
163 2 882
163 2 0
163 2 0
164 2 0
164 2 155
164 2 618
164 2 0
164 2 0
164 2 0
165 2 0
165 2 859
165 2 924
165 2 597
165 2 549
165 2 286
165 2 486
165 2 915
165 2 552
165 2 252
165 2 55
165 2 0
165 2 0
166 1 0
166 1 267
166 1 197
166 1 0
166 1 0
167 1 0
167 1 684
167 1 120
167 1 517
167 1 241
167 1 451
167 1 0
167 1 0
168 2 0
168 2 482
168 2 379
168 2 159
168 2 629
168 2 952
168 2 0
168 2 0
169 2 0
169 2 194
169 2 623
169 2 347
169 2 878
169 2 378
169 2 280
169 2 169
169 2 0
169 2 0
170 2 0
170 2 416
170 2 900
170 2 117
170 2 206
170 2 585
170 2 879
170 2 836
170 2 3
170 2 0
170 2 0
171 1 0
171 1 362
171 1 667
171 1 242
171 1 0
171 1 0
171 1 0
171 1 0
172 1 0
172 1 333
172 1 0
172 1 0
173 2 0
173 2 152
173 2 979
173 2 499
173 2 0
173 2 0
173 2 0
174 1 0
174 1 103
174 1 244
174 1 567
174 1 528
174 1 361
174 1 0
174 1 0
174 1 0
174 1 146
174 1 0
174 1 0
175 2 0
175 2 770
175 2 422
175 2 21
175 2 139
175 2 260
175 2 0
175 2 0
175 2 0
175 2 0
176 1 0
176 1 100
176 1 227
176 1 452
176 1 0
176 1 0
176 1 0
176 1 76
176 1 0
176 1 0
177 2 0
177 2 256
177 2 215
177 2 691
177 2 306
177 2 962
177 2 858
177 2 560
177 2 0
177 2 0
178 1 0
178 1 639
178 1 0
178 1 0
179 2 0
179 2 953
179 2 174
179 2 355
179 2 278
179 2 787
179 2 65
179 2 431
179 2 0
179 2 0
180 2 0
180 2 711
180 2 344
180 2 0
181 1 0
181 1 901
181 1 209
181 1 96
181 1 75
181 1 0
181 1 0
182 1 0
182 1 483
182 1 343
182 1 575
182 1 0
182 1 0
182 1 0
182 1 29
182 1 0
183 2 0
183 2 946
183 2 631
183 2 353
183 2 963
183 2 427
183 2 228
183 2 0
183 2 0
184 1 0
184 1 768
184 1 533
184 1 769
184 1 388
184 1 0
184 1 0
184 1 0
184 1 0
185 1 0
185 1 403
185 1 851
185 1 931
185 1 363
185 1 892
185 1 0
185 1 0
185 1 0
185 1 0
186 1 0
186 1 20
186 1 132
186 1 444
186 1 147
186 1 0
186 1 0
186 1 0
186 1 0
187 1 0
187 1 203
187 1 115
187 1 821
187 1 926
187 1 696
187 1 0
187 1 0
187 1 0
187 1 0
188 2 0
188 2 261
188 2 736
188 2 766
188 2 637
188 2 0
188 2 0
188 2 0
188 2 2
188 2 0
189 1 0
189 1 258
189 1 592
189 1 285
189 1 0
189 1 0
189 1 0
189 1 0
190 1 0
190 1 52
190 1 262
190 1 0
190 1 0
190 1 0
190 1 599
190 1 375
190 1 138
190 1 0
190 1 0
191 2 0
191 2 111
191 2 519
191 2 121
191 2 896
191 2 547
191 2 0
191 2 0
192 2 0
192 2 312
192 2 302
192 2 687
192 2 833
192 2 300
192 2 537
192 2 731
192 2 620
192 2 0
192 2 0
192 2 0
192 2 0
193 2 0
193 2 16
193 2 739
193 2 774
193 2 702
193 2 315
193 2 0
193 2 0
193 2 0
193 2 0
194 2 0
194 2 358
194 2 405
194 2 239
194 2 0
194 2 0
194 2 0
194 2 0
195 1 0
195 1 70
195 1 67
195 1 658
195 1 583
195 1 0
195 1 0
195 1 0
195 1 439
195 1 0
195 1 0
195 1 0
195 1 0
196 2 0
196 2 225
196 2 62
196 2 390
196 2 337
196 2 935
196 2 0
196 2 0
196 2 0
196 2 0
197 2 0
197 2 1
197 2 933
197 2 804
197 2 0
197 2 0
197 2 0
197 2 864
197 2 110
197 2 0
197 2 0
198 2 0
198 2 234
198 2 688
198 2 968
198 2 584
198 2 371
198 2 0
198 2 0
198 2 0
198 2 0
199 1 0
199 1 487
199 1 775
199 1 729
199 1 192
199 1 0
199 1 0
199 1 0
199 1 594
199 1 0
199 1 0
200 2 0
200 2 213
200 2 350
200 2 888
200 2 572
200 2 395
200 2 0
200 2 0
201 1 0
201 1 443
201 1 589
201 1 889
201 1 0
201 1 0
201 1 0
201 1 0
202 1 0
202 1 0
203 2 0
203 2 822
203 2 0
203 2 0
203 2 0
203 2 0
204 1 0
204 1 886
204 1 500
204 1 987
204 1 762
204 1 0
204 1 0
204 1 0
204 1 231
204 1 0
204 1 0
205 2 0
205 2 614
205 2 48
205 2 270
205 2 0
205 2 0
206 2 0
206 2 143
206 2 26
206 2 39
206 2 359
206 2 235
206 2 957
206 2 869
206 2 0
206 2 0
207 2 0
207 2 424
207 2 540
207 2 421
207 2 469
207 2 527
207 2 551
207 2 0
207 2 0
207 2 0
207 2 0
208 1 0
208 1 185
208 1 958
208 1 985
208 1 51
208 1 0
208 1 0
208 1 0
208 1 0
209 1 0
209 1 956
209 1 179
209 1 0
209 1 0
209 1 0
209 1 521
209 1 77
209 1 12
209 1 0
209 1 0
210 1 0
210 1 780
210 1 50
210 1 19
210 1 0
210 1 0
210 1 0
210 1 0
211 1 0
211 1 474
211 1 708
211 1 274
211 1 0
211 1 0
212 1 0
212 1 219
212 1 0
212 1 0
213 1 0
213 1 13
213 1 0
213 1 0
