total cost: 349334
1 2 0
1 2 553
1 2 288
1 2 767
1 2 0
1 2 0
1 2 307
1 2 793
1 2 0
1 2 0
1 2 141
1 2 0
2 1 0
2 1 220
2 1 802
2 1 577
2 1 254
2 1 0
2 1 0
2 1 180
2 1 257
2 1 932
2 1 0
3 1 0
3 1 616
3 1 161
3 1 652
3 1 0
3 1 0
3 1 0
4 1 0
4 1 954
4 1 654
4 1 520
4 1 0
5 1 0
5 1 463
5 1 539
5 1 459
5 1 693
5 1 454
5 1 0
5 1 0
5 1 790
5 1 0
5 1 0
5 1 0
6 1 0
6 1 408
6 1 801
6 1 754
6 1 593
6 1 475
6 1 510
6 1 356
6 1 0
7 2 0
7 2 645
7 2 865
7 2 189
7 2 442
7 2 92
7 2 710
7 2 717
7 2 0
7 2 0
7 2 0
8 1 0
8 1 605
8 1 974
8 1 401
8 1 229
8 1 0
9 1 0
9 1 57
9 1 843
9 1 170
9 1 749
9 1 689
9 1 525
9 1 476
9 1 0
9 1 0
9 1 0
10 2 0
10 2 281
10 2 423
10 2 532
10 2 544
10 2 798
10 2 380
10 2 0
11 2 0
11 2 856
11 2 4
11 2 501
11 2 250
11 2 911
11 2 468
11 2 700
11 2 783
11 2 477
11 2 0
12 2 0
12 2 354
12 2 37
12 2 154
12 2 0
12 2 0
12 2 230
12 2 535
12 2 0
13 2 0
13 2 319
13 2 716
13 2 0
14 1 0
14 1 164
14 1 391
14 1 440
14 1 216
14 1 650
14 1 0
15 2 0
15 2 124
15 2 919
15 2 799
15 2 148
15 2 0
16 2 0
16 2 462
16 2 813
16 2 478
16 2 570
16 2 0
16 2 0
16 2 612
16 2 8
16 2 0
17 2 0
17 2 947
17 2 400
17 2 682
17 2 826
17 2 641
17 2 171
17 2 742
17 2 0
18 1 0
18 1 763
18 1 831
18 1 759
18 1 0
18 1 0
18 1 283
18 1 590
18 1 269
18 1 0
19 1 0
19 1 602
19 1 939
19 1 975
19 1 810
19 1 276
19 1 0
19 1 0
19 1 0
20 2 0
20 2 591
20 2 504
20 2 0
21 2 0
21 2 714
21 2 248
21 2 0
22 1 0
22 1 841
22 1 543
22 1 101
22 1 531
22 1 217
22 1 470
22 1 897
22 1 0
22 1 0
22 1 0
23 2 0
23 2 565
23 2 850
23 2 58
23 2 237
23 2 338
23 2 791
23 2 945
23 2 191
23 2 0
23 2 0
23 2 0
24 1 0
24 1 428
24 1 820
24 1 54
24 1 732
24 1 600
24 1 0
24 1 0
24 1 0
25 2 0
25 2 284
25 2 106
25 2 815
25 2 360
25 2 990
25 2 223
25 2 0
26 1 0
26 1 489
26 1 741
26 1 107
26 1 0
27 2 0
27 2 304
27 2 205
27 2 678
27 2 967
27 2 0
28 2 0
28 2 899
28 2 922
28 2 45
28 2 809
28 2 814
28 2 93
28 2 880
28 2 345
28 2 136
28 2 200
28 2 0
29 2 0
29 2 64
29 2 352
29 2 114
29 2 508
29 2 0
30 2 0
30 2 291
30 2 7
30 2 992
30 2 437
30 2 923
30 2 436
30 2 0
30 2 0
30 2 0
31 2 0
31 2 473
31 2 738
31 2 609
31 2 863
31 2 349
31 2 0
31 2 0
31 2 561
31 2 0
32 2 0
32 2 128
32 2 925
32 2 9
32 2 721
32 2 0
33 2 0
33 2 866
33 2 17
33 2 418
33 2 292
33 2 208
33 2 38
33 2 0
34 2 0
34 2 846
34 2 335
34 2 807
34 2 0
35 1 0
35 1 816
35 1 113
35 1 910
35 1 524
35 1 63
35 1 279
35 1 99
35 1 550
35 1 784
35 1 964
35 1 1013
35 1 0
36 1 0
36 1 158
36 1 871
36 1 36
36 1 264
36 1 204
36 1 563
36 1 940
36 1 0
36 1 0
36 1 0
37 1 0
37 1 868
37 1 603
37 1 796
37 1 0
38 2 0
38 2 389
38 2 580
38 2 441
38 2 855
38 2 232
38 2 808
38 2 512
38 2 397
38 2 212
38 2 0
39 2 0
39 2 907
39 2 293
39 2 949
39 2 692
39 2 0
40 1 0
40 1 529
40 1 0
41 1 0
41 1 606
41 1 955
41 1 542
41 1 707
41 1 246
41 1 40
41 1 2
41 1 694
41 1 844
41 1 0
42 1 0
42 1 153
42 1 538
42 1 446
42 1 666
42 1 14
42 1 676
42 1 969
42 1 852
42 1 0
42 1 0
42 1 0
42 1 0
43 2 0
43 2 715
43 2 902
43 2 425
43 2 776
43 2 0
44 1 0
44 1 541
44 1 611
44 1 647
44 1 255
44 1 980
44 1 74
44 1 0
44 1 0
44 1 0
45 1 0
45 1 133
45 1 399
45 1 680
45 1 873
45 1 438
45 1 481
45 1 0
45 1 0
45 1 0
46 2 0
46 2 495
46 2 803
46 2 66
46 2 516
46 2 44
46 2 0
47 2 0
47 2 785
47 2 472
47 2 513
47 2 0
47 2 0
47 2 0
48 1 0
48 1 837
48 1 909
48 1 0
49 2 0
49 2 677
49 2 314
49 2 125
49 2 259
49 2 0
50 2 0
50 2 163
50 2 906
50 2 545
50 2 0
51 2 0
51 2 456
51 2 996
51 2 273
51 2 429
51 2 735
51 2 628
51 2 937
51 2 289
51 2 135
51 2 675
51 2 0
51 2 0
51 2 0
52 1 0
52 1 921
52 1 351
52 1 0
52 1 0
52 1 130
52 1 576
52 1 0
53 2 0
53 2 336
53 2 369
53 2 854
53 2 426
53 2 0
53 2 0
53 2 679
53 2 47
53 2 0
54 1 0
54 1 817
54 1 157
54 1 199
54 1 324
54 1 0
54 1 0
54 1 0
55 2 0
55 2 806
55 2 430
55 2 977
55 2 396
55 2 0
56 2 0
56 2 608
56 2 447
56 2 929
56 2 0
56 2 0
56 2 0
57 1 0
57 1 394
57 1 453
57 1 88
57 1 78
57 1 168
57 1 71
57 1 661
57 1 0
57 1 0
57 1 0
57 1 0
58 2 0
58 2 435
58 2 686
58 2 160
58 2 183
58 2 835
58 2 490
58 2 471
58 2 0
59 1 0
59 1 518
59 1 497
59 1 404
59 1 642
59 1 0
59 1 0
59 1 95
59 1 323
59 1 178
59 1 0
60 1 0
60 1 266
60 1 562
60 1 664
60 1 410
60 1 0
60 1 0
60 1 455
60 1 724
60 1 0
61 2 0
61 2 752
61 2 290
61 2 0
61 2 0
61 2 41
61 2 0
62 1 0
62 1 102
62 1 610
62 1 574
62 1 419
62 1 976
62 1 669
62 1 0
62 1 0
62 1 86
62 1 0
63 1 0
63 1 699
63 1 646
63 1 392
63 1 30
63 1 484
63 1 172
63 1 0
63 1 0
63 1 0
64 1 0
64 1 340
64 1 781
64 1 188
64 1 84
64 1 709
64 1 885
64 1 398
64 1 0
65 2 0
65 2 648
65 2 151
65 2 485
65 2 965
65 2 971
65 2 24
65 2 0
66 1 0
66 1 989
66 1 751
66 1 673
66 1 0
66 1 0
66 1 970
66 1 27
66 1 434
66 1 0
67 1 0
67 1 876
67 1 753
67 1 0
68 2 0
68 2 644
68 2 329
68 2 991
68 2 578
68 2 0
68 2 0
68 2 181
68 2 0
69 1 0
69 1 275
69 1 310
69 1 581
69 1 936
69 1 630
69 1 0
70 2 0
70 2 568
70 2 918
70 2 309
70 2 0
70 2 0
70 2 0
71 2 0
71 2 166
71 2 11
71 2 0
72 1 0
72 1 943
72 1 18
72 1 887
72 1 0
72 1 0
72 1 94
72 1 0
73 1 0
73 1 511
73 1 757
73 1 668
73 1 0
74 1 0
74 1 233
74 1 134
74 1 175
74 1 420
74 1 376
74 1 601
74 1 140
74 1 515
74 1 0
74 1 0
74 1 0
74 1 0
75 1 0
75 1 207
75 1 934
75 1 365
75 1 705
75 1 0
75 1 0
75 1 0
76 2 0
76 2 321
76 2 861
76 2 393
76 2 457
76 2 119
76 2 28
76 2 0
77 2 0
77 2 186
77 2 81
77 2 417
77 2 779
77 2 0
77 2 0
77 2 0
78 1 0
78 1 756
78 1 663
78 1 79
78 1 0
78 1 0
78 1 748
78 1 479
78 1 0
79 2 0
79 2 794
79 2 874
79 2 828
79 2 0
79 2 0
79 2 150
79 2 944
79 2 0
79 2 0
79 2 0
80 2 0
80 2 328
80 2 334
80 2 755
80 2 997
80 2 493
80 2 778
80 2 881
80 2 298
80 2 0
80 2 0
80 2 0
81 1 0
81 1 193
81 1 840
81 1 0
82 1 0
82 1 226
82 1 973
82 1 0
82 1 0
82 1 0
83 2 0
83 2 411
83 2 59
83 2 0
83 2 0
83 2 960
83 2 734
83 2 480
83 2 0
84 1 0
84 1 930
84 1 771
84 1 492
84 1 413
84 1 0
84 1 0
84 1 0
85 1 0
85 1 564
85 1 695
85 1 0
86 1 0
86 1 941
86 1 341
86 1 891
86 1 685
86 1 0
86 1 0
86 1 0
87 1 0
87 1 177
87 1 701
87 1 218
87 1 80
87 1 494
87 1 311
87 1 0
87 1 0
87 1 0
87 1 0
88 2 0
88 2 718
88 2 0
88 2 0
88 2 0
89 1 0
89 1 604
89 1 383
89 1 0
90 2 0
90 2 557
90 2 0
91 2 0
91 2 366
91 2 272
91 2 0
91 2 0
91 2 330
91 2 0
92 1 0
92 1 697
92 1 870
92 1 85
92 1 800
92 1 97
92 1 465
92 1 0
92 1 0
92 1 0
92 1 0
93 1 0
93 1 640
93 1 777
93 1 998
93 1 554
93 1 0
93 1 0
93 1 586
93 1 624
93 1 847
93 1 0
93 1 0
93 1 0
94 2 0
94 2 167
94 2 938
94 2 950
94 2 467
94 2 346
94 2 461
94 2 90
94 2 0
95 1 0
95 1 999
95 1 571
95 1 672
95 1 0
95 1 0
95 1 0
96 2 0
96 2 118
96 2 656
96 2 496
96 2 994
96 2 942
96 2 0
97 1 0
97 1 948
97 1 761
97 1 595
97 1 0
98 1 0
98 1 877
98 1 0
99 2 0
99 2 797
99 2 805
99 2 466
99 2 587
99 2 758
99 2 0
100 1 0
100 1 282
100 1 819
100 1 0
100 1 0
100 1 509
100 1 0
101 2 0
101 2 764
101 2 126
101 2 730
101 2 0
101 2 0
101 2 173
101 2 848
101 2 838
101 2 342
101 2 607
101 2 0
102 1 0
102 1 31
102 1 25
102 1 894
102 1 582
102 1 726
102 1 83
102 1 0
102 1 0
102 1 0
102 1 0
103 1 0
103 1 621
103 1 951
103 1 659
103 1 0
104 2 0
104 2 746
104 2 849
104 2 385
104 2 190
104 2 857
104 2 0
105 2 0
105 2 247
105 2 908
105 2 144
105 2 245
105 2 414
105 2 53
105 2 619
105 2 0
105 2 0
105 2 0
105 2 0
106 1 0
106 1 211
106 1 0
107 2 0
107 2 23
107 2 91
107 2 750
107 2 0
108 2 0
108 2 655
108 2 712
108 2 653
108 2 0
108 2 0
108 2 662
108 2 558
108 2 983
108 2 0
109 2 0
109 2 782
109 2 830
109 2 683
109 2 0
109 2 0
109 2 43
109 2 0
110 2 0
110 2 458
110 2 534
110 2 792
110 2 613
110 2 488
110 2 187
110 2 301
110 2 127
110 2 0
110 2 0
110 2 0
110 2 0
111 1 0
111 1 149
111 1 332
111 1 622
111 1 320
111 1 0
111 1 0
111 1 0
111 1 0
112 2 0
112 2 657
112 2 0
112 2 0
112 2 546
112 2 182
112 2 0
113 1 0
113 1 660
113 1 402
113 1 370
113 1 636
113 1 993
113 1 0
113 1 0
113 1 0
113 1 0
114 1 0
114 1 294
114 1 596
114 1 214
114 1 0
114 1 0
114 1 842
114 1 0
115 1 0
115 1 10
115 1 727
115 1 0
115 1 0
115 1 0
116 1 0
116 1 445
116 1 920
116 1 638
116 1 772
116 1 0
116 1 0
116 1 0
116 1 0
117 2 0
117 2 665
117 2 240
117 2 555
117 2 34
117 2 432
117 2 339
117 2 0
117 2 0
117 2 0
117 2 0
118 1 0
118 1 898
118 1 789
118 1 0
119 2 0
119 2 530
119 2 165
119 2 0
120 2 0
120 2 703
120 2 627
120 2 221
120 2 505
120 2 0
121 2 0
121 2 251
121 2 927
121 2 318
121 2 0
122 2 0
122 2 536
122 2 0
123 2 0
123 2 904
123 2 812
123 2 287
123 2 0
124 2 0
124 2 720
124 2 988
124 2 588
124 2 201
124 2 415
124 2 0
125 1 0
125 1 313
125 1 903
125 1 0
125 1 0
125 1 265
125 1 0
125 1 0
125 1 0
126 1 0
126 1 109
126 1 853
126 1 387
126 1 0
126 1 0
126 1 367
126 1 883
126 1 824
126 1 0
126 1 0
126 1 0
127 2 0
127 2 719
127 2 839
127 2 60
127 2 6
127 2 89
127 2 0
128 2 0
128 2 296
128 2 145
128 2 32
128 2 0
128 2 0
128 2 82
128 2 0
129 1 0
129 1 142
129 1 634
129 1 825
129 1 566
129 1 176
129 1 0
129 1 0
129 1 0
129 1 0
130 2 0
130 2 862
130 2 744
130 2 917
130 2 406
130 2 104
130 2 46
130 2 0
131 1 0
131 1 502
131 1 986
131 1 98
131 1 0
131 1 0
131 1 0
131 1 818
131 1 0
131 1 0
131 1 0
132 1 0
132 1 271
132 1 827
132 1 156
132 1 728
132 1 0
132 1 0
132 1 0
132 1 706
132 1 0
133 1 0
133 1 364
133 1 743
133 1 860
133 1 236
133 1 0
133 1 0
133 1 0
133 1 0
134 2 0
134 2 407
134 2 832
134 2 122
134 2 905
134 2 890
134 2 845
134 2 295
134 2 0
134 2 0
135 1 0
135 1 523
135 1 348
135 1 1000
135 1 69
135 1 68
135 1 0
135 1 0
136 1 0
136 1 42
136 1 615
136 1 327
136 1 617
136 1 381
136 1 0
136 1 0
137 2 0
137 2 875
137 2 506
137 2 737
137 2 632
137 2 0
138 1 0
138 1 811
138 1 317
138 1 0
138 1 0
138 1 0
139 2 0
139 2 740
139 2 503
139 2 0
140 1 0
140 1 670
140 1 698
140 1 35
140 1 253
140 1 760
140 1 651
140 1 895
140 1 0
140 1 0
140 1 0
140 1 0
141 1 0
141 1 409
141 1 384
141 1 382
141 1 0
142 2 0
142 2 823
142 2 498
142 2 548
142 2 0
143 1 0
143 1 412
143 1 372
143 1 0
143 1 0
143 1 0
144 2 0
144 2 15
144 2 526
144 2 116
144 2 928
144 2 0
145 2 0
145 2 573
145 2 859
145 2 924
145 2 882
145 2 299
145 2 491
145 2 146
145 2 0
145 2 0
146 2 0
146 2 514
146 2 690
146 2 123
146 2 834
146 2 0
147 1 0
147 1 995
147 1 0
148 2 0
148 2 305
148 2 0
149 2 0
149 2 448
149 2 196
149 2 131
149 2 522
149 2 499
149 2 979
149 2 0
149 2 0
149 2 0
149 2 0
150 2 0
150 2 681
150 2 598
150 2 326
150 2 331
150 2 373
150 2 556
150 2 0
150 2 0
151 2 0
151 2 722
151 2 981
151 2 723
151 2 433
151 2 242
151 2 0
151 2 0
151 2 0
151 2 0
152 2 0
152 2 765
152 2 0
153 1 0
153 1 559
153 1 249
153 1 872
153 1 377
153 1 0
153 1 0
153 1 0
153 1 0
154 2 0
154 2 982
154 2 368
154 2 914
154 2 73
154 2 263
154 2 297
154 2 579
154 2 829
154 2 0
154 2 0
155 2 0
155 2 374
155 2 788
155 2 137
155 2 569
155 2 0
155 2 0
156 1 0
156 1 22
156 1 316
156 1 972
156 1 978
156 1 0
156 1 0
156 1 0
156 1 0
157 2 0
157 2 222
157 2 0
157 2 0
157 2 0
158 2 0
158 2 202
158 2 0
159 1 0
159 1 773
159 1 635
159 1 464
159 1 0
159 1 0
159 1 0
159 1 195
159 1 0
160 2 0
160 2 277
160 2 916
160 2 56
160 2 162
160 2 633
160 2 984
160 2 795
160 2 0
160 2 0
161 2 0
161 2 786
161 2 0
161 2 0
161 2 626
161 2 0
161 2 0
161 2 0
162 1 0
162 1 913
162 1 0
162 1 0
162 1 0
163 2 0
163 2 912
163 2 0
164 2 0
164 2 449
164 2 460
164 2 725
164 2 0
164 2 0
164 2 112
164 2 704
164 2 386
164 2 0
165 2 0
165 2 450
165 2 303
165 2 959
165 2 308
165 2 49
165 2 639
165 2 0
165 2 0
166 2 0
166 2 357
166 2 713
166 2 0
167 1 0
167 1 243
167 1 884
167 1 867
167 1 0
167 1 0
167 1 0
167 1 5
167 1 0
168 2 0
168 2 625
168 2 224
168 2 238
168 2 507
168 2 649
168 2 169
168 2 378
168 2 0
168 2 0
169 2 0
169 2 325
169 2 268
169 2 0
169 2 0
169 2 33
169 2 0
170 1 0
170 1 184
170 1 893
170 1 747
170 1 674
170 1 0
170 1 0
170 1 0
170 1 0
171 2 0
171 2 733
171 2 244
171 2 567
171 2 528
171 2 361
171 2 0
171 2 0
171 2 0
171 2 87
171 2 0
171 2 0
171 2 0
172 1 0
172 1 643
172 1 0
172 1 0
172 1 0
173 2 0
173 2 966
173 2 416
173 2 900
173 2 117
173 2 280
173 2 0
173 2 0
174 2 0
174 2 198
174 2 129
174 2 227
174 2 878
174 2 206
174 2 0
174 2 0
174 2 0
174 2 0
175 1 0
175 1 0
176 2 0
176 2 745
176 2 0
176 2 0
176 2 451
176 2 252
176 2 915
176 2 0
177 1 0
177 1 267
177 1 0
177 1 0
177 1 618
177 1 0
177 1 0
177 1 0
178 1 0
178 1 684
178 1 120
178 1 517
178 1 549
178 1 286
178 1 486
178 1 552
178 1 0
178 1 0
179 2 0
179 2 210
179 2 901
179 2 667
179 2 96
179 2 76
179 2 75
179 2 0
179 2 0
180 1 0
180 1 482
180 1 379
180 1 159
180 1 671
180 1 105
180 1 961
180 1 629
180 1 0
180 1 0
181 1 0
181 1 194
181 1 623
181 1 347
181 1 225
181 1 358
181 1 696
181 1 519
181 1 0
181 1 0
181 1 0
181 1 0
182 1 0
182 1 155
182 1 333
182 1 55
182 1 241
182 1 0
182 1 0
183 2 0
183 2 72
183 2 362
183 2 0
184 2 0
184 2 61
184 2 946
184 2 631
184 2 353
184 2 443
184 2 427
184 2 0
184 2 0
185 2 0
185 2 103
185 2 215
185 2 256
185 2 962
185 2 858
185 2 711
185 2 0
185 2 0
186 2 0
186 2 100
186 2 597
186 2 21
186 2 139
186 2 260
186 2 219
186 2 0
186 2 0
187 1 0
187 1 770
187 1 422
187 1 0
187 1 0
187 1 0
187 1 322
187 1 0
187 1 0
188 1 0
188 1 953
188 1 691
188 1 174
188 1 306
188 1 0
188 1 0
188 1 0
188 1 29
188 1 0
189 1 0
189 1 483
189 1 768
189 1 350
189 1 0
189 1 0
189 1 0
189 1 0
190 1 0
190 1 52
190 1 343
190 1 452
190 1 285
190 1 0
190 1 0
190 1 0
190 1 0
191 1 0
191 1 115
191 1 821
191 1 258
191 1 0
191 1 0
191 1 0
191 1 209
191 1 0
191 1 0
192 1 0
192 1 228
192 1 963
192 1 344
192 1 560
192 1 0
192 1 0
192 1 0
192 1 0
193 1 0
193 1 20
193 1 355
193 1 769
193 1 533
193 1 0
193 1 0
194 2 0
194 2 403
194 2 851
194 2 931
194 2 363
194 2 892
194 2 138
194 2 375
194 2 3
194 2 0
194 2 0
195 2 0
195 2 203
195 2 879
195 2 836
195 2 585
195 2 547
195 2 0
195 2 0
196 1 0
196 1 261
196 1 16
196 1 736
196 1 388
196 1 702
196 1 0
196 1 0
196 1 0
196 1 0
197 1 0
197 1 197
197 1 302
197 1 687
197 1 833
197 1 300
197 1 0
197 1 0
197 1 0
197 1 0
198 1 0
198 1 599
198 1 896
198 1 0
198 1 0
199 2 0
199 2 111
199 2 62
199 2 405
199 2 239
199 2 620
199 2 231
199 2 0
199 2 0
199 2 0
199 2 0
200 1 0
200 1 312
200 1 70
200 1 48
200 1 658
200 1 537
200 1 0
200 1 0
200 1 0
200 1 0
201 2 0
201 2 592
201 2 575
201 2 1
201 2 637
201 2 0
201 2 0
201 2 0
201 2 0
202 2 0
202 2 926
202 2 968
202 2 390
202 2 337
202 2 935
202 2 0
202 2 0
202 2 0
202 2 0
203 2 0
203 2 739
203 2 787
203 2 65
203 2 431
203 2 0
203 2 0
204 1 0
204 1 121
204 1 594
204 1 0
204 1 0
205 2 0
205 2 952
205 2 439
205 2 0
205 2 0
205 2 0
205 2 0
206 2 0
206 2 262
206 2 0
206 2 0
206 2 0
206 2 864
206 2 110
206 2 0
206 2 0
207 1 0
207 1 804
207 1 0
207 1 0
207 1 0
207 1 278
207 1 589
207 1 77
207 1 889
207 1 0
207 1 0
207 1 0
207 1 0
208 1 0
208 1 487
208 1 933
208 1 775
208 1 0
208 1 0
208 1 0
208 1 0
209 1 0
209 1 234
209 1 688
209 1 583
209 1 731
209 1 584
209 1 0
209 1 0
210 1 0
210 1 213
210 1 766
210 1 888
210 1 572
210 1 395
210 1 0
210 1 0
211 1 0
211 1 729
211 1 424
211 1 762
211 1 0
211 1 0
211 1 0
211 1 0
212 1 0
212 1 0
213 1 0
213 1 0
214 2 0
214 2 822
214 2 315
214 2 0
214 2 0
214 2 0
214 2 0
215 1 0
215 1 886
215 1 500
215 1 987
215 1 192
215 1 421
215 1 0
215 1 0
215 1 0
215 1 0
216 1 0
216 1 444
216 1 132
216 1 39
216 1 0
216 1 0
216 1 0
216 1 0
217 1 0
217 1 147
217 1 143
217 1 26
217 1 774
217 1 0
217 1 0
217 1 0
217 1 0
218 1 0
218 1 614
218 1 270
218 1 0
218 1 0
218 1 0
218 1 0
219 2 0
219 2 551
219 2 0
219 2 0
220 1 0
220 1 67
220 1 540
220 1 179
220 1 0
220 1 0
220 1 0
220 1 0
221 1 0
221 1 185
221 1 958
221 1 985
221 1 51
221 1 0
221 1 0
221 1 0
221 1 0
222 1 0
222 1 780
222 1 50
222 1 527
222 1 469
222 1 0
222 1 0
222 1 0
222 1 0
223 2 0
223 2 956
223 2 474
223 2 957
223 2 235
223 2 869
223 2 0
223 2 0
223 2 0
223 2 0
224 2 0
224 2 521
224 2 371
224 2 708
224 2 0
224 2 0
224 2 0
224 2 0
225 1 0
225 1 359
225 1 19
225 1 0
225 1 0
225 1 0
225 1 0
226 1 0
226 1 274
226 1 0
226 1 0
227 1 0
227 1 152
227 1 0
227 1 0
228 1 0
228 1 108
228 1 12
228 1 0
228 1 0
229 1 0
229 1 13
229 1 0
229 1 0
