total cost: 338162
1 2 0
1 2 553
1 2 288
1 2 767
1 2 0
1 2 0
1 2 307
1 2 793
1 2 0
1 2 0
1 2 141
1 2 0
2 2 0
2 2 220
2 2 802
2 2 577
2 2 254
2 2 170
2 2 749
2 2 0
2 2 0
2 2 654
2 2 520
2 2 0
3 2 0
3 2 463
3 2 539
3 2 462
3 2 693
3 2 154
3 2 0
3 2 0
3 2 790
3 2 230
3 2 0
4 2 0
4 2 408
4 2 947
4 2 974
4 2 716
4 2 525
4 2 476
4 2 0
5 1 0
5 1 645
5 1 616
5 1 180
5 1 0
5 1 0
5 1 652
5 1 591
5 1 504
5 1 0
6 1 0
6 1 605
6 1 754
6 1 593
6 1 602
6 1 284
6 1 171
6 1 742
6 1 0
7 2 0
7 2 57
7 2 865
7 2 189
7 2 428
7 2 710
7 2 717
7 2 532
7 2 932
7 2 257
7 2 0
7 2 0
7 2 0
8 1 0
8 1 801
8 1 459
8 1 454
8 1 37
8 1 283
8 1 590
8 1 269
8 1 0
9 2 0
9 2 856
9 2 4
9 2 501
9 2 911
9 2 400
9 2 798
9 2 544
9 2 423
9 2 304
9 2 205
9 2 114
9 2 0
10 2 0
10 2 843
10 2 281
10 2 442
10 2 954
10 2 440
10 2 391
10 2 0
11 2 0
11 2 354
11 2 489
11 2 216
11 2 292
11 2 208
11 2 0
11 2 0
11 2 0
12 2 0
12 2 319
12 2 689
12 2 380
12 2 468
12 2 0
13 1 0
13 1 164
13 1 92
13 1 732
13 1 600
13 1 0
14 2 0
14 2 161
14 2 401
14 2 229
14 2 535
14 2 0
15 2 0
15 2 124
15 2 919
15 2 475
15 2 799
15 2 0
16 1 0
16 1 813
16 1 473
16 1 738
16 1 863
16 1 0
16 1 0
16 1 8
16 1 561
16 1 356
16 1 0
17 2 0
17 2 763
17 2 899
17 2 831
17 2 158
17 2 237
17 2 759
17 2 0
17 2 0
17 2 714
17 2 148
17 2 0
18 2 0
18 2 841
18 2 7
18 2 101
18 2 543
18 2 437
18 2 992
18 2 923
18 2 436
18 2 0
18 2 0
18 2 0
19 2 0
19 2 478
19 2 846
19 2 609
19 2 807
19 2 0
20 1 0
20 1 975
20 1 570
20 1 510
20 1 810
20 1 276
20 1 0
21 1 0
21 1 565
21 1 850
21 1 58
21 1 871
21 1 36
21 1 264
21 1 63
21 1 99
21 1 0
22 1 0
22 1 250
22 1 826
22 1 922
22 1 531
22 1 217
22 1 0
22 1 0
22 1 612
22 1 0
23 1 0
23 1 291
23 1 542
23 1 707
23 1 246
23 1 40
23 1 0
23 1 0
23 1 0
24 1 0
24 1 682
24 1 338
24 1 939
24 1 945
24 1 791
24 1 964
24 1 314
24 1 125
24 1 0
25 1 0
25 1 820
25 1 128
25 1 741
25 1 0
25 1 0
25 1 107
25 1 0
26 1 0
26 1 866
26 1 9
26 1 324
26 1 648
26 1 752
26 1 664
26 1 0
26 1 0
26 1 0
27 1 0
27 1 816
27 1 113
27 1 910
27 1 868
27 1 0
27 1 0
27 1 64
27 1 783
27 1 815
27 1 897
27 1 0
28 1 0
28 1 54
28 1 925
28 1 418
28 1 902
28 1 84
28 1 323
28 1 709
28 1 885
28 1 178
28 1 0
29 1 0
29 1 389
29 1 580
29 1 538
29 1 446
29 1 495
29 1 397
29 1 512
29 1 0
29 1 0
29 1 0
30 2 0
30 2 14
30 2 666
30 2 855
30 2 232
30 2 808
30 2 803
30 2 66
30 2 516
30 2 44
30 2 0
31 2 0
31 2 700
31 2 470
31 2 106
31 2 641
31 2 477
31 2 360
31 2 0
32 1 0
32 1 721
32 1 967
32 1 678
32 1 508
32 1 0
33 1 0
33 1 907
33 1 349
33 1 0
34 2 0
34 2 17
34 2 715
34 2 650
34 2 398
34 2 776
34 2 668
34 2 0
34 2 0
34 2 0
35 1 0
35 1 279
35 1 524
35 1 255
35 1 980
35 1 74
35 1 0
35 1 0
35 1 0
36 1 0
36 1 541
36 1 204
36 1 392
36 1 563
36 1 940
36 1 0
36 1 0
36 1 293
36 1 0
37 1 0
37 1 529
37 1 796
37 1 644
37 1 0
38 2 0
38 2 606
38 2 955
38 2 562
38 2 266
38 2 399
38 2 680
38 2 990
38 2 873
38 2 844
38 2 223
38 2 0
39 2 0
39 2 441
39 2 969
39 2 852
39 2 949
39 2 692
39 2 0
40 2 0
40 2 153
40 2 394
40 2 603
40 2 0
40 2 0
40 2 472
40 2 785
40 2 0
41 1 0
41 1 335
41 1 0
42 2 0
42 2 133
42 2 806
42 2 345
42 2 880
42 2 259
42 2 191
42 2 0
43 1 0
43 1 677
43 1 181
43 1 0
44 1 0
44 1 837
44 1 909
44 1 0
45 1 0
45 1 784
45 1 86
45 1 0
46 1 0
46 1 550
46 1 0
47 2 0
47 2 352
47 2 200
47 2 0
48 1 0
48 1 248
48 1 212
48 1 0
49 1 0
49 1 456
49 1 996
49 1 699
49 1 417
49 1 918
49 1 0
49 1 0
49 1 0
50 2 0
50 2 45
50 2 809
50 2 430
50 2 334
50 2 755
50 2 800
50 2 778
50 2 0
50 2 0
50 2 0
51 1 0
51 1 336
51 1 369
51 1 854
51 1 0
51 1 0
51 1 921
51 1 876
51 1 753
51 1 0
52 2 0
52 2 817
52 2 751
52 2 157
52 2 199
52 2 0
52 2 0
52 2 679
52 2 0
53 1 0
53 1 0
54 2 0
54 2 608
54 2 447
54 2 705
54 2 0
54 2 0
54 2 0
55 1 0
55 1 351
55 1 102
55 1 647
55 1 0
55 1 0
55 1 513
55 1 545
55 1 0
55 1 0
55 1 0
56 1 0
56 1 435
56 1 686
56 1 160
56 1 0
56 1 0
56 1 0
57 2 0
57 2 518
57 2 497
57 2 610
57 2 574
57 2 419
57 2 621
57 2 944
57 2 0
57 2 0
57 2 0
58 2 0
58 2 611
58 2 724
58 2 0
58 2 0
58 2 0
59 1 0
59 1 455
59 1 0
60 1 0
60 1 163
60 1 906
60 1 0
61 2 0
61 2 576
61 2 0
61 2 0
61 2 0
62 2 0
62 2 93
62 2 136
62 2 41
62 2 694
62 2 0
63 2 0
63 2 130
63 2 0
63 2 0
63 2 0
64 1 0
64 1 340
64 1 781
64 1 188
64 1 425
64 1 0
64 1 0
64 1 95
64 1 80
64 1 494
64 1 0
65 1 0
65 1 646
65 1 697
65 1 870
65 1 366
65 1 0
65 1 0
65 1 290
65 1 0
65 1 0
65 1 0
66 1 0
66 1 989
66 1 233
66 1 134
66 1 175
66 1 0
66 1 0
66 1 970
66 1 27
66 1 434
66 1 0
67 1 0
67 1 814
67 1 977
67 1 396
67 1 685
67 1 936
67 1 581
67 1 509
67 1 0
67 1 0
67 1 0
68 1 0
68 1 275
68 1 310
68 1 973
68 1 0
68 1 0
68 1 166
68 1 11
68 1 0
69 2 0
69 2 151
69 2 485
69 2 971
69 2 965
69 2 734
69 2 480
69 2 28
69 2 0
70 1 0
70 1 673
70 1 410
70 1 887
70 1 226
70 1 118
70 1 656
70 1 672
70 1 0
70 1 0
70 1 0
70 1 0
71 2 0
71 2 511
71 2 777
71 2 79
71 2 663
71 2 0
71 2 0
71 2 94
71 2 0
72 2 0
72 2 943
72 2 941
72 2 341
72 2 571
72 2 883
72 2 942
72 2 994
72 2 119
72 2 0
73 1 0
73 1 321
73 1 701
73 1 177
73 1 218
73 1 847
73 1 0
73 1 0
73 1 0
74 1 0
74 1 207
74 1 453
74 1 88
74 1 168
74 1 676
74 1 661
74 1 0
74 1 0
74 1 0
74 1 0
75 1 0
75 1 835
75 1 490
75 1 471
75 1 0
76 1 0
76 1 748
76 1 438
76 1 0
77 2 0
77 2 186
77 2 628
77 2 937
77 2 289
77 2 211
77 2 761
77 2 0
78 2 0
78 2 756
78 2 794
78 2 874
78 2 655
78 2 0
78 2 0
78 2 568
78 2 779
78 2 309
78 2 0
78 2 0
78 2 0
79 1 0
79 1 193
79 1 426
79 1 0
80 1 0
80 1 328
80 1 771
80 1 492
80 1 413
80 1 0
80 1 0
80 1 47
80 1 0
81 1 0
81 1 150
81 1 669
81 1 857
81 1 0
82 2 0
82 2 411
82 2 404
82 2 0
82 2 0
82 2 183
82 2 861
82 2 960
82 2 24
82 2 0
83 2 0
83 2 930
83 2 764
83 2 819
83 2 730
83 2 0
83 2 0
83 2 38
83 2 0
84 2 0
84 2 934
84 2 991
84 2 578
84 2 365
84 2 929
84 2 0
84 2 0
84 2 0
85 1 0
85 1 18
85 1 332
85 1 458
85 1 393
85 1 457
85 1 0
85 1 0
85 1 0
86 1 0
86 1 329
86 1 78
86 1 71
86 1 383
86 1 0
86 1 0
86 1 0
87 2 0
87 2 564
87 2 695
87 2 657
87 2 703
87 2 0
87 2 0
87 2 757
87 2 0
88 2 0
88 2 273
88 2 797
88 2 429
88 2 735
88 2 484
88 2 172
88 2 758
88 2 595
88 2 587
88 2 0
89 1 0
89 1 30
89 1 894
89 1 25
89 1 582
89 1 726
89 1 0
89 1 0
89 1 0
89 1 0
90 2 0
90 2 718
90 2 0
90 2 0
90 2 0
91 1 0
91 1 840
91 1 173
91 1 659
91 1 848
91 1 0
91 1 0
91 1 0
92 2 0
92 2 604
92 2 91
92 2 838
92 2 342
92 2 0
93 2 0
93 2 557
93 2 0
94 1 0
94 1 330
94 1 0
95 2 0
95 2 675
95 2 881
95 2 298
95 2 0
96 2 0
96 2 85
96 2 493
96 2 97
96 2 465
96 2 0
97 2 0
97 2 481
97 2 630
97 2 727
97 2 0
97 2 0
97 2 0
98 1 0
98 1 640
98 1 420
98 1 665
98 1 554
98 1 376
98 1 601
98 1 140
98 1 0
98 1 0
98 1 0
98 1 0
99 2 0
99 2 81
99 2 272
99 2 0
99 2 0
99 2 311
99 2 515
99 2 624
99 2 0
99 2 0
99 2 0
100 1 0
100 1 167
100 1 938
100 1 997
100 1 842
100 1 877
100 1 135
100 1 0
101 2 0
101 2 59
101 2 627
101 2 750
101 2 23
101 2 789
101 2 0
102 2 0
102 2 999
102 2 891
102 2 296
102 2 145
102 2 32
102 2 0
102 2 0
102 2 948
102 2 0
103 1 0
103 1 282
103 1 126
103 1 683
103 1 214
103 1 265
103 1 406
103 1 824
103 1 412
103 1 0
103 1 0
104 2 0
104 2 31
104 2 849
104 2 660
104 2 875
104 2 122
104 2 983
104 2 558
104 2 706
104 2 83
104 2 0
104 2 0
105 1 0
105 1 586
105 1 904
105 1 812
105 1 287
105 1 0
105 1 0
105 1 0
106 2 0
106 2 746
106 2 988
106 2 927
106 2 318
106 2 0
106 2 0
106 2 662
106 2 112
106 2 0
107 1 0
107 1 247
107 1 908
107 1 728
107 1 498
107 1 0
107 1 0
107 1 0
107 1 479
107 1 0
108 1 0
108 1 782
108 1 862
108 1 596
108 1 467
108 1 10
108 1 82
108 1 0
108 1 0
108 1 0
108 1 0
109 1 0
109 1 951
109 1 144
109 1 245
109 1 823
109 1 0
109 1 0
109 1 0
109 1 0
110 1 0
110 1 830
110 1 744
110 1 839
110 1 573
110 1 622
110 1 187
110 1 0
110 1 0
110 1 0
110 1 0
111 1 0
111 1 149
111 1 792
111 1 613
111 1 320
111 1 0
111 1 0
111 1 0
111 1 496
111 1 301
111 1 626
111 1 0
111 1 0
111 1 0
112 2 0
112 2 642
112 2 190
112 2 615
112 2 327
112 2 619
112 2 53
112 2 503
112 2 0
112 2 0
113 1 0
113 1 294
113 1 950
113 1 346
113 1 461
113 1 46
113 1 104
113 1 0
113 1 0
114 2 0
114 2 607
114 2 0
115 1 0
115 1 546
115 1 182
115 1 0
116 2 0
116 2 445
116 2 348
116 2 765
116 2 1000
116 2 0
117 1 0
117 1 898
117 1 0
118 1 0
118 1 530
118 1 920
118 1 638
118 1 772
118 1 0
118 1 0
118 1 0
118 1 0
119 2 0
119 2 805
119 2 720
119 2 466
119 2 402
119 2 993
119 2 0
119 2 0
119 2 0
120 1 0
120 1 251
120 1 502
120 1 450
120 1 98
120 1 0
120 1 0
120 1 0
120 1 0
121 2 0
121 2 414
121 2 740
121 2 505
121 2 0
121 2 0
121 2 0
122 2 0
122 2 536
122 2 0
123 2 0
123 2 828
123 2 0
123 2 0
123 2 367
123 2 127
123 2 0
124 2 0
124 2 313
124 2 903
124 2 0
124 2 0
124 2 221
124 2 0
125 1 0
125 1 719
125 1 488
125 1 142
125 1 523
125 1 995
125 1 0
125 1 0
126 1 0
126 1 109
126 1 853
126 1 825
126 1 0
126 1 0
126 1 43
126 1 0
127 2 0
127 2 998
127 2 559
127 2 555
127 2 34
127 2 432
127 2 526
127 2 339
127 2 0
127 2 0
127 2 0
127 2 0
128 1 0
128 1 712
128 1 653
128 1 448
128 1 681
128 1 0
128 1 0
128 1 0
128 1 0
129 2 0
129 2 534
129 2 449
129 2 460
129 2 725
129 2 0
129 2 0
129 2 818
129 2 0
129 2 0
129 2 0
130 1 0
130 1 364
130 1 743
130 1 860
130 1 723
130 1 236
130 1 0
130 1 0
130 1 0
130 1 0
131 1 0
131 1 271
131 1 827
131 1 156
131 1 73
131 1 548
131 1 617
131 1 0
131 1 0
131 1 0
131 1 0
132 1 0
132 1 385
132 1 832
132 1 976
132 1 0
132 1 0
132 1 202
132 1 0
133 2 0
133 2 634
133 2 387
133 2 972
133 2 316
133 2 0
133 2 0
133 2 165
133 2 913
133 2 0
134 2 0
134 2 42
134 2 698
134 2 35
134 2 253
134 2 651
134 2 834
134 2 895
134 2 0
134 2 0
135 2 0
135 2 670
135 2 690
135 2 123
135 2 760
135 2 263
135 2 905
135 2 890
135 2 845
135 2 579
135 2 0
135 2 0
136 1 0
136 1 409
136 1 384
136 1 382
136 1 90
136 1 0
136 1 0
137 1 0
137 1 407
137 1 357
137 1 381
137 1 0
137 1 0
138 1 0
138 1 240
138 1 249
138 1 0
138 1 0
138 1 0
138 1 69
138 1 305
138 1 68
138 1 0
138 1 0
139 2 0
139 2 514
139 2 916
139 2 56
139 2 162
139 2 633
139 2 984
139 2 829
139 2 295
139 2 0
139 2 0
140 1 0
140 1 917
140 1 60
140 1 6
140 1 912
140 1 0
140 1 0
141 2 0
141 2 722
141 2 986
141 2 635
141 2 464
141 2 632
141 2 0
141 2 0
141 2 0
141 2 0
142 2 0
142 2 982
142 2 953
142 2 795
142 2 713
142 2 0
142 2 0
143 2 0
143 2 374
143 2 788
143 2 522
143 2 872
143 2 377
143 2 0
143 2 0
143 2 811
143 2 317
143 2 0
144 1 0
144 1 22
144 1 978
144 1 566
144 1 0
144 1 0
144 1 0
144 1 222
144 1 0
144 1 0
144 1 0
145 2 0
145 2 773
145 2 370
145 2 636
145 2 0
145 2 0
145 2 588
145 2 415
145 2 201
145 2 0
146 2 0
146 2 277
146 2 914
146 2 691
146 2 306
146 2 589
146 2 278
146 2 787
146 2 0
146 2 0
146 2 0
146 2 0
147 2 0
147 2 15
147 2 116
147 2 373
147 2 556
147 2 0
148 2 0
148 2 786
148 2 0
148 2 0
148 2 0
149 1 0
149 1 5
149 1 867
149 1 0
149 1 0
149 1 0
149 1 506
149 1 0
150 1 0
150 1 243
150 1 120
150 1 747
150 1 893
150 1 517
150 1 0
150 1 0
150 1 0
150 1 0
151 1 0
151 1 625
151 1 224
151 1 981
151 1 72
151 1 308
151 1 105
151 1 0
151 1 0
151 1 0
151 1 0
152 2 0
152 2 303
152 2 482
152 2 959
152 2 671
152 2 961
152 2 629
152 2 0
152 2 0
153 1 0
153 1 196
153 1 137
153 1 598
153 1 326
153 1 331
153 1 0
153 1 0
153 1 0
153 1 0
154 2 0
154 2 745
154 2 0
154 2 0
154 2 372
154 2 882
154 2 0
155 1 0
155 1 184
155 1 194
155 1 597
155 1 549
155 1 0
155 1 0
155 1 0
155 1 87
155 1 0
155 1 0
155 1 0
156 1 0
156 1 733
156 1 61
156 1 528
156 1 567
156 1 0
156 1 0
156 1 0
156 1 0
157 1 0
157 1 643
157 1 0
157 1 0
157 1 325
157 1 267
157 1 0
157 1 0
157 1 0
157 1 0
158 2 0
158 2 928
158 2 979
158 2 499
158 2 0
159 1 0
159 1 176
159 1 618
159 1 0
159 1 0
159 1 0
159 1 0
160 2 0
160 2 569
160 2 152
160 2 0
161 1 0
161 1 884
161 1 674
161 1 286
161 1 486
161 1 915
161 1 552
161 1 252
161 1 0
161 1 0
161 1 0
161 1 0
162 2 0
162 2 966
162 2 859
162 2 924
162 2 241
162 2 55
162 2 451
162 2 0
162 2 0
163 1 0
163 1 362
163 1 667
163 1 242
163 1 0
163 1 0
163 1 0
163 1 0
164 1 0
164 1 198
164 1 507
164 1 129
164 1 649
164 1 491
164 1 433
164 1 146
164 1 0
164 1 0
165 2 0
165 2 238
165 2 416
165 2 900
165 2 117
165 2 378
165 2 280
165 2 0
165 2 0
165 2 0
165 2 0
166 1 0
166 1 155
166 1 333
166 1 0
166 1 0
167 2 0
167 2 131
167 2 21
167 2 197
167 2 687
167 2 139
167 2 892
167 2 0
167 2 0
167 2 0
167 2 0
168 1 0
168 1 268
168 1 219
168 1 0
168 1 0
168 1 0
168 1 0
169 2 0
169 2 684
169 2 302
169 2 614
169 2 833
169 2 537
169 2 337
169 2 620
169 2 231
169 2 0
169 2 0
169 2 0
169 2 0
170 1 0
170 1 368
170 1 20
170 1 174
170 1 147
170 1 0
170 1 0
170 1 0
170 1 29
170 1 0
171 1 0
171 1 210
171 1 901
171 1 206
171 1 879
171 1 0
171 1 0
171 1 0
171 1 0
172 1 0
172 1 704
172 1 49
172 1 386
172 1 0
172 1 0
173 2 0
173 2 737
173 2 639
173 2 0
174 1 0
174 1 322
174 1 138
174 1 0
174 1 0
174 1 0
174 1 0
175 2 0
175 2 297
175 2 858
175 2 0
176 1 0
176 1 103
176 1 946
176 1 631
176 1 353
176 1 361
176 1 0
176 1 0
176 1 0
176 1 76
176 1 0
176 1 0
177 1 0
177 1 770
177 1 0
177 1 0
177 1 0
177 1 299
177 1 169
177 1 585
177 1 0
177 1 0
178 1 0
178 1 100
178 1 347
178 1 878
178 1 599
178 1 836
178 1 3
178 1 0
178 1 0
178 1 0
178 1 0
179 2 0
179 2 256
179 2 244
179 2 962
179 2 739
179 2 65
179 2 431
179 2 0
179 2 0
180 2 0
180 2 209
180 2 75
180 2 0
181 1 0
181 1 379
181 1 768
181 1 533
181 1 963
181 1 427
181 1 0
181 1 0
181 1 0
181 1 0
182 1 0
182 1 711
182 1 560
182 1 0
182 1 0
183 2 0
183 2 623
183 2 227
183 2 452
183 2 343
183 2 0
183 2 0
183 2 0
183 2 0
184 1 0
184 1 443
184 1 350
184 1 0
184 1 0
184 1 0
184 1 0
185 1 0
185 1 483
185 1 258
185 1 926
185 1 0
185 1 0
185 1 0
185 1 195
185 1 0
186 1 0
186 1 52
186 1 592
186 1 575
186 1 0
186 1 0
186 1 0
186 1 108
186 1 0
187 1 0
187 1 215
187 1 132
187 1 769
187 1 0
187 1 0
187 1 0
187 1 96
187 1 0
187 1 0
188 1 0
188 1 115
188 1 821
188 1 696
188 1 519
188 1 121
188 1 896
188 1 0
188 1 0
188 1 0
188 1 0
189 1 0
189 1 159
189 1 1
189 1 0
189 1 0
189 1 0
189 1 89
189 1 0
190 1 0
190 1 203
190 1 931
190 1 851
190 1 363
190 1 358
190 1 0
190 1 0
190 1 0
190 1 0
191 2 0
191 2 403
191 2 422
191 2 375
191 2 110
191 2 260
191 2 0
191 2 0
192 1 0
192 1 261
192 1 388
192 1 736
192 1 766
192 1 0
192 1 0
192 1 0
192 1 33
192 1 0
193 1 0
193 1 225
193 1 405
193 1 239
193 1 390
193 1 0
193 1 0
193 1 0
193 1 0
194 1 0
194 1 111
194 1 933
194 1 0
194 1 0
194 1 0
194 1 344
194 1 0
194 1 0
195 2 0
195 2 312
195 2 658
195 2 300
195 2 583
195 2 935
195 2 731
195 2 584
195 2 0
195 2 0
195 2 0
195 2 0
196 1 0
196 1 16
196 1 262
196 1 0
196 1 0
196 1 0
196 1 952
196 1 0
196 1 0
196 1 0
196 1 0
197 2 0
197 2 70
197 2 67
197 2 968
197 2 62
197 2 547
197 2 864
197 2 0
197 2 0
198 2 0
198 2 804
198 2 637
198 2 0
198 2 0
198 2 0
198 2 439
198 2 702
198 2 315
198 2 888
198 2 0
198 2 0
199 2 0
199 2 487
199 2 775
199 2 987
199 2 0
199 2 0
199 2 0
199 2 594
199 2 551
199 2 395
199 2 0
199 2 0
200 1 0
200 1 234
200 1 956
200 1 540
200 1 421
200 1 0
200 1 0
200 1 0
200 1 0
201 1 0
201 1 355
201 1 444
201 1 26
201 1 889
201 1 0
201 1 0
201 1 0
201 1 0
202 1 0
202 1 729
202 1 424
202 1 0
202 1 0
202 1 0
202 1 0
203 1 0
203 1 213
203 1 500
203 1 762
203 1 192
203 1 0
203 1 0
203 1 0
203 1 0
204 1 0
204 1 886
204 1 780
204 1 958
204 1 50
204 1 572
204 1 0
204 1 0
205 2 0
205 2 285
205 2 228
205 2 774
205 2 527
205 2 235
205 2 0
205 2 0
205 2 0
205 2 0
206 2 0
206 2 688
206 2 179
206 2 985
206 2 51
206 2 19
206 2 0
206 2 0
206 2 0
206 2 0
207 2 0
207 2 185
207 2 469
207 2 359
207 2 0
207 2 0
207 2 0
207 2 0
208 2 0
208 2 143
208 2 39
208 2 77
208 2 957
208 2 869
208 2 0
208 2 0
208 2 0
208 2 0
209 2 0
209 2 48
209 2 822
209 2 0
209 2 0
209 2 0
209 2 0
210 1 0
210 1 474
210 1 708
210 1 0
210 1 0
211 1 0
211 1 521
211 1 371
211 1 274
211 1 0
211 1 0
211 1 0
211 1 0
212 1 0
212 1 270
212 1 12
212 1 0
212 1 0
213 1 0
213 1 13
213 1 0
213 1 0
214 1 0
214 1 2
214 1 0
