total cost: 343189
1 2 0
1 2 553
1 2 288
1 2 767
1 2 0
1 2 0
1 2 307
1 2 793
1 2 0
1 2 0
1 2 141
1 2 0
2 2 0
2 2 220
2 2 802
2 2 577
2 2 254
2 2 749
2 2 0
2 2 0
2 2 180
2 2 257
2 2 932
2 2 0
3 1 0
3 1 616
3 1 161
3 1 652
3 1 0
3 1 0
3 1 0
4 2 0
4 2 954
4 2 654
4 2 520
4 2 0
5 2 0
5 2 463
5 2 539
5 2 459
5 2 693
5 2 454
5 2 0
5 2 0
5 2 790
5 2 0
5 2 0
5 2 0
6 1 0
6 1 408
6 1 801
6 1 754
6 1 593
6 1 475
6 1 510
6 1 356
6 1 0
7 1 0
7 1 645
7 1 865
7 1 189
7 1 442
7 1 92
7 1 0
7 1 0
7 1 612
7 1 0
8 2 0
8 2 605
8 2 974
8 2 401
8 2 229
8 2 0
9 1 0
9 1 57
9 1 281
9 1 843
9 1 170
9 1 689
9 1 525
9 1 476
9 1 0
10 1 0
10 1 856
10 1 4
10 1 501
10 1 250
10 1 911
10 1 468
10 1 700
10 1 0
10 1 0
10 1 230
10 1 0
11 2 0
11 2 354
11 2 154
11 2 0
11 2 0
11 2 319
11 2 8
11 2 0
12 2 0
12 2 164
12 2 717
12 2 532
12 2 423
12 2 0
13 1 0
13 1 37
13 1 389
13 1 855
13 1 808
13 1 512
13 1 397
13 1 212
13 1 0
14 1 0
14 1 124
14 1 919
14 1 799
14 1 148
14 1 0
15 1 0
15 1 462
15 1 813
15 1 478
15 1 0
15 1 0
15 1 591
15 1 504
15 1 0
16 2 0
16 2 947
16 2 716
16 2 400
16 2 380
16 2 798
16 2 641
16 2 742
16 2 0
17 1 0
17 1 763
17 1 831
17 1 602
17 1 284
17 1 759
17 1 0
17 1 0
17 1 561
17 1 535
17 1 0
18 1 0
18 1 710
18 1 440
18 1 216
18 1 650
18 1 95
18 1 323
18 1 178
18 1 0
19 2 0
19 2 544
19 2 64
19 2 304
19 2 205
19 2 114
19 2 0
20 1 0
20 1 391
20 1 94
20 1 732
20 1 600
20 1 0
20 1 0
20 1 0
21 2 0
21 2 714
21 2 248
21 2 0
22 1 0
22 1 841
22 1 7
22 1 101
22 1 543
22 1 437
22 1 992
22 1 923
22 1 0
22 1 0
22 1 0
23 2 0
23 2 570
23 2 975
23 2 810
23 2 276
23 2 0
23 2 0
23 2 0
24 2 0
24 2 565
24 2 871
24 2 850
24 2 58
24 2 237
24 2 0
24 2 0
24 2 283
24 2 590
24 2 269
24 2 0
25 1 0
25 1 899
25 1 826
25 1 922
25 1 531
25 1 217
25 1 0
25 1 0
25 1 352
25 1 678
25 1 967
25 1 0
26 2 0
26 2 428
26 2 820
26 2 128
26 2 741
26 2 0
26 2 0
26 2 43
26 2 0
27 1 0
27 1 473
27 1 738
27 1 609
27 1 863
27 1 0
27 1 0
27 1 107
27 1 0
28 2 0
28 2 291
28 2 542
28 2 707
28 2 246
28 2 40
28 2 360
28 2 990
28 2 223
28 2 0
28 2 0
28 2 0
29 2 0
29 2 866
29 2 9
29 2 721
29 2 0
30 2 0
30 2 682
30 2 338
30 2 939
30 2 36
30 2 264
30 2 63
30 2 807
30 2 0
31 1 0
31 1 816
31 1 113
31 1 910
31 1 868
31 1 0
31 1 0
31 1 99
31 1 550
31 1 784
31 1 964
31 1 0
32 2 0
32 2 158
32 2 541
32 2 204
32 2 563
32 2 940
32 2 314
32 2 125
32 2 259
32 2 0
32 2 0
32 2 0
33 2 0
33 2 54
33 2 925
33 2 418
33 2 902
33 2 84
33 2 885
33 2 398
33 2 208
33 2 0
34 1 0
34 1 14
34 1 538
34 1 446
34 1 495
34 1 949
34 1 692
34 1 852
34 1 0
35 1 0
35 1 907
35 1 846
35 1 335
35 1 0
35 1 0
35 1 293
35 1 0
36 1 0
36 1 529
36 1 603
36 1 796
36 1 0
37 2 0
37 2 17
37 2 715
37 2 489
37 2 783
37 2 470
37 2 897
37 2 345
37 2 880
37 2 0
38 2 0
38 2 606
38 2 955
38 2 266
38 2 562
38 2 664
38 2 752
38 2 0
38 2 0
38 2 0
39 1 0
39 1 441
39 1 580
39 1 232
39 1 676
39 1 969
39 1 803
39 1 66
39 1 0
39 1 0
39 1 0
39 1 0
40 1 0
40 1 153
40 1 394
40 1 329
40 1 934
40 1 207
40 1 168
40 1 0
40 1 0
40 1 0
41 1 0
41 1 666
41 1 644
41 1 0
42 2 0
42 2 349
42 2 0
42 2 0
42 2 524
42 2 279
42 2 785
42 2 472
42 2 679
42 2 0
42 2 0
42 2 0
43 1 0
43 1 133
43 1 815
43 1 508
43 1 0
44 2 0
44 2 106
44 2 477
44 2 945
44 2 191
44 2 0
45 1 0
45 1 837
45 1 909
45 1 0
46 2 0
46 2 791
46 2 677
46 2 0
47 1 0
47 1 456
47 1 102
47 1 351
47 1 0
47 1 0
47 1 255
47 1 980
47 1 74
47 1 724
47 1 0
48 2 0
48 2 921
48 2 876
48 2 753
48 2 0
49 1 0
49 1 45
49 1 809
49 1 814
49 1 430
49 1 977
49 1 396
49 1 844
49 1 438
49 1 0
50 1 0
50 1 336
50 1 369
50 1 854
50 1 0
50 1 0
50 1 171
50 1 200
50 1 136
50 1 0
51 1 0
51 1 817
51 1 157
51 1 199
51 1 324
51 1 0
51 1 0
51 1 0
52 2 0
52 2 806
52 2 93
52 2 417
52 2 181
52 2 0
53 1 0
53 1 0
54 1 0
54 1 0
55 2 0
55 2 608
55 2 447
55 2 545
55 2 0
55 2 0
55 2 0
56 2 0
56 2 435
56 2 686
56 2 160
56 2 183
56 2 835
56 2 490
56 2 471
56 2 0
57 2 0
57 2 518
57 2 497
57 2 404
57 2 642
57 2 0
57 2 0
57 2 513
57 2 906
57 2 604
57 2 383
57 2 0
58 1 0
58 1 611
58 1 647
58 1 130
58 1 576
58 1 0
59 1 0
59 1 455
59 1 0
60 2 0
60 2 436
60 2 970
60 2 0
61 2 0
61 2 163
61 2 47
61 2 0
62 2 0
62 2 399
62 2 680
62 2 873
62 2 694
62 2 0
63 2 0
63 2 648
63 2 290
63 2 485
63 2 965
63 2 971
63 2 24
63 2 0
64 2 0
64 2 292
64 2 38
64 2 757
64 2 776
64 2 0
65 2 0
65 2 699
65 2 646
65 2 392
65 2 30
65 2 628
65 2 937
65 2 289
65 2 135
65 2 0
65 2 0
65 2 0
66 1 0
66 1 340
66 1 781
66 1 188
66 1 425
66 1 0
66 1 0
66 1 41
66 1 0
67 2 0
67 2 996
67 2 697
67 2 870
67 2 272
67 2 0
67 2 0
67 2 166
67 2 11
67 2 27
67 2 434
67 2 0
68 2 0
68 2 989
68 2 751
68 2 673
68 2 226
68 2 410
68 2 0
68 2 0
68 2 86
68 2 675
68 2 309
68 2 0
69 1 0
69 1 275
69 1 310
69 1 973
69 1 0
69 1 0
69 1 0
70 2 0
70 2 511
70 2 777
70 2 79
70 2 586
70 2 709
70 2 668
70 2 494
70 2 0
70 2 0
70 2 0
71 1 0
71 1 943
71 1 18
71 1 887
71 1 118
71 1 656
71 1 936
71 1 0
71 1 0
71 1 0
72 2 0
72 2 321
72 2 233
72 2 701
72 2 177
72 2 80
72 2 311
72 2 0
73 2 0
73 2 151
73 2 734
73 2 496
73 2 119
73 2 28
73 2 0
74 1 0
74 1 748
74 1 581
74 1 509
74 1 0
75 2 0
75 2 186
75 2 484
75 2 172
75 2 761
75 2 595
75 2 758
75 2 587
75 2 0
76 1 0
76 1 756
76 1 134
76 1 420
76 1 175
76 1 376
76 1 601
76 1 140
76 1 515
76 1 0
76 1 0
76 1 0
76 1 0
77 1 0
77 1 150
77 1 944
77 1 669
77 1 857
77 1 0
78 1 0
78 1 794
78 1 874
78 1 828
78 1 0
78 1 0
78 1 568
78 1 918
78 1 779
78 1 0
79 1 0
79 1 328
79 1 771
79 1 492
79 1 413
79 1 0
79 1 0
79 1 0
80 1 0
80 1 193
80 1 426
80 1 0
80 1 0
80 1 0
81 1 0
81 1 411
81 1 574
81 1 419
81 1 976
81 1 0
81 1 0
81 1 960
81 1 480
81 1 0
82 2 0
82 2 610
82 2 894
82 2 25
82 2 582
82 2 726
82 2 83
82 2 415
82 2 201
82 2 0
82 2 0
82 2 0
82 2 0
83 2 0
83 2 930
83 2 282
83 2 126
83 2 214
83 2 683
83 2 0
83 2 0
83 2 0
84 1 0
84 1 564
84 1 840
84 1 929
84 1 705
84 1 0
84 1 0
84 1 0
85 2 0
85 2 941
85 2 341
85 2 891
85 2 685
85 2 630
85 2 0
85 2 0
85 2 0
86 1 0
86 1 273
86 1 746
86 1 660
86 1 558
86 1 983
86 1 706
86 1 0
86 1 0
87 1 0
87 1 0
88 2 0
88 2 718
88 2 0
88 2 0
88 2 0
89 2 0
89 2 861
89 2 393
89 2 457
89 2 367
89 2 994
89 2 942
89 2 0
90 2 0
90 2 557
90 2 0
91 2 0
91 2 366
91 2 81
91 2 85
91 2 800
91 2 493
91 2 778
91 2 881
91 2 298
91 2 0
91 2 0
91 2 0
92 1 0
92 1 481
92 1 479
92 1 0
93 1 0
93 1 640
93 1 998
93 1 554
93 1 624
93 1 904
93 1 812
93 1 0
93 1 0
93 1 0
93 1 0
94 1 0
94 1 695
94 1 0
95 2 0
95 2 334
95 2 938
95 2 755
95 2 997
95 2 97
95 2 465
95 2 0
95 2 0
95 2 0
96 2 0
96 2 167
96 2 782
96 2 764
96 2 819
96 2 0
96 2 0
96 2 330
96 2 847
96 2 287
96 2 0
96 2 0
96 2 0
97 1 0
97 1 59
97 1 0
98 1 0
98 1 44
98 1 661
98 1 516
98 1 0
99 1 0
99 1 999
99 1 719
99 1 622
99 1 573
99 1 839
99 1 6
99 1 89
99 1 0
99 1 0
100 1 0
100 1 429
100 1 797
100 1 805
100 1 466
100 1 211
100 1 948
100 1 0
101 2 0
101 2 31
101 2 849
101 2 832
101 2 190
101 2 621
101 2 951
101 2 0
102 1 0
102 1 663
102 1 15
102 1 432
102 1 0
103 1 0
103 1 735
103 1 0
104 1 0
104 1 173
104 1 0
105 2 0
105 2 838
105 2 848
105 2 91
105 2 0
106 2 0
106 2 877
106 2 0
107 2 0
107 2 247
107 2 908
107 2 144
107 2 245
107 2 414
107 2 659
107 2 0
107 2 0
107 2 0
108 1 0
108 1 453
108 1 88
108 1 991
108 1 578
108 1 0
108 1 0
108 1 23
108 1 0
109 1 0
109 1 655
109 1 712
109 1 0
109 1 0
109 1 71
109 1 898
109 1 0
110 2 0
110 2 365
110 2 750
110 2 607
110 2 0
110 2 0
110 2 0
111 2 0
111 2 218
111 2 34
111 2 339
111 2 526
111 2 928
111 2 0
112 1 0
112 1 458
112 1 534
112 1 792
112 1 613
112 1 488
112 1 187
112 1 0
112 1 0
112 1 0
112 1 0
113 2 0
113 2 657
113 2 0
113 2 0
113 2 342
113 2 789
113 2 0
114 2 0
114 2 662
114 2 112
114 2 0
115 1 0
115 1 830
115 1 0
115 1 0
115 1 546
115 1 182
115 1 0
116 2 0
116 2 149
116 2 332
116 2 142
116 2 320
116 2 0
116 2 0
116 2 530
116 2 920
116 2 638
116 2 772
116 2 0
117 1 0
117 1 294
117 1 950
117 1 927
117 1 318
117 1 0
117 1 0
117 1 842
117 1 0
118 2 0
118 2 78
118 2 627
118 2 221
118 2 0
119 2 0
119 2 445
119 2 387
119 2 348
119 2 165
119 2 0
119 2 0
119 2 0
120 1 0
120 1 665
120 1 559
120 1 555
120 1 116
120 1 0
120 1 0
121 1 0
121 1 703
121 1 407
121 1 505
121 1 0
121 1 0
122 1 0
122 1 251
122 1 988
122 1 0
123 2 0
123 2 672
123 2 727
123 2 0
123 2 0
123 2 0
124 1 0
124 1 10
124 1 82
124 1 0
124 1 0
124 1 0
125 1 0
125 1 571
125 1 883
125 1 265
125 1 0
125 1 0
125 1 0
126 2 0
126 2 730
126 2 862
126 2 0
126 2 0
126 2 536
126 2 1000
126 2 0
127 2 0
127 2 313
127 2 903
127 2 0
127 2 0
127 2 33
127 2 0
128 1 0
128 1 109
128 1 853
128 1 825
128 1 972
128 1 0
128 1 0
128 1 0
128 1 29
128 1 0
129 2 0
129 2 720
129 2 502
129 2 346
129 2 461
129 2 90
129 2 0
130 1 0
130 1 596
130 1 467
130 1 382
130 1 46
130 1 104
130 1 0
130 1 0
131 2 0
131 2 296
131 2 145
131 2 32
131 2 0
131 2 0
131 2 824
131 2 412
131 2 0
132 2 0
132 2 364
132 2 743
132 2 860
132 2 723
132 2 236
132 2 912
132 2 0
133 2 0
133 2 271
133 2 827
133 2 156
133 2 728
133 2 823
133 2 0
133 2 0
133 2 0
134 2 0
134 2 385
134 2 122
134 2 905
134 2 890
134 2 845
134 2 295
134 2 0
134 2 0
135 1 0
135 1 301
135 1 626
135 1 0
135 1 0
135 1 0
136 1 0
136 1 523
136 1 995
136 1 0
137 1 0
137 1 634
137 1 566
137 1 176
137 1 978
137 1 0
137 1 0
137 1 0
137 1 0
138 1 0
138 1 42
138 1 615
138 1 327
138 1 619
138 1 53
138 1 503
138 1 0
138 1 0
139 2 0
139 2 240
139 2 249
139 2 0
139 2 0
139 2 875
139 2 506
139 2 993
139 2 0
139 2 0
139 2 0
140 2 0
140 2 406
140 2 202
140 2 0
141 2 0
141 2 653
141 2 448
141 2 196
141 2 872
141 2 377
141 2 0
141 2 0
141 2 818
141 2 786
141 2 0
141 2 0
141 2 0
142 1 0
142 1 670
142 1 698
142 1 35
142 1 253
142 1 760
142 1 651
142 1 895
142 1 0
142 1 0
142 1 0
142 1 0
143 2 0
143 2 409
143 2 384
143 2 362
143 2 0
144 2 0
144 2 744
144 2 625
144 2 981
144 2 72
144 2 308
144 2 105
144 2 961
144 2 0
144 2 0
145 1 0
145 1 127
145 1 372
145 1 0
145 1 0
145 1 0
146 2 0
146 2 514
146 2 498
146 2 357
146 2 73
146 2 548
146 2 617
146 2 381
146 2 0
146 2 0
146 2 0
146 2 0
147 1 0
147 1 402
147 1 636
147 1 733
147 1 635
147 1 632
147 1 737
147 1 0
147 1 0
147 1 0
147 1 0
148 2 0
148 2 917
148 2 60
148 2 0
149 2 0
149 2 69
149 2 765
149 2 913
149 2 0
149 2 0
149 2 0
150 1 0
150 1 811
150 1 373
150 1 0
150 1 0
150 1 0
151 2 0
151 2 681
151 2 598
151 2 326
151 2 331
151 2 317
151 2 556
151 2 0
151 2 0
151 2 0
151 2 0
152 1 0
152 1 722
152 1 98
152 1 986
152 1 0
152 1 0
152 1 0
152 1 740
152 1 0
153 1 0
153 1 982
153 1 368
153 1 123
153 1 834
153 1 263
153 1 0
153 1 0
153 1 0
153 1 305
153 1 0
154 1 0
154 1 374
154 1 788
154 1 522
154 1 0
154 1 0
154 1 0
154 1 222
154 1 0
155 2 0
155 2 773
155 2 464
155 2 370
155 2 450
155 2 959
155 2 671
155 2 209
155 2 0
155 2 0
155 2 0
155 2 0
156 1 0
156 1 277
156 1 916
156 1 56
156 1 162
156 1 633
156 1 984
156 1 579
156 1 0
156 1 0
156 1 0
156 1 0
157 1 0
157 1 690
157 1 914
157 1 713
157 1 829
157 1 0
157 1 0
158 1 0
158 1 22
158 1 316
158 1 325
158 1 5
158 1 155
158 1 0
158 1 0
158 1 0
158 1 0
159 1 0
159 1 449
159 1 460
159 1 0
159 1 0
159 1 588
159 1 49
159 1 386
159 1 0
159 1 0
160 1 0
160 1 725
160 1 0
161 2 0
161 2 243
161 2 884
161 2 0
161 2 0
161 2 195
161 2 0
162 1 0
162 1 303
162 1 482
162 1 901
162 1 667
162 1 0
162 1 0
162 1 0
162 1 0
163 1 0
163 1 184
163 1 893
163 1 747
163 1 674
163 1 0
163 1 0
163 1 0
163 1 0
164 1 0
164 1 0
165 2 0
165 2 745
165 2 0
165 2 0
165 2 108
165 2 433
165 2 242
165 2 0
166 1 0
166 1 224
166 1 238
166 1 198
166 1 507
166 1 900
166 1 0
166 1 0
166 1 0
166 1 87
166 1 0
166 1 0
166 1 0
167 1 0
167 1 643
167 1 0
167 1 0
167 1 569
167 1 68
167 1 0
168 1 0
168 1 859
168 1 966
168 1 416
168 1 210
168 1 491
168 1 299
168 1 882
168 1 0
168 1 0
169 1 0
169 1 137
169 1 131
169 1 979
169 1 0
169 1 0
169 1 0
169 1 0
170 2 0
170 2 924
170 2 597
170 2 549
170 2 517
170 2 486
170 2 915
170 2 552
170 2 252
170 2 55
170 2 0
170 2 0
171 1 0
171 1 618
171 1 0
171 1 0
171 1 451
171 1 241
171 1 0
171 1 0
172 1 0
172 1 684
172 1 120
172 1 286
172 1 623
172 1 378
172 1 280
172 1 0
172 1 0
172 1 0
172 1 0
173 1 0
173 1 194
173 1 347
173 1 115
173 1 649
173 1 117
173 1 206
173 1 0
173 1 0
173 1 0
173 1 0
174 2 0
174 2 867
174 2 197
174 2 21
174 2 139
174 2 260
174 2 219
174 2 0
174 2 0
175 1 0
175 1 268
175 1 0
175 1 0
175 1 704
175 1 639
175 1 0
175 1 0
176 1 0
176 1 267
176 1 333
176 1 0
176 1 0
177 2 0
177 2 322
177 2 499
177 2 0
178 2 0
178 2 61
178 2 631
178 2 946
178 2 353
178 2 443
178 2 427
178 2 0
178 2 0
179 1 0
179 1 297
179 1 0
179 1 0
180 2 0
180 2 103
180 2 244
180 2 567
180 2 528
180 2 361
180 2 962
180 2 858
180 2 711
180 2 0
180 2 0
181 2 0
181 2 100
181 2 227
181 2 878
181 2 599
181 2 0
181 2 0
181 2 0
181 2 0
182 1 0
182 1 770
182 1 422
182 1 0
182 1 0
182 1 0
182 1 152
182 1 0
183 1 0
183 1 129
183 1 169
183 1 585
183 1 836
183 1 0
183 1 0
184 2 0
184 2 256
184 2 215
184 2 691
184 2 306
184 2 787
184 2 65
184 2 431
184 2 0
184 2 0
185 2 0
185 2 379
185 2 768
185 2 159
185 2 629
185 2 952
185 2 0
185 2 0
186 1 0
186 1 953
186 1 174
186 1 147
186 1 26
186 1 0
186 1 0
186 1 0
186 1 146
186 1 0
186 1 0
187 1 0
187 1 560
187 1 344
187 1 0
187 1 0
188 1 0
188 1 483
188 1 52
188 1 343
188 1 452
188 1 285
188 1 0
188 1 0
188 1 0
188 1 0
189 1 0
189 1 228
189 1 963
189 1 739
189 1 0
189 1 0
190 1 0
190 1 403
190 1 851
190 1 931
190 1 358
190 1 696
190 1 519
190 1 0
190 1 0
190 1 0
190 1 0
191 1 0
191 1 20
191 1 132
191 1 769
191 1 0
191 1 0
191 1 0
191 1 96
191 1 76
191 1 0
191 1 0
192 2 0
192 2 261
192 2 533
192 2 637
192 2 0
192 2 0
192 2 0
192 2 795
192 2 0
193 2 0
193 2 203
193 2 926
193 2 121
193 2 896
193 2 879
193 2 3
193 2 0
193 2 0
194 2 0
194 2 821
194 2 258
194 2 62
194 2 405
194 2 0
194 2 0
194 2 0
194 2 75
194 2 0
195 2 0
195 2 111
195 2 933
195 2 0
195 2 0
195 2 0
195 2 864
195 2 375
195 2 892
195 2 0
195 2 0
196 1 0
196 1 312
196 1 302
196 1 687
196 1 363
196 1 0
196 1 0
196 1 0
196 1 0
197 1 0
197 1 16
197 1 388
197 1 736
197 1 766
197 1 888
197 1 0
197 1 0
197 1 0
197 1 0
198 1 0
198 1 592
198 1 575
198 1 0
198 1 0
198 1 0
198 1 2
198 1 547
198 1 0
198 1 0
199 2 0
199 2 70
199 2 67
199 2 658
199 2 833
199 2 300
199 2 537
199 2 731
199 2 0
199 2 0
199 2 0
199 2 0
200 2 0
200 2 355
200 2 444
200 2 589
200 2 278
200 2 889
200 2 0
200 2 0
200 2 0
200 2 0
201 1 0
201 1 1
201 1 0
201 1 0
201 1 0
201 1 350
201 1 0
201 1 0
201 1 0
201 1 0
202 1 0
202 1 804
202 1 0
202 1 0
202 1 0
202 1 138
202 1 110
202 1 0
202 1 0
203 1 0
203 1 234
203 1 239
203 1 968
203 1 337
203 1 0
203 1 0
203 1 0
203 1 439
203 1 0
203 1 0
204 1 0
204 1 487
204 1 775
204 1 729
204 1 390
204 1 0
204 1 0
204 1 0
204 1 594
204 1 0
204 1 0
205 2 0
205 2 262
205 2 213
205 2 0
205 2 0
205 2 0
205 2 822
205 2 315
205 2 0
205 2 0
205 2 0
205 2 0
206 1 0
206 1 225
206 1 620
206 1 231
206 1 0
206 1 0
206 1 0
206 1 0
207 2 0
207 2 886
207 2 500
207 2 780
207 2 50
207 2 572
207 2 527
207 2 235
207 2 0
207 2 0
207 2 0
207 2 0
208 1 0
208 1 614
208 1 48
208 1 13
208 1 0
208 1 0
209 2 0
209 2 774
209 2 702
209 2 395
209 2 551
209 2 0
209 2 0
210 1 0
210 1 688
210 1 540
210 1 424
210 1 935
210 1 0
210 1 0
210 1 0
210 1 0
211 1 0
211 1 143
211 1 985
211 1 958
211 1 51
211 1 0
211 1 0
211 1 0
211 1 0
212 2 0
212 2 185
212 2 987
212 2 762
212 2 421
212 2 192
212 2 469
212 2 19
212 2 957
212 2 0
212 2 0
212 2 0
212 2 0
213 1 0
213 1 956
213 1 179
213 1 869
213 1 0
213 1 0
214 1 0
214 1 583
214 1 584
214 1 0
214 1 0
214 1 0
214 1 0
215 2 0
215 2 359
215 2 77
215 2 708
215 2 0
215 2 0
215 2 0
215 2 0
216 1 0
216 1 39
216 1 474
216 1 0
216 1 521
216 1 371
216 1 274
216 1 0
216 1 0
216 1 0
216 1 0
217 1 0
217 1 270
217 1 12
217 1 0
217 1 0
