total cost: 339204
1 2 0
1 2 553
1 2 288
1 2 767
1 2 0
1 2 0
1 2 307
1 2 793
1 2 0
1 2 0
1 2 141
1 2 0
2 2 0
2 2 220
2 2 802
2 2 577
2 2 254
2 2 170
2 2 749
2 2 0
2 2 0
2 2 654
2 2 520
2 2 0
3 1 0
3 1 801
3 1 754
3 1 593
3 1 475
3 1 510
3 1 356
3 1 0
4 1 0
4 1 463
4 1 539
4 1 0
5 1 0
5 1 616
5 1 180
5 1 257
5 1 932
5 1 0
5 1 0
5 1 0
6 2 0
6 2 408
6 2 974
6 2 716
6 2 525
6 2 476
6 2 0
7 1 0
7 1 645
7 1 442
7 1 189
7 1 216
7 1 0
7 1 0
7 1 790
7 1 0
7 1 0
7 1 0
8 1 0
8 1 281
8 1 57
8 1 717
8 1 532
8 1 423
8 1 544
8 1 304
8 1 205
8 1 114
8 1 0
9 2 0
9 2 605
9 2 947
9 2 501
9 2 831
9 2 602
9 2 401
9 2 229
9 2 919
9 2 799
9 2 0
9 2 0
9 2 0
10 1 0
10 1 354
10 1 954
10 1 161
10 1 652
10 1 591
10 1 504
10 1 0
10 1 0
10 1 0
11 1 0
11 1 856
11 1 763
11 1 899
11 1 911
11 1 400
11 1 468
11 1 700
11 1 0
11 1 0
11 1 230
11 1 0
12 2 0
12 2 843
12 2 689
12 2 798
12 2 380
12 2 641
12 2 171
12 2 742
12 2 0
13 1 0
13 1 459
13 1 693
13 1 454
13 1 0
14 2 0
14 2 319
14 2 164
14 2 710
14 2 440
14 2 0
15 2 0
15 2 154
15 2 0
15 2 0
15 2 37
15 2 283
15 2 590
15 2 269
15 2 0
16 1 0
16 1 462
16 1 813
16 1 473
16 1 609
16 1 293
16 1 0
16 1 0
16 1 8
16 1 535
16 1 0
17 1 0
17 1 4
17 1 250
17 1 237
17 1 58
17 1 0
17 1 0
17 1 124
17 1 561
17 1 0
18 1 0
18 1 865
18 1 428
18 1 820
18 1 489
18 1 391
18 1 0
18 1 0
18 1 714
18 1 148
18 1 0
19 2 0
19 2 478
19 2 846
19 2 335
19 2 807
19 2 0
20 2 0
20 2 841
20 2 7
20 2 101
20 2 543
20 2 437
20 2 992
20 2 923
20 2 436
20 2 0
20 2 0
20 2 0
21 2 0
21 2 570
21 2 759
21 2 975
21 2 810
21 2 276
21 2 0
22 2 0
22 2 284
22 2 826
22 2 470
22 2 217
22 2 897
22 2 345
22 2 880
22 2 0
22 2 0
22 2 0
23 1 0
23 1 565
23 1 871
23 1 850
23 1 541
23 1 36
23 1 264
23 1 63
23 1 99
23 1 0
24 2 0
24 2 92
24 2 732
24 2 600
24 2 0
25 2 0
25 2 64
25 2 783
25 2 106
25 2 815
25 2 360
25 2 0
26 2 0
26 2 682
26 2 922
26 2 531
26 2 806
26 2 873
26 2 990
26 2 223
26 2 844
26 2 0
27 1 0
27 1 291
27 1 542
27 1 133
27 1 707
27 1 246
27 1 0
27 1 0
27 1 612
27 1 0
28 1 0
28 1 866
28 1 128
28 1 741
28 1 107
28 1 0
28 1 0
28 1 352
28 1 477
28 1 0
29 2 0
29 2 816
29 2 863
29 2 868
29 2 910
29 2 524
29 2 279
29 2 0
29 2 0
29 2 248
29 2 0
30 2 0
30 2 158
30 2 338
30 2 939
30 2 204
30 2 563
30 2 964
30 2 940
30 2 314
30 2 125
30 2 0
31 1 0
31 1 113
31 1 529
31 1 738
31 1 907
31 1 349
31 1 0
31 1 0
31 1 855
31 1 0
32 2 0
32 2 389
32 2 580
32 2 538
32 2 446
32 2 495
32 2 397
32 2 512
32 2 212
32 2 692
32 2 0
33 2 0
33 2 54
33 2 925
33 2 9
33 2 324
33 2 648
33 2 290
33 2 0
33 2 0
33 2 967
33 2 0
34 1 0
34 1 17
34 1 715
34 1 418
34 1 902
34 1 84
34 1 885
34 1 323
34 1 178
34 1 0
35 1 0
35 1 14
35 1 666
35 1 232
35 1 808
35 1 676
35 1 969
35 1 852
35 1 0
36 2 0
36 2 441
36 2 934
36 2 207
36 2 168
36 2 803
36 2 516
36 2 44
36 2 383
36 2 0
36 2 0
36 2 0
37 1 0
37 1 606
37 1 955
37 1 45
37 1 809
37 1 430
37 1 977
37 1 396
37 1 685
37 1 936
37 1 630
37 1 1044
37 1 0
37 1 1044
37 1 0
38 1 0
38 1 153
38 1 394
38 1 453
38 1 88
38 1 0
38 1 0
38 1 721
38 1 678
38 1 508
38 1 0
39 1 0
39 1 603
39 1 796
39 1 644
39 1 0
40 1 0
40 1 791
40 1 945
40 1 259
40 1 191
40 1 0
41 1 0
41 1 472
41 1 785
41 1 0
41 1 0
41 1 0
42 1 0
42 1 949
42 1 0
43 2 0
43 2 677
43 2 41
43 2 136
43 2 200
43 2 0
44 1 0
44 1 837
44 1 909
44 1 0
45 1 0
45 1 784
45 1 86
45 1 0
46 1 0
46 1 650
46 1 398
46 1 208
46 1 0
47 2 0
47 2 550
47 2 0
48 1 0
48 1 456
48 1 102
48 1 610
48 1 574
48 1 419
48 1 621
48 1 0
48 1 0
48 1 0
49 2 0
49 2 255
49 2 647
49 2 611
49 2 455
49 2 0
49 2 0
49 2 0
50 1 0
50 1 40
50 1 399
50 1 680
50 1 748
50 1 166
50 1 11
50 1 27
50 1 0
50 1 0
50 1 0
51 2 0
51 2 921
51 2 351
51 2 679
51 2 576
51 2 0
51 2 0
51 2 0
52 2 0
52 2 336
52 2 369
52 2 854
52 2 426
52 2 0
52 2 0
52 2 163
52 2 513
52 2 545
52 2 0
53 1 0
53 1 817
53 1 157
53 1 199
53 1 410
53 1 151
53 1 970
53 1 0
54 2 0
54 2 608
54 2 193
54 2 0
54 2 0
54 2 130
54 2 74
54 2 0
54 2 0
54 2 0
55 1 0
55 1 518
55 1 497
55 1 404
55 1 0
55 1 0
55 1 435
55 1 686
55 1 835
55 1 490
55 1 471
55 1 0
56 1 0
56 1 562
56 1 943
56 1 310
56 1 941
56 1 0
56 1 0
56 1 664
56 1 0
57 1 0
57 1 266
57 1 930
57 1 771
57 1 492
57 1 438
57 1 581
57 1 509
57 1 0
57 1 0
57 1 0
58 1 0
58 1 752
58 1 485
58 1 965
58 1 971
58 1 0
58 1 0
58 1 0
59 2 0
59 2 93
59 2 417
59 2 181
59 2 135
59 2 289
59 2 0
60 2 0
60 2 980
60 2 724
60 2 0
61 2 0
61 2 906
61 2 604
61 2 0
62 2 0
62 2 95
62 2 0
63 2 0
63 2 292
63 2 38
63 2 757
63 2 776
63 2 668
63 2 0
64 2 0
64 2 699
64 2 996
64 2 697
64 2 81
64 2 628
64 2 937
64 2 211
64 2 761
64 2 595
64 2 0
65 1 0
65 1 340
65 1 781
65 1 188
65 1 425
65 1 0
65 1 0
65 1 94
65 1 0
66 2 0
66 2 646
66 2 392
66 2 366
66 2 85
66 2 0
66 2 0
66 2 876
66 2 753
66 2 838
66 2 342
66 2 0
67 1 0
67 1 989
67 1 751
67 1 673
67 1 0
67 1 0
67 1 160
67 1 861
67 1 457
67 1 960
67 1 734
67 1 0
68 1 0
68 1 814
68 1 918
68 1 309
68 1 0
68 1 0
68 1 0
69 1 0
69 1 275
69 1 973
69 1 0
69 1 0
69 1 568
69 1 779
69 1 0
69 1 0
69 1 0
70 1 0
70 1 511
70 1 777
70 1 79
70 1 663
70 1 0
70 1 0
70 1 47
70 1 0
71 2 0
71 2 321
71 2 233
71 2 701
71 2 177
71 2 494
71 2 0
72 2 0
72 2 447
72 2 840
72 2 929
72 2 705
72 2 0
72 2 0
72 2 0
73 1 0
73 1 186
73 1 484
73 1 172
73 1 948
73 1 0
74 2 0
74 2 756
74 2 134
74 2 175
74 2 376
74 2 601
74 2 140
74 2 515
74 2 0
74 2 0
74 2 0
75 1 0
75 1 150
75 1 944
75 1 669
75 1 857
75 1 0
76 1 0
76 1 794
76 1 874
76 1 828
76 1 0
76 1 0
76 1 694
76 1 481
76 1 434
76 1 0
77 1 0
77 1 328
77 1 755
77 1 997
77 1 493
77 1 800
77 1 778
77 1 0
77 1 0
77 1 0
78 2 0
78 2 183
78 2 218
78 2 80
78 2 709
78 2 311
78 2 0
78 2 0
78 2 0
79 2 0
79 2 226
79 2 887
79 2 118
79 2 656
79 2 672
79 2 0
79 2 0
79 2 0
80 1 0
80 1 411
80 1 247
80 1 190
80 1 0
80 1 0
80 1 0
81 1 0
81 1 18
81 1 891
81 1 341
81 1 571
81 1 883
81 1 942
81 1 994
81 1 824
81 1 0
81 1 0
81 1 0
81 1 0
82 2 0
82 2 329
82 2 991
82 2 578
82 2 365
82 2 0
82 2 0
82 2 718
82 2 0
82 2 0
82 2 0
83 1 0
83 1 564
83 1 695
83 1 0
84 2 0
84 2 273
84 2 894
84 2 25
84 2 582
84 2 726
84 2 758
84 2 587
84 2 0
85 1 0
85 1 30
85 1 805
85 1 466
85 1 735
85 1 0
86 1 0
86 1 557
86 1 0
87 2 0
87 2 330
87 2 287
87 2 0
87 2 0
87 2 0
88 2 0
88 2 480
88 2 119
88 2 28
88 2 0
89 1 0
89 1 675
89 1 881
89 1 298
89 1 0
89 1 0
89 1 0
90 2 0
90 2 640
90 2 420
90 2 554
90 2 998
90 2 15
90 2 432
90 2 847
90 2 624
90 2 0
90 2 0
90 2 0
90 2 0
91 1 0
91 1 334
91 1 938
91 1 950
91 1 467
91 1 465
91 1 0
91 1 0
91 1 43
91 1 479
91 1 0
92 1 0
92 1 167
92 1 782
92 1 764
92 1 819
92 1 0
92 1 0
92 1 586
92 1 904
92 1 812
92 1 0
93 1 0
93 1 870
93 1 272
93 1 0
93 1 0
93 1 661
93 1 182
93 1 0
94 1 0
94 1 999
94 1 622
94 1 719
94 1 187
94 1 488
94 1 301
94 1 127
94 1 0
94 1 0
94 1 0
94 1 0
95 1 0
95 1 429
95 1 988
95 1 927
95 1 318
95 1 0
95 1 0
95 1 877
95 1 0
96 2 0
96 2 797
96 2 746
96 2 660
96 2 558
96 2 983
96 2 706
96 2 0
97 1 0
97 1 282
97 1 413
97 1 683
97 1 0
97 1 0
97 1 33
97 1 0
98 1 0
98 1 31
98 1 849
98 1 832
98 1 976
98 1 875
98 1 122
98 1 905
98 1 890
98 1 0
98 1 0
98 1 0
98 1 0
99 2 0
99 2 59
99 2 173
99 2 659
99 2 848
99 2 91
99 2 750
99 2 0
99 2 0
99 2 0
100 1 0
100 1 393
100 1 536
100 1 0
101 1 0
101 1 23
101 1 0
102 2 0
102 2 655
102 2 712
102 2 653
102 2 0
102 2 0
102 2 662
102 2 619
102 2 895
102 2 0
103 1 0
103 1 97
103 1 842
103 1 0
104 1 0
104 1 71
104 1 0
105 1 0
105 1 458
105 1 534
105 1 792
105 1 332
105 1 613
105 1 0
105 1 0
105 1 0
105 1 0
106 1 0
106 1 0
107 2 0
107 2 657
107 2 0
107 2 0
107 2 951
107 2 245
107 2 53
107 2 503
107 2 0
108 2 0
108 2 496
108 2 406
108 2 0
109 2 0
109 2 830
109 2 730
109 2 0
109 2 0
109 2 546
109 2 66
109 2 0
110 2 0
110 2 149
110 2 634
110 2 825
110 2 387
110 2 348
110 2 0
110 2 0
110 2 607
110 2 789
110 2 0
111 2 0
111 2 294
111 2 596
111 2 214
111 2 0
111 2 0
111 2 367
111 2 265
111 2 0
112 1 0
112 1 126
112 1 0
112 1 0
112 1 642
112 1 414
112 1 505
112 1 0
113 1 0
113 1 78
113 1 627
113 1 898
113 1 0
114 2 0
114 2 445
114 2 69
114 2 1000
114 2 913
114 2 0
114 2 0
114 2 0
115 1 0
115 1 665
115 1 559
115 1 555
115 1 34
115 1 339
115 1 526
115 1 928
115 1 0
115 1 0
115 1 0
115 1 0
116 1 0
116 1 10
116 1 727
116 1 0
116 1 0
116 1 0
117 2 0
117 2 703
117 2 144
117 2 908
117 2 548
117 2 823
117 2 381
117 2 617
117 2 0
117 2 0
118 1 0
118 1 251
118 1 720
118 1 346
118 1 461
118 1 46
118 1 104
118 1 0
118 1 0
119 1 0
119 1 313
119 1 903
119 1 0
119 1 0
119 1 530
119 1 920
119 1 638
119 1 772
119 1 0
119 1 0
119 1 0
119 1 0
120 1 0
120 1 109
120 1 853
120 1 972
120 1 978
120 1 0
120 1 0
120 1 0
120 1 82
120 1 0
120 1 0
120 1 0
121 2 0
121 2 296
121 2 0
121 2 0
121 2 221
121 2 0
122 2 0
122 2 142
122 2 320
122 2 460
122 2 725
122 2 0
122 2 0
122 2 818
122 2 786
122 2 0
122 2 0
122 2 0
123 2 0
123 2 862
123 2 744
123 2 145
123 2 839
123 2 573
123 2 0
123 2 0
123 2 165
123 2 305
123 2 68
123 2 0
124 1 0
124 1 502
124 1 986
124 1 98
124 1 0
124 1 0
124 1 0
124 1 112
124 1 506
124 1 0
125 1 0
125 1 364
125 1 743
125 1 860
125 1 236
125 1 0
125 1 0
125 1 0
125 1 24
125 1 412
125 1 0
126 1 0
126 1 407
126 1 827
126 1 728
126 1 0
126 1 0
127 2 0
127 2 385
127 2 615
127 2 327
127 2 740
127 2 0
128 1 0
128 1 42
128 1 698
128 1 35
128 1 253
128 1 760
128 1 651
128 1 0
128 1 0
129 1 0
129 1 271
129 1 498
129 1 156
129 1 73
129 1 0
129 1 0
130 1 0
130 1 240
130 1 249
130 1 0
130 1 0
130 1 0
130 1 811
130 1 317
130 1 0
130 1 0
130 1 0
131 1 0
131 1 670
131 1 690
131 1 123
131 1 834
131 1 263
131 1 845
131 1 0
131 1 0
131 1 0
131 1 0
132 1 0
132 1 409
132 1 384
132 1 382
132 1 90
132 1 0
132 1 0
133 1 0
133 1 514
133 1 914
133 1 357
133 1 579
133 1 984
133 1 829
133 1 295
133 1 0
133 1 0
134 2 0
134 2 402
134 2 733
134 2 636
134 2 83
134 2 0
134 2 0
134 2 0
135 2 0
135 2 32
135 2 60
135 2 6
135 2 912
135 2 0
136 2 0
136 2 917
136 2 202
136 2 372
136 2 0
136 2 0
136 2 0
137 1 0
137 1 448
137 1 196
137 1 131
137 1 522
137 1 872
137 1 331
137 1 326
137 1 0
137 1 0
137 1 0
137 1 0
138 1 0
138 1 681
138 1 598
138 1 373
138 1 116
138 1 322
138 1 0
138 1 0
138 1 0
138 1 0
139 2 0
139 2 722
139 2 981
139 2 723
139 2 210
139 2 433
139 2 242
139 2 0
139 2 0
139 2 0
139 2 0
140 1 0
140 1 523
140 1 0
141 1 0
141 1 982
141 1 953
141 1 713
141 1 795
141 1 0
141 1 0
141 1 0
141 1 0
142 2 0
142 2 374
142 2 788
142 2 137
142 2 377
142 2 0
142 2 0
142 2 995
142 2 222
142 2 0
142 2 0
142 2 0
143 1 0
143 1 22
143 1 316
143 1 325
143 1 176
143 1 5
143 1 155
143 1 0
143 1 0
143 1 0
143 1 0
144 1 0
144 1 773
144 1 464
144 1 635
144 1 632
144 1 0
144 1 0
144 1 0
144 1 0
145 2 0
145 2 277
145 2 916
145 2 962
145 2 162
145 2 633
145 2 0
145 2 0
146 2 0
146 2 765
146 2 0
147 2 0
147 2 566
147 2 0
147 2 0
147 2 626
147 2 0
147 2 0
147 2 0
148 1 0
148 1 449
148 1 194
148 1 893
148 1 597
148 1 549
148 1 286
148 1 486
148 1 915
148 1 0
148 1 0
148 1 0
148 1 0
149 2 0
149 2 450
149 2 303
149 2 959
149 2 308
149 2 49
149 2 704
149 2 415
149 2 201
149 2 0
149 2 0
150 2 0
150 2 243
150 2 884
150 2 0
150 2 0
150 2 588
150 2 993
150 2 0
151 2 0
151 2 625
151 2 224
151 2 238
151 2 507
151 2 649
151 2 491
151 2 299
151 2 882
151 2 0
151 2 0
152 2 0
152 2 370
152 2 61
152 2 528
152 2 567
152 2 361
152 2 353
152 2 443
152 2 711
152 2 0
152 2 0
152 2 0
152 2 0
153 1 0
153 1 0
154 2 0
154 2 745
154 2 0
154 2 0
154 2 556
154 2 499
154 2 0
155 2 0
155 2 184
155 2 747
155 2 674
155 2 517
155 2 0
155 2 0
155 2 195
155 2 737
155 2 386
155 2 0
156 2 0
156 2 643
156 2 0
156 2 0
156 2 569
156 2 0
157 1 0
157 1 966
157 1 859
157 1 924
157 1 552
157 1 252
157 1 241
157 1 0
157 1 0
157 1 0
157 1 0
158 1 0
158 1 362
158 1 146
158 1 76
158 1 0
158 1 0
159 2 0
159 2 198
159 2 129
159 2 227
159 2 117
159 2 378
159 2 0
159 2 0
159 2 0
159 2 0
160 2 0
160 2 451
160 2 55
160 2 87
160 2 0
161 1 0
161 1 268
161 1 867
161 1 0
161 1 0
161 1 0
161 1 0
162 1 0
162 1 618
162 1 0
162 1 0
162 1 108
162 1 0
163 1 0
163 1 684
163 1 120
163 1 623
163 1 878
163 1 585
163 1 0
163 1 0
163 1 0
163 1 0
164 1 0
164 1 368
164 1 691
164 1 174
164 1 306
164 1 0
164 1 0
164 1 0
164 1 29
164 1 0
165 2 0
165 2 482
165 2 379
165 2 159
165 2 671
165 2 105
165 2 961
165 2 629
165 2 0
165 2 0
166 1 0
166 1 416
166 1 100
166 1 280
166 1 169
166 1 0
166 1 0
167 1 0
167 1 267
167 1 21
167 1 139
167 1 260
167 1 219
167 1 0
167 1 0
167 1 0
167 1 0
168 1 0
168 1 72
168 1 901
168 1 206
168 1 879
168 1 836
168 1 0
168 1 0
168 1 0
168 1 0
169 2 0
169 2 103
169 2 946
169 2 631
169 2 963
169 2 769
169 2 427
169 2 228
169 2 639
169 2 0
169 2 0
170 1 0
170 1 900
170 1 667
170 1 952
170 1 75
170 1 0
170 1 0
171 2 0
171 2 770
171 2 422
171 2 197
171 2 687
171 2 614
171 2 0
171 2 0
171 2 0
171 2 0
172 1 0
172 1 333
172 1 363
172 1 599
172 1 3
172 1 547
172 1 0
172 1 0
173 1 0
173 1 979
173 1 0
173 1 0
173 1 0
173 1 0
174 2 0
174 2 256
174 2 215
174 2 355
174 2 278
174 2 787
174 2 65
174 2 739
174 2 431
174 2 0
174 2 0
175 1 0
175 1 297
175 1 858
175 1 0
175 1 0
176 1 0
176 1 244
176 1 261
176 1 736
176 1 766
176 1 637
176 1 0
176 1 0
176 1 0
176 1 0
177 1 0
177 1 560
177 1 344
177 1 0
177 1 0
178 1 0
178 1 483
178 1 343
178 1 575
178 1 0
178 1 0
178 1 0
178 1 152
178 1 0
179 2 0
179 2 52
179 2 768
179 2 1
179 2 213
179 2 0
179 2 0
179 2 0
179 2 0
180 2 0
180 2 115
180 2 347
180 2 358
180 2 225
180 2 696
180 2 519
180 2 0
180 2 0
180 2 0
180 2 0
181 1 0
181 1 403
181 1 931
181 1 851
181 1 892
181 1 0
181 1 0
181 1 0
181 1 0
182 1 0
182 1 20
182 1 132
182 1 444
182 1 147
182 1 0
182 1 0
182 1 0
182 1 0
183 1 0
183 1 203
183 1 821
183 1 452
183 1 926
183 1 0
183 1 0
183 1 0
183 1 96
183 1 0
183 1 0
184 2 0
184 2 258
184 2 592
184 2 62
184 2 405
184 2 896
184 2 0
184 2 0
184 2 0
184 2 0
185 2 0
185 2 533
185 2 388
185 2 262
185 2 0
185 2 0
185 2 0
185 2 864
185 2 375
185 2 0
185 2 0
186 2 0
186 2 111
186 2 933
186 2 0
186 2 0
186 2 0
186 2 209
186 2 439
186 2 315
186 2 0
186 2 0
186 2 0
186 2 0
187 1 0
187 1 312
187 1 302
187 1 833
187 1 658
187 1 0
187 1 0
187 1 0
187 1 0
188 1 0
188 1 16
188 1 143
188 1 26
188 1 39
188 1 0
188 1 0
188 1 0
188 1 0
189 1 0
189 1 70
189 1 67
189 1 537
189 1 583
189 1 0
189 1 0
189 1 0
189 1 0
190 2 0
190 2 350
190 2 0
190 2 0
190 2 0
190 2 2
190 2 0
191 1 0
191 1 804
191 1 886
191 1 500
191 1 0
191 1 0
191 1 0
191 1 138
191 1 110
191 1 620
191 1 0
191 1 0
192 1 0
192 1 487
192 1 775
192 1 390
192 1 239
192 1 0
192 1 0
192 1 0
192 1 594
192 1 395
192 1 0
192 1 0
193 2 0
193 2 234
193 2 688
193 2 968
193 2 337
193 2 935
193 2 0
193 2 0
193 2 0
193 2 822
193 2 0
193 2 0
193 2 0
193 2 0
194 2 0
194 2 729
194 2 192
194 2 762
194 2 469
194 2 527
194 2 572
194 2 235
194 2 0
194 2 0
194 2 0
194 2 0
195 2 0
195 2 285
195 2 121
195 2 300
195 2 731
195 2 584
195 2 0
195 2 0
195 2 0
195 2 0
196 1 0
196 1 589
196 1 56
196 1 0
196 1 774
196 1 889
196 1 0
196 1 0
196 1 0
196 1 0
197 1 0
197 1 702
197 1 19
197 1 0
197 1 0
198 1 0
198 1 551
198 1 371
198 1 0
198 1 0
198 1 0
198 1 0
199 2 0
199 2 888
199 2 0
199 2 0
200 2 0
200 2 424
200 2 987
200 2 0
200 2 0
200 2 0
200 2 231
200 2 0
200 2 0
201 1 0
201 1 185
201 1 958
201 1 985
201 1 51
201 1 0
201 1 0
201 1 0
201 1 0
202 2 0
202 2 780
202 2 421
202 2 50
202 2 359
202 2 77
202 2 0
202 2 0
202 2 0
202 2 0
203 2 0
203 2 956
203 2 179
203 2 957
203 2 869
203 2 708
203 2 0
203 2 0
204 1 0
204 1 540
204 1 48
204 1 0
204 1 521
204 1 274
204 1 0
204 1 0
205 1 0
205 1 474
205 1 0
205 1 0
205 1 0
205 1 270
205 1 12
205 1 0
205 1 0
206 1 0
206 1 89
206 1 0
207 1 0
207 1 13
207 1 0
207 1 0
