total cost: 346481
1 2 0
1 2 553
1 2 288
1 2 767
1 2 0
1 2 0
1 2 307
1 2 793
1 2 0
1 2 0
1 2 141
1 2 0
2 1 0
2 1 220
2 1 802
2 1 577
2 1 254
2 1 0
2 1 0
2 1 180
2 1 257
2 1 932
2 1 0
3 2 0
3 2 616
3 2 161
3 2 652
3 2 0
3 2 0
3 2 0
4 1 0
4 1 954
4 1 654
4 1 520
4 1 0
5 1 0
5 1 463
5 1 539
5 1 459
5 1 693
5 1 454
5 1 0
5 1 0
5 1 790
5 1 0
5 1 0
5 1 0
6 2 0
6 2 408
6 2 801
6 2 754
6 2 593
6 2 475
6 2 510
6 2 356
6 2 0
7 1 0
7 1 645
7 1 865
7 1 189
7 1 442
7 1 92
7 1 0
7 1 0
7 1 612
7 1 0
8 1 0
8 1 605
8 1 974
8 1 401
8 1 229
8 1 0
9 2 0
9 2 57
9 2 281
9 2 843
9 2 170
9 2 749
9 2 689
9 2 525
9 2 476
9 2 0
10 1 0
10 1 856
10 1 4
10 1 501
10 1 250
10 1 911
10 1 468
10 1 700
10 1 0
10 1 0
10 1 230
10 1 0
11 1 0
11 1 354
11 1 0
12 1 0
12 1 319
12 1 716
12 1 0
13 2 0
13 2 164
13 2 717
13 2 532
13 2 423
13 2 0
14 1 0
14 1 37
14 1 14
14 1 855
14 1 808
14 1 512
14 1 397
14 1 212
14 1 0
15 2 0
15 2 154
15 2 0
15 2 0
15 2 124
15 2 919
15 2 799
15 2 148
15 2 0
16 2 0
16 2 462
16 2 813
16 2 478
16 2 570
16 2 0
16 2 0
16 2 591
16 2 504
16 2 0
17 1 0
17 1 947
17 1 602
17 1 284
17 1 171
17 1 742
17 1 0
18 2 0
18 2 391
18 2 544
18 2 798
18 2 380
18 2 205
18 2 114
18 2 0
19 1 0
19 1 763
19 1 899
19 1 826
19 1 922
19 1 531
19 1 217
19 1 0
19 1 0
19 1 283
19 1 590
19 1 0
20 2 0
20 2 710
20 2 440
20 2 216
20 2 650
20 2 95
20 2 323
20 2 178
20 2 0
21 1 0
21 1 8
21 1 561
21 1 535
21 1 0
22 2 0
22 2 841
22 2 543
22 2 101
22 2 783
22 2 470
22 2 106
22 2 815
22 2 360
22 2 0
23 1 0
23 1 400
23 1 682
23 1 831
23 1 939
23 1 0
23 1 0
23 1 975
23 1 810
23 1 276
23 1 0
23 1 0
23 1 0
24 2 0
24 2 565
24 2 871
24 2 850
24 2 58
24 2 237
24 2 0
24 2 0
24 2 714
24 2 248
24 2 0
25 1 0
25 1 428
25 1 820
25 1 54
25 1 732
25 1 600
25 1 0
25 1 0
25 1 0
26 1 0
26 1 489
26 1 741
26 1 107
26 1 0
27 1 0
27 1 64
27 1 304
27 1 641
27 1 477
27 1 897
27 1 0
28 2 0
28 2 291
28 2 7
28 2 437
28 2 992
28 2 923
28 2 436
28 2 0
28 2 0
28 2 0
29 1 0
29 1 473
29 1 738
29 1 609
29 1 863
29 1 0
29 1 0
29 1 352
29 1 967
29 1 0
30 2 0
30 2 128
30 2 925
30 2 9
30 2 721
30 2 678
30 2 508
30 2 0
31 2 0
31 2 866
31 2 17
31 2 418
31 2 292
31 2 208
31 2 38
31 2 0
32 1 0
32 1 846
32 1 335
32 1 807
32 1 0
33 1 0
33 1 816
33 1 113
33 1 910
33 1 524
33 1 63
33 1 279
33 1 0
33 1 0
33 1 0
34 1 0
34 1 158
34 1 541
34 1 36
34 1 264
34 1 99
34 1 0
34 1 0
34 1 0
35 2 0
35 2 868
35 2 603
35 2 796
35 2 608
35 2 513
35 2 906
35 2 545
35 2 0
35 2 0
35 2 0
36 1 0
36 1 389
36 1 580
36 1 538
36 1 446
36 1 495
36 1 949
36 1 692
36 1 852
36 1 0
37 1 0
37 1 338
37 1 759
37 1 204
37 1 563
37 1 964
37 1 940
37 1 314
37 1 0
37 1 0
37 1 0
38 2 0
38 2 907
38 2 349
38 2 472
38 2 0
38 2 0
38 2 293
38 2 0
39 1 0
39 1 529
39 1 969
39 1 803
39 1 66
39 1 516
39 1 0
39 1 0
39 1 0
40 2 0
40 2 441
40 2 666
40 2 207
40 2 168
40 2 71
40 2 661
40 2 44
40 2 383
40 2 0
40 2 0
40 2 0
41 2 0
41 2 606
41 2 955
41 2 542
41 2 707
41 2 246
41 2 40
41 2 2
41 2 990
41 2 223
41 2 0
42 1 0
42 1 153
42 1 394
42 1 329
42 1 934
42 1 0
42 1 0
42 1 550
42 1 784
42 1 125
42 1 191
42 1 0
43 1 0
43 1 715
43 1 511
43 1 902
43 1 425
43 1 776
43 1 0
44 2 0
44 2 232
44 2 676
44 2 546
44 2 0
45 2 0
45 2 133
45 2 664
45 2 752
45 2 0
45 2 0
45 2 269
45 2 0
46 2 0
46 2 791
46 2 945
46 2 880
46 2 345
46 2 0
47 2 0
47 2 785
47 2 455
47 2 74
47 2 724
47 2 0
48 1 0
48 1 837
48 1 909
48 1 0
49 2 0
49 2 677
49 2 259
49 2 0
50 1 0
50 1 163
50 1 679
50 1 0
51 2 0
51 2 456
51 2 102
51 2 610
51 2 574
51 2 419
51 2 621
51 2 944
51 2 669
51 2 0
51 2 0
51 2 0
52 1 0
52 1 255
52 1 647
52 1 611
52 1 980
52 1 86
52 1 0
52 1 0
52 1 0
53 1 0
53 1 921
53 1 351
53 1 0
53 1 0
53 1 130
53 1 576
53 1 0
54 2 0
54 2 45
54 2 809
54 2 814
54 2 430
54 2 977
54 2 396
54 2 844
54 2 438
54 2 0
55 2 0
55 2 336
55 2 369
55 2 854
55 2 426
55 2 0
55 2 0
55 2 94
55 2 885
55 2 0
56 2 0
56 2 817
56 2 157
56 2 199
56 2 324
56 2 648
56 2 290
56 2 0
56 2 0
56 2 0
57 2 0
57 2 518
57 2 497
57 2 404
57 2 247
57 2 0
57 2 0
57 2 435
57 2 835
57 2 0
58 2 0
58 2 562
58 2 266
58 2 399
58 2 680
58 2 873
58 2 694
58 2 136
58 2 200
58 2 0
59 2 0
59 2 806
59 2 93
59 2 417
59 2 181
59 2 0
60 1 0
60 1 699
60 1 646
60 1 392
60 1 30
60 1 628
60 1 937
60 1 0
60 1 0
60 1 0
61 1 0
61 1 340
61 1 781
61 1 188
61 1 84
61 1 709
61 1 757
61 1 0
61 1 0
61 1 0
62 2 0
62 2 41
62 2 568
62 2 918
62 2 309
62 2 0
62 2 0
62 2 0
63 1 0
63 1 876
63 1 753
63 1 929
63 1 0
64 2 0
64 2 989
64 2 751
64 2 673
64 2 485
64 2 226
64 2 0
64 2 0
64 2 398
64 2 80
64 2 311
64 2 0
65 2 0
65 2 996
65 2 697
65 2 870
65 2 81
65 2 289
65 2 211
65 2 0
66 2 0
66 2 160
66 2 233
66 2 686
66 2 183
66 2 490
66 2 471
66 2 0
67 2 0
67 2 970
67 2 27
67 2 434
67 2 0
68 2 0
68 2 644
68 2 447
68 2 840
68 2 705
68 2 0
68 2 0
68 2 0
69 1 0
69 1 275
69 1 310
69 1 581
69 1 936
69 1 630
69 1 0
70 1 0
70 1 151
70 1 965
70 1 971
70 1 734
70 1 480
70 1 0
71 2 0
71 2 166
71 2 11
71 2 0
72 2 0
72 2 410
72 2 887
72 2 973
72 2 118
72 2 0
72 2 0
72 2 47
72 2 0
73 2 0
73 2 943
73 2 941
73 2 685
73 2 509
73 2 481
73 2 0
73 2 0
73 2 0
74 1 0
74 1 321
74 1 134
74 1 177
74 1 701
74 1 0
75 1 0
75 1 186
75 1 484
75 1 172
75 1 761
75 1 595
75 1 758
75 1 0
75 1 0
75 1 0
75 1 0
76 2 0
76 2 756
76 2 794
76 2 175
76 2 376
76 2 601
76 2 140
76 2 515
76 2 0
76 2 0
76 2 0
77 2 0
77 2 150
77 2 193
77 2 173
77 2 848
77 2 838
77 2 342
77 2 607
77 2 0
78 1 0
78 1 328
78 1 334
78 1 755
78 1 997
78 1 493
78 1 778
78 1 0
78 1 0
78 1 0
79 1 0
79 1 748
79 1 479
79 1 0
80 2 0
80 2 411
80 2 642
80 2 190
80 2 832
80 2 857
80 2 0
81 2 0
81 2 960
81 2 24
81 2 0
82 2 0
82 2 930
82 2 771
82 2 492
82 2 413
82 2 10
82 2 0
83 2 0
83 2 18
83 2 891
83 2 341
83 2 571
83 2 672
83 2 0
83 2 0
83 2 0
84 2 0
84 2 564
84 2 695
84 2 657
84 2 703
84 2 0
84 2 0
84 2 718
84 2 0
84 2 0
84 2 0
85 1 0
85 1 273
85 1 797
85 1 805
85 1 466
85 1 587
85 1 0
86 2 0
86 2 604
86 2 23
86 2 0
87 1 0
87 1 861
87 1 393
87 1 457
87 1 119
87 1 28
87 1 0
88 2 0
88 2 557
88 2 668
88 2 0
89 2 0
89 2 330
89 2 0
90 2 0
90 2 366
90 2 272
90 2 85
90 2 0
90 2 0
90 2 675
90 2 881
90 2 298
90 2 0
91 2 0
91 2 640
91 2 777
91 2 665
91 2 998
91 2 554
91 2 624
91 2 904
91 2 0
91 2 0
91 2 0
92 2 0
92 2 167
92 2 938
92 2 294
92 2 97
92 2 800
92 2 465
92 2 842
92 2 0
92 2 0
92 2 0
93 1 0
93 1 59
93 1 659
93 1 951
93 1 245
93 1 53
93 1 619
93 1 895
93 1 0
93 1 0
93 1 0
93 1 0
94 1 0
94 1 586
94 1 79
94 1 494
94 1 812
94 1 847
94 1 0
94 1 0
94 1 0
94 1 0
95 1 0
95 1 779
95 1 135
95 1 0
96 2 0
96 2 999
96 2 719
96 2 622
96 2 573
96 2 883
96 2 942
96 2 994
96 2 824
96 2 0
96 2 0
96 2 0
97 1 0
97 1 429
97 1 894
97 1 25
97 1 582
97 1 726
97 1 83
97 1 0
97 1 0
97 1 0
97 1 0
98 2 0
98 2 948
98 2 0
99 1 0
99 1 282
99 1 819
99 1 0
99 1 0
99 1 877
99 1 0
100 2 0
100 2 31
100 2 746
100 2 660
100 2 558
100 2 983
100 2 706
100 2 0
101 2 0
101 2 735
101 2 0
102 2 0
102 2 764
102 2 126
102 2 730
102 2 0
102 2 0
102 2 662
102 2 112
102 2 0
103 2 0
103 2 663
103 2 15
103 2 432
103 2 0
104 1 0
104 1 874
104 1 828
104 1 0
104 1 0
104 1 656
104 1 727
104 1 0
104 1 0
104 1 0
105 1 0
105 1 453
105 1 88
105 1 991
105 1 578
105 1 627
105 1 1099
105 1 0
105 1 1099
105 1 750
105 1 0
106 2 0
106 2 655
106 2 712
106 2 653
106 2 0
106 2 0
106 2 43
106 2 0
107 2 0
107 2 365
107 2 91
107 2 898
107 2 789
107 2 0
108 2 0
108 2 782
108 2 830
108 2 596
108 2 683
108 2 0
108 2 0
108 2 496
108 2 301
108 2 0
109 2 0
109 2 458
109 2 534
109 2 792
109 2 613
109 2 488
109 2 187
109 2 0
109 2 0
109 2 0
110 2 0
110 2 149
110 2 332
110 2 142
110 2 320
110 2 0
110 2 0
110 2 367
110 2 265
110 2 0
111 2 0
111 2 420
111 2 559
111 2 555
111 2 34
111 2 339
111 2 526
111 2 928
111 2 0
111 2 0
112 2 0
112 2 78
112 2 414
112 2 505
112 2 0
113 2 0
113 2 218
113 2 116
113 2 0
114 1 0
114 1 445
114 1 920
114 1 638
114 1 772
114 1 1062
114 1 0
114 1 1062
114 1 0
115 2 0
115 2 530
115 2 165
115 2 0
116 2 0
116 2 214
116 2 82
116 2 202
116 2 0
117 2 0
117 2 251
117 2 927
117 2 318
117 2 346
117 2 461
117 2 90
117 2 0
118 1 0
118 1 287
118 1 0
118 1 0
118 1 0
119 1 0
119 1 536
119 1 0
120 2 0
120 2 950
120 2 467
120 2 382
120 2 46
120 2 104
120 2 0
121 2 0
121 2 720
121 2 988
121 2 588
121 2 201
121 2 415
121 2 0
122 2 0
122 2 313
122 2 903
122 2 0
122 2 0
122 2 976
122 2 875
122 2 195
122 2 905
122 2 0
123 2 0
123 2 109
123 2 853
123 2 387
123 2 825
123 2 0
123 2 0
123 2 221
123 2 182
123 2 0
124 2 0
124 2 144
124 2 908
124 2 728
124 2 498
124 2 548
124 2 823
124 2 0
124 2 0
124 2 0
125 2 0
125 2 296
125 2 145
125 2 0
125 2 0
125 2 818
125 2 786
125 2 0
125 2 0
125 2 0
126 1 0
126 1 862
126 1 744
126 1 917
126 1 839
126 1 6
126 1 89
126 1 0
126 1 0
126 1 0
126 1 0
127 2 0
127 2 849
127 2 670
127 2 385
127 2 615
127 2 740
127 2 503
127 2 0
127 2 0
128 2 0
128 2 502
128 2 986
128 2 98
128 2 0
128 2 0
128 2 33
128 2 0
129 2 0
129 2 364
129 2 743
129 2 860
129 2 723
129 2 236
129 2 912
129 2 0
130 2 0
130 2 407
130 2 827
130 2 156
130 2 617
130 2 381
130 2 0
130 2 0
131 2 0
131 2 634
131 2 566
131 2 972
131 2 978
131 2 0
131 2 0
131 2 0
132 2 0
132 2 42
132 2 327
132 2 357
132 2 73
132 2 0
133 2 0
133 2 271
133 2 0
134 2 0
134 2 240
134 2 249
134 2 0
134 2 0
134 2 406
134 2 412
134 2 127
134 2 626
134 2 0
134 2 0
134 2 0
135 2 0
135 2 32
135 2 60
135 2 0
136 2 0
136 2 409
136 2 384
136 2 362
136 2 0
137 2 0
137 2 523
137 2 348
137 2 5
137 2 325
137 2 68
137 2 0
138 1 0
138 1 514
138 1 123
138 1 834
138 1 651
138 1 760
138 1 263
138 1 0
138 1 0
138 1 0
138 1 0
139 2 0
139 2 402
139 2 636
139 2 733
139 2 464
139 2 632
139 2 737
139 2 0
139 2 0
139 2 0
139 2 0
140 1 0
140 1 995
140 1 0
141 1 0
141 1 448
141 1 196
141 1 131
141 1 522
141 1 872
141 1 331
141 1 326
141 1 0
141 1 0
141 1 0
141 1 0
142 1 0
142 1 681
142 1 377
142 1 373
142 1 0
142 1 0
142 1 0
142 1 0
143 1 0
143 1 722
143 1 981
143 1 72
143 1 308
143 1 105
143 1 961
143 1 0
143 1 0
144 1 0
144 1 69
144 1 1000
144 1 0
144 1 0
144 1 0
145 1 0
145 1 982
145 1 368
145 1 914
145 1 0
145 1 0
145 1 0
145 1 811
145 1 317
145 1 0
145 1 0
145 1 0
146 1 0
146 1 374
146 1 788
146 1 0
146 1 0
146 1 222
146 1 0
147 2 0
147 2 773
147 2 635
147 2 370
147 2 0
147 2 0
147 2 765
147 2 913
147 2 0
148 1 0
148 1 277
148 1 916
148 1 890
148 1 845
148 1 295
148 1 829
148 1 0
148 1 0
149 2 0
149 2 690
149 2 256
149 2 56
149 2 162
149 2 633
149 2 984
149 2 579
149 2 0
149 2 0
150 2 0
150 2 22
150 2 316
150 2 176
150 2 867
150 2 267
150 2 0
150 2 0
150 2 305
150 2 0
151 1 0
151 1 449
151 1 460
151 1 0
151 1 0
151 1 122
151 1 993
151 1 506
151 1 0
151 1 0
152 2 0
152 2 698
152 2 244
152 2 567
152 2 528
152 2 361
152 2 353
152 2 443
152 2 0
152 2 0
152 2 0
152 2 0
153 1 0
153 1 725
153 1 0
154 2 0
154 2 243
154 2 884
154 2 0
154 2 0
154 2 372
154 2 55
154 2 252
154 2 915
154 2 0
155 1 0
155 1 625
155 1 224
155 1 238
155 1 966
155 1 859
155 1 0
155 1 0
155 1 0
155 1 0
156 1 0
156 1 303
156 1 482
156 1 450
156 1 959
156 1 671
156 1 209
156 1 49
156 1 0
156 1 0
156 1 0
156 1 0
157 1 0
157 1 253
157 1 560
157 1 858
157 1 0
157 1 0
158 2 0
158 2 598
158 2 137
158 2 979
158 2 556
158 2 499
158 2 0
158 2 0
158 2 0
158 2 0
159 1 0
159 1 184
159 1 893
159 1 747
159 1 674
159 1 0
159 1 0
159 1 0
159 1 0
160 2 0
160 2 643
160 2 0
160 2 0
160 2 745
160 2 0
160 2 0
160 2 87
160 2 0
161 1 0
161 1 198
161 1 416
161 1 507
161 1 900
161 1 433
161 1 491
161 1 299
161 1 0
161 1 0
161 1 0
161 1 0
162 1 0
162 1 35
162 1 713
162 1 795
162 1 0
162 1 0
163 1 0
163 1 155
163 1 0
163 1 0
163 1 569
163 1 0
164 1 0
164 1 924
164 1 597
164 1 517
164 1 549
164 1 286
164 1 552
164 1 241
164 1 0
164 1 0
165 2 0
165 2 618
165 2 0
165 2 0
165 2 451
165 2 0
166 1 0
166 1 684
166 1 120
166 1 268
166 1 0
166 1 0
166 1 0
166 1 29
166 1 146
166 1 242
166 1 0
166 1 0
167 1 0
167 1 194
167 1 623
167 1 117
167 1 649
167 1 878
167 1 378
167 1 280
167 1 0
167 1 0
167 1 0
167 1 0
168 1 0
168 1 210
168 1 667
168 1 96
168 1 76
168 1 75
168 1 0
168 1 0
169 2 0
169 2 333
169 2 486
169 2 882
169 2 169
169 2 0
169 2 0
170 1 0
170 1 704
170 1 639
170 1 386
170 1 0
170 1 0
171 1 0
171 1 61
171 1 946
171 1 631
171 1 427
171 1 963
171 1 344
171 1 0
171 1 0
171 1 0
171 1 0
172 2 0
172 2 103
172 2 261
172 2 769
172 2 533
172 2 228
172 2 350
172 2 0
172 2 0
172 2 0
172 2 0
173 2 0
173 2 100
173 2 347
173 2 225
173 2 358
173 2 696
173 2 3
173 2 879
173 2 0
173 2 0
173 2 0
173 2 0
174 1 0
174 1 770
174 1 422
174 1 0
174 1 0
174 1 0
174 1 322
174 1 0
174 1 0
175 2 0
175 2 129
175 2 227
175 2 452
175 2 206
175 2 0
175 2 0
175 2 0
175 2 0
176 2 0
176 2 953
176 2 691
176 2 174
176 2 306
176 2 589
176 2 278
176 2 787
176 2 0
176 2 0
176 2 0
176 2 0
177 2 0
177 2 379
177 2 768
177 2 159
177 2 901
177 2 629
177 2 952
177 2 0
177 2 0
178 1 0
178 1 483
178 1 343
178 1 575
178 1 0
178 1 0
178 1 0
178 1 297
178 1 0
178 1 0
179 2 0
179 2 115
179 2 821
179 2 258
179 2 926
179 2 519
179 2 121
179 2 0
179 2 0
179 2 0
179 2 0
180 2 0
180 2 215
180 2 355
180 2 147
180 2 774
180 2 702
180 2 315
180 2 888
180 2 0
180 2 0
181 2 0
181 2 403
181 2 21
181 2 851
181 2 931
181 2 363
181 2 892
181 2 139
181 2 260
181 2 0
181 2 0
182 2 0
182 2 20
182 2 132
182 2 444
182 2 26
182 2 889
182 2 0
182 2 0
182 2 0
182 2 0
183 2 0
183 2 52
183 2 592
183 2 213
183 2 1
183 2 0
183 2 0
183 2 0
183 2 0
184 2 0
184 2 197
184 2 687
184 2 138
184 2 375
184 2 836
184 2 585
184 2 0
184 2 0
185 2 0
185 2 203
185 2 234
185 2 405
185 2 239
185 2 620
185 2 0
185 2 0
186 2 0
186 2 962
186 2 739
186 2 711
186 2 0
186 2 0
186 2 0
186 2 0
187 1 0
187 1 285
187 1 0
187 1 0
187 1 0
187 1 0
188 2 0
188 2 111
188 2 487
188 2 933
188 2 0
188 2 0
188 2 0
188 2 599
188 2 547
188 2 0
188 2 0
189 1 0
189 1 312
189 1 302
189 1 833
189 1 658
189 1 0
189 1 0
189 1 0
189 1 0
190 1 0
190 1 70
190 1 67
190 1 537
190 1 583
190 1 0
190 1 0
190 1 0
190 1 0
191 2 0
191 2 16
191 2 388
191 2 766
191 2 637
191 2 0
191 2 0
191 2 0
191 2 439
191 2 0
191 2 0
192 2 0
192 2 896
192 2 231
192 2 0
192 2 0
193 1 0
193 1 262
193 1 0
193 1 0
193 1 0
193 1 864
193 1 110
193 1 0
193 1 0
194 2 0
194 2 804
194 2 886
194 2 500
194 2 0
194 2 0
194 2 0
194 2 594
194 2 551
194 2 395
194 2 0
194 2 0
195 2 0
195 2 822
195 2 0
195 2 0
195 2 0
195 2 0
196 1 0
196 1 62
196 1 390
196 1 729
196 1 337
196 1 935
196 1 0
196 1 0
196 1 0
196 1 0
197 1 0
197 1 521
197 1 0
197 1 0
198 1 0
198 1 65
198 1 359
198 1 235
198 1 0
198 1 0
198 1 0
198 1 0
199 1 0
199 1 431
199 1 572
199 1 0
199 1 0
200 2 0
200 2 736
200 2 143
200 2 50
200 2 527
200 2 469
200 2 0
200 2 0
201 1 0
201 1 968
201 1 300
201 1 48
201 1 731
201 1 0
201 1 0
201 1 0
201 1 0
202 1 0
202 1 775
202 1 987
202 1 0
202 1 0
202 1 0
202 1 219
202 1 0
202 1 0
203 2 0
203 2 614
203 2 270
203 2 584
203 2 371
203 2 0
203 2 0
203 2 0
203 2 0
204 1 0
204 1 688
204 1 540
204 1 424
204 1 0
204 1 0
204 1 0
204 1 152
204 1 0
205 1 0
205 1 185
205 1 780
205 1 958
205 1 51
205 1 0
205 1 0
205 1 0
205 1 0
206 1 0
206 1 956
206 1 179
206 1 985
206 1 0
206 1 762
206 1 957
206 1 869
206 1 0
206 1 0
206 1 0
206 1 0
207 1 0
207 1 421
207 1 192
207 1 19
207 1 0
207 1 0
207 1 0
207 1 0
208 1 0
208 1 39
208 1 474
208 1 0
208 1 0
208 1 0
208 1 77
208 1 708
208 1 0
208 1 0
209 1 0
209 1 274
209 1 0
209 1 0
210 1 0
210 1 108
210 1 12
210 1 0
210 1 0
211 1 0
211 1 13
211 1 0
211 1 0
