total cost: 337304
1 2 0
1 2 553
1 2 288
1 2 767
1 2 0
1 2 0
1 2 307
1 2 793
1 2 0
1 2 0
1 2 141
1 2 0
2 1 0
2 1 220
2 1 802
2 1 577
2 1 254
2 1 0
2 1 0
2 1 180
2 1 257
2 1 932
2 1 0
3 2 0
3 2 616
3 2 161
3 2 652
3 2 0
3 2 0
3 2 0
4 2 0
4 2 954
4 2 654
4 2 520
4 2 0
5 2 0
5 2 463
5 2 539
5 2 459
5 2 693
5 2 454
5 2 0
5 2 0
5 2 790
5 2 0
5 2 0
5 2 0
6 2 0
6 2 408
6 2 801
6 2 754
6 2 593
6 2 475
6 2 510
6 2 356
6 2 0
7 2 0
7 2 645
7 2 865
7 2 189
7 2 442
7 2 92
7 2 710
7 2 717
7 2 0
7 2 0
7 2 0
8 2 0
8 2 605
8 2 974
8 2 401
8 2 229
8 2 0
9 1 0
9 1 57
9 1 843
9 1 170
9 1 749
9 1 689
9 1 525
9 1 476
9 1 0
9 1 0
9 1 0
10 2 0
10 2 281
10 2 423
10 2 532
10 2 544
10 2 798
10 2 380
10 2 0
11 1 0
11 1 856
11 1 4
11 1 501
11 1 250
11 1 911
11 1 468
11 1 700
11 1 0
11 1 0
11 1 230
11 1 0
12 1 0
12 1 354
12 1 0
13 1 0
13 1 319
13 1 716
13 1 0
14 2 0
14 2 124
14 2 919
14 2 799
14 2 148
14 2 0
15 2 0
15 2 164
15 2 391
15 2 440
15 2 216
15 2 650
15 2 0
16 1 0
16 1 37
16 1 0
17 2 0
17 2 154
17 2 0
17 2 0
17 2 612
17 2 535
17 2 8
17 2 0
18 2 0
18 2 462
18 2 813
18 2 478
18 2 570
18 2 0
18 2 0
18 2 283
18 2 590
18 2 269
18 2 0
19 2 0
19 2 763
19 2 831
19 2 759
19 2 237
19 2 0
19 2 0
19 2 591
19 2 504
19 2 0
20 2 0
20 2 947
20 2 400
20 2 682
20 2 826
20 2 641
20 2 171
20 2 742
20 2 0
21 2 0
21 2 602
21 2 939
21 2 975
21 2 810
21 2 276
21 2 0
22 1 0
22 1 714
22 1 248
22 1 0
23 1 0
23 1 841
23 1 543
23 1 101
23 1 783
23 1 470
23 1 217
23 1 897
23 1 345
23 1 0
23 1 0
23 1 0
24 1 0
24 1 565
24 1 850
24 1 58
24 1 871
24 1 36
24 1 264
24 1 99
24 1 63
24 1 807
24 1 0
24 1 0
24 1 0
25 2 0
25 2 428
25 2 820
25 2 54
25 2 732
25 2 600
25 2 0
26 1 0
26 1 284
26 1 338
26 1 791
26 1 945
26 1 191
26 1 259
26 1 125
26 1 0
27 2 0
27 2 489
27 2 741
27 2 107
27 2 0
28 2 0
28 2 304
28 2 205
28 2 114
28 2 477
28 2 0
29 2 0
29 2 899
29 2 922
29 2 45
29 2 806
29 2 814
29 2 93
29 2 880
29 2 136
29 2 694
29 2 844
29 2 0
30 1 0
30 1 64
30 1 967
30 1 678
30 1 0
31 2 0
31 2 291
31 2 7
31 2 992
31 2 437
31 2 508
31 2 815
31 2 360
31 2 0
32 2 0
32 2 846
32 2 473
32 2 293
32 2 0
33 1 0
33 1 866
33 1 9
33 1 721
33 1 923
33 1 436
33 1 0
33 1 0
33 1 0
34 1 0
34 1 128
34 1 925
34 1 715
34 1 418
34 1 292
34 1 208
34 1 38
34 1 0
35 2 0
35 2 816
35 2 863
35 2 868
35 2 609
35 2 349
35 2 0
35 2 0
35 2 561
35 2 0
36 1 0
36 1 158
36 1 541
36 1 204
36 1 563
36 1 964
36 1 940
36 1 314
36 1 0
36 1 0
36 1 0
37 1 0
37 1 389
37 1 580
37 1 441
37 1 855
37 1 232
37 1 808
37 1 512
37 1 397
37 1 0
37 1 0
37 1 0
38 1 0
38 1 113
38 1 910
38 1 529
38 1 907
38 1 335
38 1 0
39 1 0
39 1 738
39 1 603
39 1 796
39 1 0
40 1 0
40 1 14
40 1 538
40 1 446
40 1 495
40 1 949
40 1 692
40 1 852
40 1 0
41 2 0
41 2 17
41 2 178
41 2 323
41 2 885
41 2 0
42 1 0
42 1 279
42 1 524
42 1 255
42 1 980
42 1 74
42 1 724
42 1 0
43 2 0
43 2 606
43 2 955
43 2 542
43 2 707
43 2 246
43 2 40
43 2 2
43 2 990
43 2 223
43 2 0
44 2 0
44 2 106
44 2 41
44 2 677
44 2 0
45 2 0
45 2 153
45 2 394
45 2 666
45 2 207
45 2 676
45 2 168
45 2 803
45 2 0
45 2 0
45 2 0
46 1 0
46 1 531
46 1 809
46 1 430
46 1 977
46 1 396
46 1 685
46 1 0
46 1 0
46 1 0
47 1 0
47 1 472
47 1 785
47 1 0
47 1 0
47 1 0
48 2 0
48 2 133
48 2 399
48 2 680
48 2 873
48 2 438
48 2 481
48 2 509
48 2 0
49 2 0
49 2 550
49 2 784
49 2 86
49 2 0
50 1 0
50 1 837
50 1 909
50 1 0
51 1 0
51 1 352
51 1 0
52 1 0
52 1 212
52 1 516
52 1 0
53 2 0
53 2 163
53 2 513
53 2 906
53 2 545
53 2 0
54 2 0
54 2 456
54 2 102
54 2 610
54 2 574
54 2 419
54 2 621
54 2 944
54 2 669
54 2 0
54 2 0
54 2 0
55 2 0
55 2 921
55 2 351
55 2 455
55 2 0
55 2 0
55 2 0
56 2 0
56 2 336
56 2 369
56 2 854
56 2 426
56 2 0
56 2 0
56 2 679
56 2 576
56 2 0
56 2 0
56 2 0
57 1 0
57 1 817
57 1 157
57 1 199
57 1 324
57 1 0
57 1 0
57 1 0
58 2 0
58 2 608
58 2 447
58 2 705
58 2 0
58 2 0
58 2 0
59 1 0
59 1 435
59 1 686
59 1 160
59 1 183
59 1 835
59 1 490
59 1 471
59 1 0
60 1 0
60 1 130
60 1 0
61 2 0
61 2 518
61 2 497
61 2 404
61 2 247
61 2 0
61 2 0
61 2 95
61 2 398
61 2 0
62 1 0
62 1 266
62 1 562
62 1 664
62 1 410
62 1 0
62 1 0
62 1 94
62 1 0
63 1 0
63 1 611
63 1 647
63 1 289
63 1 135
63 1 0
63 1 0
63 1 0
64 1 0
64 1 752
64 1 0
64 1 0
64 1 969
64 1 44
64 1 0
65 2 0
65 2 648
65 2 290
65 2 485
65 2 965
65 2 971
65 2 24
65 2 0
66 2 0
66 2 699
66 2 646
66 2 392
66 2 30
66 2 628
66 2 937
66 2 211
66 2 0
67 1 0
67 1 340
67 1 781
67 1 188
67 1 425
67 1 776
67 1 668
67 1 0
67 1 0
67 1 0
68 2 0
68 2 876
68 2 753
68 2 929
68 2 0
69 2 0
69 2 989
69 2 751
69 2 673
69 2 226
69 2 0
69 2 0
69 2 200
69 2 581
69 2 434
69 2 27
69 2 0
70 2 0
70 2 996
70 2 870
70 2 797
70 2 81
70 2 272
70 2 0
70 2 0
70 2 970
70 2 0
71 1 0
71 1 644
71 1 329
71 1 453
71 1 78
71 1 71
71 1 661
71 1 0
71 1 0
71 1 0
72 1 0
72 1 902
72 1 84
72 1 709
72 1 757
72 1 0
72 1 0
72 1 0
73 1 0
73 1 181
73 1 417
73 1 918
73 1 309
73 1 0
74 1 0
74 1 275
74 1 310
74 1 973
74 1 0
74 1 0
74 1 166
74 1 11
74 1 0
75 1 0
75 1 151
75 1 118
75 1 656
75 1 936
75 1 630
75 1 0
76 1 0
76 1 511
76 1 777
76 1 79
76 1 663
76 1 0
76 1 0
76 1 47
76 1 0
77 1 0
77 1 943
77 1 941
77 1 771
77 1 492
77 1 479
77 1 0
78 1 0
78 1 233
78 1 134
78 1 175
78 1 420
78 1 376
78 1 601
78 1 140
78 1 515
78 1 0
78 1 0
78 1 0
78 1 0
79 1 0
79 1 321
79 1 861
79 1 393
79 1 457
79 1 119
79 1 0
79 1 0
79 1 0
80 1 0
80 1 748
80 1 0
81 1 0
81 1 186
81 1 735
81 1 172
81 1 761
81 1 758
81 1 0
81 1 0
81 1 0
82 1 0
82 1 756
82 1 794
82 1 874
82 1 655
82 1 0
82 1 0
82 1 568
82 1 675
82 1 779
82 1 0
83 1 0
83 1 193
83 1 840
83 1 0
84 1 0
84 1 328
84 1 755
84 1 997
84 1 493
84 1 778
84 1 0
84 1 0
84 1 0
85 2 0
85 2 150
85 2 718
85 2 0
85 2 0
85 2 0
86 2 0
86 2 411
86 2 642
86 2 190
86 2 832
86 2 857
86 2 0
87 2 0
87 2 930
87 2 764
87 2 413
87 2 10
87 2 0
88 2 0
88 2 934
88 2 88
88 2 578
88 2 365
88 2 383
88 2 898
88 2 0
88 2 0
88 2 0
89 2 0
89 2 18
89 2 887
89 2 341
89 2 571
89 2 672
89 2 0
89 2 0
89 2 734
89 2 0
90 2 0
90 2 564
90 2 695
90 2 657
90 2 173
90 2 848
90 2 0
90 2 0
90 2 0
91 1 0
91 1 273
91 1 894
91 1 25
91 1 582
91 1 726
91 1 83
91 1 0
91 1 0
91 1 0
91 1 0
92 1 0
92 1 177
92 1 701
92 1 218
92 1 80
92 1 494
92 1 311
92 1 0
92 1 0
92 1 0
92 1 0
93 1 0
93 1 960
93 1 480
93 1 28
93 1 0
94 2 0
94 2 604
94 2 91
94 2 0
95 1 0
95 1 557
95 1 0
96 1 0
96 1 366
96 1 800
96 1 97
96 1 842
96 1 0
96 1 0
96 1 0
97 1 0
97 1 697
97 1 484
97 1 466
97 1 595
97 1 587
97 1 0
98 2 0
98 2 85
98 2 881
98 2 298
98 2 0
99 2 0
99 2 640
99 2 998
99 2 554
99 2 624
99 2 904
99 2 812
99 2 287
99 2 0
99 2 0
99 2 0
100 2 0
100 2 334
100 2 938
100 2 950
100 2 467
100 2 346
100 2 461
100 2 90
100 2 0
101 2 0
101 2 167
101 2 782
101 2 294
101 2 683
101 2 0
101 2 0
101 2 330
101 2 847
101 2 0
102 2 0
102 2 59
102 2 659
102 2 838
102 2 342
102 2 750
102 2 607
102 2 0
103 1 0
103 1 999
103 1 891
103 1 730
103 1 819
103 1 0
103 1 0
103 1 586
103 1 0
104 2 0
104 2 429
104 2 988
104 2 927
104 2 318
104 2 0
104 2 0
104 2 948
104 2 0
105 2 0
105 2 282
105 2 126
105 2 214
105 2 727
105 2 0
105 2 0
105 2 0
106 2 0
106 2 31
106 2 746
106 2 660
106 2 558
106 2 983
106 2 706
106 2 0
107 2 0
107 2 877
107 2 0
108 1 0
108 1 662
108 1 112
108 1 0
109 2 0
109 2 23
109 2 221
109 2 789
109 2 0
110 1 0
110 1 991
110 1 627
110 1 703
110 1 951
110 1 245
110 1 0
110 1 0
110 1 0
110 1 0
111 2 0
111 2 496
111 2 994
111 2 942
111 2 883
111 2 0
112 1 0
112 1 458
112 1 534
112 1 792
112 1 613
112 1 488
112 1 187
112 1 301
112 1 0
112 1 0
112 1 0
112 1 0
113 2 0
113 2 546
113 2 182
113 2 0
114 1 0
114 1 830
114 1 862
114 1 596
114 1 0
114 1 0
114 1 66
114 1 0
115 1 0
115 1 149
115 1 332
115 1 622
115 1 573
115 1 839
115 1 6
115 1 89
115 1 0
115 1 0
115 1 0
115 1 0
116 2 0
116 2 530
116 2 638
116 2 0
117 1 0
117 1 445
117 1 348
117 1 0
118 2 0
118 2 665
118 2 559
118 2 555
118 2 432
118 2 34
118 2 339
118 2 526
118 2 928
118 2 0
118 2 0
119 2 0
119 2 805
119 2 720
119 2 0
120 2 0
120 2 251
120 2 502
120 2 0
121 1 0
121 1 414
121 1 505
121 1 0
122 1 0
122 1 536
122 1 0
123 1 0
123 1 465
123 1 82
123 1 0
123 1 0
123 1 0
124 2 0
124 2 828
124 2 0
124 2 0
124 2 265
124 2 406
124 2 0
125 1 0
125 1 712
125 1 653
125 1 448
125 1 681
125 1 0
125 1 0
125 1 0
125 1 0
126 1 0
126 1 313
126 1 903
126 1 0
126 1 0
126 1 367
126 1 127
126 1 626
126 1 0
126 1 0
126 1 0
127 2 0
127 2 719
127 2 320
127 2 460
127 2 725
127 2 0
127 2 0
127 2 43
127 2 0
128 1 0
128 1 109
128 1 853
128 1 825
128 1 0
128 1 0
128 1 33
128 1 0
128 1 0
128 1 0
129 2 0
129 2 142
129 2 634
129 2 387
129 2 566
129 2 176
129 2 0
129 2 0
129 2 0
130 1 0
130 1 144
130 1 908
130 1 728
130 1 498
130 1 548
130 1 823
130 1 0
130 1 0
130 1 0
130 1 0
131 2 0
131 2 296
131 2 145
131 2 0
131 2 0
131 2 818
131 2 786
131 2 0
131 2 0
131 2 0
132 2 0
132 2 271
132 2 827
132 2 156
132 2 73
132 2 617
132 2 381
132 2 503
132 2 0
132 2 0
132 2 0
132 2 0
133 1 0
133 1 976
133 1 875
133 1 122
133 1 905
133 1 890
133 1 845
133 1 295
133 1 0
133 1 0
133 1 0
133 1 0
134 1 0
134 1 849
134 1 670
134 1 385
134 1 253
134 1 651
134 1 834
134 1 895
134 1 0
134 1 0
134 1 0
134 1 0
135 2 0
135 2 364
135 2 743
135 2 860
135 2 236
135 2 104
135 2 46
135 2 0
136 2 0
136 2 920
136 2 772
136 2 317
136 2 0
137 2 0
137 2 53
137 2 619
137 2 0
138 1 0
138 1 407
138 1 327
138 1 615
138 1 740
138 1 0
138 1 0
138 1 0
138 1 0
139 1 0
139 1 523
139 1 1000
139 1 69
139 1 165
139 1 305
139 1 0
139 1 0
140 1 0
140 1 42
140 1 698
140 1 35
140 1 263
140 1 760
140 1 297
140 1 579
140 1 0
140 1 0
140 1 0
140 1 0
141 1 0
141 1 240
141 1 249
141 1 0
141 1 0
141 1 0
141 1 824
141 1 412
141 1 0
141 1 0
141 1 0
142 1 0
142 1 409
142 1 384
142 1 382
142 1 0
143 1 0
143 1 744
143 1 60
143 1 859
143 1 924
143 1 0
143 1 0
143 1 0
143 1 29
143 1 0
144 2 0
144 2 514
144 2 914
144 2 123
144 2 0
145 2 0
145 2 402
145 2 733
145 2 636
145 2 0
145 2 0
145 2 995
145 2 222
145 2 0
145 2 0
145 2 0
146 2 0
146 2 917
146 2 32
146 2 912
146 2 0
147 1 0
147 1 722
147 1 98
147 1 986
147 1 0
147 1 0
147 1 0
147 1 811
147 1 373
147 1 0
148 2 0
148 2 982
148 2 368
148 2 357
148 2 0
149 2 0
149 2 374
149 2 788
149 2 522
149 2 872
149 2 377
149 2 0
149 2 0
149 2 588
149 2 201
149 2 415
149 2 0
150 2 0
150 2 22
150 2 316
150 2 978
150 2 972
150 2 325
150 2 5
150 2 569
150 2 68
150 2 0
150 2 0
150 2 0
150 2 0
151 1 0
151 1 773
151 1 635
151 1 464
151 1 632
151 1 0
151 1 0
151 1 0
151 1 0
152 1 0
152 1 277
152 1 916
152 1 56
152 1 162
152 1 633
152 1 984
152 1 829
152 1 0
152 1 0
153 1 0
153 1 690
153 1 256
153 1 962
153 1 858
153 1 560
153 1 0
153 1 0
154 2 0
154 2 15
154 2 116
154 2 322
154 2 979
154 2 0
154 2 0
155 2 0
155 2 913
155 2 0
156 2 0
156 2 449
156 2 194
156 2 893
156 2 597
156 2 549
156 2 286
156 2 486
156 2 915
156 2 252
156 2 241
156 2 0
156 2 0
157 1 0
157 1 765
157 1 0
157 1 0
157 1 0
158 2 0
158 2 450
158 2 303
158 2 959
158 2 308
158 2 49
158 2 704
158 2 386
158 2 0
158 2 0
159 2 0
159 2 506
159 2 993
159 2 0
160 2 0
160 2 243
160 2 884
160 2 867
160 2 0
160 2 0
160 2 372
160 2 882
160 2 0
161 2 0
161 2 625
161 2 224
161 2 238
161 2 966
161 2 210
161 2 433
161 2 0
161 2 0
161 2 0
161 2 0
162 2 0
162 2 196
162 2 137
162 2 598
162 2 326
162 2 331
162 2 556
162 2 499
162 2 0
162 2 0
163 1 0
163 1 370
163 1 61
163 1 528
163 1 567
163 1 361
163 1 353
163 1 0
163 1 0
163 1 0
163 1 0
164 2 0
164 2 184
164 2 747
164 2 674
164 2 517
164 2 0
164 2 0
164 2 202
164 2 0
165 1 0
165 1 643
165 1 0
165 1 0
165 1 0
166 2 0
166 2 745
166 2 0
166 2 0
166 2 362
166 2 0
167 2 0
167 2 198
167 2 507
167 2 129
167 2 649
167 2 491
167 2 299
167 2 0
167 2 0
168 1 0
168 1 981
168 1 723
168 1 900
168 1 0
168 1 0
168 1 0
168 1 87
168 1 0
169 2 0
169 2 131
169 2 268
169 2 0
169 2 0
169 2 155
169 2 0
170 1 0
170 1 618
170 1 0
170 1 0
170 1 451
170 1 55
170 1 0
170 1 0
171 1 0
171 1 684
171 1 120
171 1 197
171 1 21
171 1 0
171 1 0
171 1 0
171 1 0
172 1 0
172 1 482
172 1 379
172 1 159
172 1 671
172 1 105
172 1 961
172 1 629
172 1 0
172 1 0
173 2 0
173 2 416
173 2 667
173 2 242
173 2 146
173 2 76
173 2 0
173 2 0
174 2 0
174 2 267
174 2 333
174 2 552
174 2 864
174 2 375
174 2 0
174 2 0
175 1 0
175 1 72
175 1 901
175 1 206
175 1 585
175 1 879
175 1 836
175 1 0
175 1 0
175 1 0
175 1 0
176 2 0
176 2 103
176 2 946
176 2 631
176 2 443
176 2 427
176 2 963
176 2 344
176 2 0
176 2 0
177 2 0
177 2 100
177 2 623
177 2 117
177 2 878
177 2 378
177 2 280
177 2 0
177 2 0
177 2 0
177 2 0
178 2 0
178 2 770
178 2 422
178 2 687
178 2 139
178 2 260
178 2 892
178 2 0
178 2 0
178 2 0
178 2 0
179 1 0
179 1 737
179 1 639
179 1 0
179 1 0
180 2 0
180 2 209
180 2 75
180 2 0
181 1 0
181 1 244
181 1 261
181 1 769
181 1 533
181 1 0
181 1 0
181 1 0
181 1 96
181 1 0
181 1 0
182 1 0
182 1 953
182 1 20
182 1 691
182 1 306
182 1 0
182 1 0
182 1 0
182 1 0
183 2 0
183 2 227
183 2 347
183 2 115
183 2 225
183 2 358
183 2 696
183 2 0
183 2 0
183 2 0
183 2 0
184 1 0
184 1 711
184 1 739
184 1 65
184 1 0
184 1 0
185 2 0
185 2 483
185 2 343
185 2 452
185 2 285
185 2 952
185 2 0
185 2 0
186 2 0
186 2 52
186 2 768
186 2 575
186 2 1
186 2 521
186 2 0
186 2 0
187 1 0
187 1 215
187 1 174
187 1 355
187 1 589
187 1 0
187 1 0
187 1 0
187 1 0
188 1 0
188 1 713
188 1 787
188 1 431
188 1 0
188 1 0
189 1 0
189 1 228
189 1 350
189 1 0
189 1 0
189 1 0
189 1 0
190 1 0
190 1 403
190 1 851
190 1 931
190 1 363
190 1 599
190 1 3
190 1 0
190 1 0
190 1 0
190 1 0
191 1 0
191 1 203
191 1 926
191 1 519
191 1 0
191 1 0
191 1 0
191 1 0
192 1 0
192 1 795
192 1 0
192 1 0
193 2 0
193 2 821
193 2 258
193 2 592
193 2 213
193 2 0
193 2 0
193 2 0
193 2 0
194 2 0
194 2 111
194 2 62
194 2 405
194 2 239
194 2 620
194 2 0
194 2 0
195 2 0
195 2 312
195 2 302
195 2 614
195 2 833
195 2 300
195 2 537
195 2 0
195 2 0
196 1 0
196 1 16
196 1 388
196 1 736
196 1 766
196 1 888
196 1 0
196 1 0
196 1 0
196 1 0
197 1 0
197 1 70
197 1 67
197 1 658
197 1 48
197 1 0
197 1 0
197 1 0
197 1 547
197 1 0
197 1 0
198 1 0
198 1 121
198 1 896
198 1 231
198 1 0
198 1 0
199 2 0
199 2 439
199 2 315
199 2 822
199 2 0
199 2 0
199 2 0
199 2 0
200 1 0
200 1 219
200 1 138
200 1 110
200 1 0
200 1 0
201 2 0
201 2 262
201 2 933
201 2 0
201 2 0
201 2 0
201 2 195
201 2 594
201 2 0
201 2 0
202 1 0
202 1 804
202 1 886
202 1 0
202 1 0
202 1 0
202 1 169
202 1 0
202 1 0
203 1 0
203 1 637
203 1 500
203 1 780
203 1 50
203 1 572
203 1 527
203 1 0
203 1 0
204 2 0
204 2 487
204 2 775
204 2 729
204 2 390
204 2 0
204 2 0
204 2 0
204 2 0
205 2 0
205 2 234
205 2 688
205 2 968
205 2 337
205 2 935
205 2 0
205 2 0
205 2 0
205 2 0
206 1 0
206 1 278
206 1 774
206 1 702
206 1 889
206 1 0
206 1 0
206 1 0
206 1 0
207 1 0
207 1 444
207 1 132
207 1 39
207 1 0
207 1 0
207 1 0
207 1 551
207 1 395
207 1 0
207 1 0
208 1 0
208 1 147
208 1 143
208 1 26
208 1 359
208 1 0
208 1 0
208 1 0
208 1 0
209 2 0
209 2 584
209 2 371
209 2 0
209 2 0
210 1 0
210 1 192
210 1 762
210 1 469
210 1 19
210 1 0
210 1 0
210 1 0
210 1 0
211 1 0
211 1 424
211 1 540
211 1 583
211 1 421
211 1 0
211 1 0
211 1 0
211 1 0
212 2 0
212 2 185
212 2 958
212 2 987
212 2 51
212 2 957
212 2 235
212 2 0
212 2 0
212 2 0
212 2 0
213 2 0
213 2 731
213 2 0
213 2 0
214 2 0
214 2 956
214 2 474
214 2 179
214 2 869
214 2 0
214 2 0
214 2 0
214 2 0
215 1 0
215 1 77
215 1 708
215 1 274
215 1 0
215 1 0
216 1 0
216 1 985
216 1 270
216 1 0
216 1 0
217 1 0
217 1 152
217 1 0
217 1 0
218 1 0
218 1 108
218 1 12
218 1 0
218 1 0
219 1 0
219 1 13
219 1 0
219 1 0
