total cost: 349322
1 2 0
1 2 553
1 2 288
1 2 767
1 2 0
1 2 0
1 2 616
1 2 180
1 2 257
1 2 932
1 2 0
2 1 0
2 1 220
2 1 802
2 1 0
2 1 0
2 1 463
2 1 539
2 1 693
2 1 0
3 1 0
3 1 254
3 1 577
3 1 408
3 1 801
3 1 459
3 1 0
3 1 0
3 1 790
3 1 0
3 1 0
3 1 141
3 1 0
4 1 0
4 1 645
4 1 865
4 1 189
4 1 428
4 1 0
4 1 0
4 1 307
4 1 793
4 1 0
5 1 0
5 1 605
5 1 593
5 1 754
5 1 947
5 1 974
5 1 716
5 1 525
5 1 8
5 1 476
5 1 205
5 1 0
6 1 0
6 1 57
6 1 843
6 1 281
6 1 717
6 1 532
6 1 423
6 1 544
6 1 304
6 1 0
6 1 0
6 1 0
7 2 0
7 2 856
7 2 763
7 2 831
7 2 939
7 2 0
7 2 0
7 2 954
7 2 161
7 2 654
7 2 652
7 2 504
7 2 0
8 1 0
8 1 354
8 1 442
8 1 749
8 1 319
8 1 0
8 1 0
8 1 535
8 1 0
9 1 0
9 1 170
9 1 400
9 1 798
9 1 468
9 1 641
9 1 742
9 1 0
10 1 0
10 1 0
11 1 0
11 1 0
12 1 0
12 1 0
13 1 0
13 1 0
14 1 0
14 1 0
15 1 0
15 1 0
16 1 0
16 1 0
17 1 0
17 1 0
18 1 0
18 1 0
19 1 0
19 1 0
20 1 0
20 1 0
21 2 0
21 2 154
21 2 0
21 2 0
21 2 37
21 2 855
21 2 269
21 2 397
21 2 212
21 2 0
22 1 0
22 1 462
22 1 813
22 1 478
22 1 975
22 1 0
22 1 0
22 1 454
22 1 283
22 1 919
22 1 475
22 1 0
23 2 0
23 2 4
23 2 911
23 2 899
23 2 250
23 2 826
23 2 759
23 2 0
23 2 0
23 2 401
23 2 229
23 2 0
24 1 0
24 1 391
24 1 710
24 1 440
24 1 216
24 1 732
24 1 0
24 1 0
24 1 0
25 1 0
25 1 689
25 1 380
25 1 700
25 1 783
25 1 477
25 1 897
25 1 0
26 1 0
26 1 164
26 1 92
26 1 650
26 1 600
26 1 0
27 1 0
27 1 501
27 1 682
27 1 922
27 1 101
27 1 217
27 1 470
27 1 815
27 1 360
27 1 223
27 1 0
27 1 0
28 2 0
28 2 602
28 2 338
28 2 570
28 2 510
28 2 810
28 2 276
28 2 0
28 2 0
28 2 0
29 1 0
29 1 124
29 1 714
29 1 293
29 1 0
30 1 0
30 1 799
30 1 356
30 1 0
30 1 0
30 1 0
31 1 0
31 1 612
31 1 591
31 1 520
31 1 0
32 2 0
32 2 565
32 2 850
32 2 237
32 2 58
32 2 36
32 2 264
32 2 0
32 2 0
32 2 590
32 2 148
32 2 0
33 2 0
33 2 841
33 2 7
33 2 543
33 2 992
33 2 437
33 2 40
33 2 246
33 2 990
33 2 844
33 2 0
33 2 0
33 2 0
34 1 0
34 1 291
34 1 542
34 1 266
34 1 399
34 1 680
34 1 873
34 1 438
34 1 0
34 1 0
34 1 0
35 2 0
35 2 846
35 2 473
35 2 949
35 2 692
35 2 852
35 2 0
36 1 0
36 1 820
36 1 925
36 1 9
36 1 324
36 1 0
36 1 0
36 1 561
36 1 230
36 1 807
36 1 0
37 1 0
37 1 128
37 1 741
37 1 866
37 1 133
37 1 923
37 1 0
37 1 0
37 1 0
38 1 0
38 1 489
38 1 107
38 1 721
38 1 436
38 1 0
38 1 0
38 1 0
39 1 0
39 1 816
39 1 863
39 1 868
39 1 910
39 1 524
39 1 0
39 1 0
39 1 63
39 1 0
40 2 0
40 2 158
40 2 871
40 2 204
40 2 563
40 2 964
40 2 940
40 2 314
40 2 0
40 2 0
40 2 0
41 1 0
41 1 54
41 1 715
41 1 902
41 1 418
41 1 84
41 1 709
41 1 323
41 1 208
41 1 0
41 1 0
41 1 0
41 1 0
42 1 0
42 1 609
42 1 738
42 1 907
42 1 349
42 1 0
43 1 0
43 1 389
43 1 538
43 1 446
43 1 580
43 1 232
43 1 808
43 1 495
43 1 512
43 1 0
43 1 0
43 1 0
44 1 0
44 1 113
44 1 456
44 1 102
44 1 351
44 1 0
44 1 0
44 1 99
44 1 785
44 1 472
44 1 0
44 1 0
44 1 0
45 1 0
45 1 14
45 1 329
45 1 207
45 1 168
45 1 676
45 1 969
45 1 0
46 1 0
46 1 284
46 1 531
46 1 106
46 1 345
46 1 880
46 1 259
46 1 0
46 1 0
46 1 0
47 2 0
47 2 17
47 2 292
47 2 0
47 2 0
47 2 171
47 2 114
47 2 508
47 2 967
47 2 0
48 2 0
48 2 529
48 2 796
48 2 644
48 2 608
48 2 447
48 2 0
48 2 0
48 2 678
48 2 0
49 1 0
49 1 606
49 1 955
49 1 562
49 1 410
49 1 752
49 1 664
49 1 0
49 1 0
49 1 248
49 1 0
50 1 0
50 1 153
50 1 394
50 1 453
50 1 88
50 1 0
50 1 0
50 1 279
50 1 679
50 1 513
50 1 545
50 1 0
50 1 0
50 1 0
51 1 0
51 1 603
51 1 934
51 1 991
51 1 578
51 1 0
51 1 0
51 1 791
51 1 191
51 1 125
51 1 0
52 1 0
52 1 666
52 1 441
52 1 335
52 1 906
52 1 929
52 1 0
52 1 0
52 1 0
53 2 0
53 2 541
53 2 611
53 2 647
53 2 255
53 2 455
53 2 0
53 2 0
53 2 837
53 2 0
54 1 0
54 1 64
54 1 93
54 1 945
54 1 677
54 1 136
54 1 200
54 1 0
55 1 0
55 1 921
55 1 150
55 1 944
55 1 669
55 1 857
55 1 0
56 2 0
56 2 45
56 2 809
56 2 930
56 2 771
56 2 492
56 2 977
56 2 396
56 2 685
56 2 0
56 2 0
56 2 784
56 2 0
57 1 0
57 1 336
57 1 369
57 1 0
57 1 0
57 1 909
57 1 971
57 1 965
57 1 734
57 1 0
58 1 0
58 1 817
58 1 751
58 1 0
58 1 0
58 1 435
58 1 160
58 1 835
58 1 490
58 1 471
58 1 0
58 1 0
58 1 0
59 1 0
59 1 806
59 1 430
59 1 41
59 1 417
59 1 918
59 1 0
59 1 0
59 1 0
60 2 0
60 2 518
60 2 497
60 2 610
60 2 894
60 2 25
60 2 726
60 2 758
60 2 0
60 2 0
60 2 86
60 2 0
61 1 0
61 1 707
61 1 275
61 1 970
61 1 748
61 1 0
61 1 0
61 1 0
62 1 0
62 1 576
62 1 724
62 1 0
63 2 0
63 2 178
63 2 38
63 2 668
63 2 776
63 2 0
64 1 0
64 1 980
64 1 289
64 1 675
64 1 0
64 1 0
64 1 0
65 1 0
65 1 199
65 1 157
65 1 485
65 1 887
65 1 0
65 1 0
65 1 550
65 1 74
65 1 0
66 2 0
66 2 648
66 2 290
66 2 0
66 2 0
66 2 352
66 2 166
66 2 434
66 2 0
67 1 0
67 1 699
67 1 996
67 1 870
67 1 0
67 1 0
67 1 398
67 1 80
67 1 494
67 1 287
67 1 0
67 1 0
67 1 0
68 2 0
68 2 646
68 2 334
68 2 938
68 2 755
68 2 997
68 2 0
68 2 0
68 2 876
68 2 753
68 2 838
68 2 0
69 2 0
69 2 340
69 2 781
69 2 188
69 2 425
69 2 0
69 2 0
69 2 163
69 2 604
69 2 383
69 2 0
70 1 0
70 1 989
70 1 233
70 1 134
70 1 0
70 1 0
70 1 181
70 1 779
70 1 0
70 1 0
70 1 0
71 2 0
71 2 392
71 2 273
71 2 735
71 2 628
71 2 937
71 2 761
71 2 595
71 2 587
71 2 0
72 1 0
72 1 814
72 1 85
72 1 800
72 1 778
72 1 0
72 1 0
72 1 0
73 2 0
73 2 151
73 2 973
73 2 118
73 2 936
73 2 581
73 2 0
73 2 0
73 2 0
74 1 0
74 1 885
74 1 95
74 1 311
74 1 0
74 1 0
74 1 0
75 1 0
75 1 673
75 1 943
75 1 941
75 1 310
75 1 630
75 1 509
75 1 0
75 1 0
76 1 0
76 1 511
76 1 777
76 1 663
76 1 0
76 1 0
76 1 568
76 1 309
76 1 0
76 1 0
76 1 0
77 1 0
77 1 686
77 1 175
77 1 376
77 1 601
77 1 0
77 1 0
77 1 11
77 1 0
78 1 0
78 1 321
78 1 655
78 1 0
78 1 0
78 1 694
78 1 481
78 1 27
78 1 0
79 1 0
79 1 756
79 1 794
79 1 458
79 1 393
79 1 861
79 1 183
79 1 1003
79 1 0
79 1 1003
79 1 0
80 1 0
80 1 854
80 1 426
80 1 0
81 1 0
81 1 328
81 1 413
81 1 683
81 1 0
81 1 0
81 1 0
82 1 0
82 1 193
82 1 840
82 1 0
83 1 0
83 1 226
83 1 656
83 1 672
83 1 0
83 1 0
83 1 0
84 2 0
84 2 411
84 2 574
84 2 582
84 2 875
84 2 122
84 2 983
84 2 0
84 2 0
84 2 0
85 1 0
85 1 186
85 1 81
85 1 211
85 1 948
85 1 135
85 1 0
85 1 0
85 1 0
86 2 0
86 2 960
86 2 119
86 2 28
86 2 480
86 2 0
87 2 0
87 2 18
87 2 332
87 2 792
87 2 613
87 2 187
87 2 0
87 2 0
87 2 47
87 2 44
87 2 0
88 1 0
88 1 564
88 1 695
88 1 0
89 1 0
89 1 177
89 1 79
89 1 586
89 1 904
89 1 624
89 1 847
89 1 0
89 1 0
89 1 0
89 1 0
90 2 0
90 2 30
90 2 805
90 2 272
90 2 0
90 2 0
90 2 803
90 2 516
90 2 0
91 1 0
91 1 404
91 1 419
91 1 660
91 1 484
91 1 172
91 1 706
91 1 558
91 1 1036
91 1 0
91 1 1036
91 1 0
92 1 0
92 1 701
92 1 34
92 1 432
92 1 515
92 1 812
92 1 0
92 1 0
93 1 0
93 1 757
93 1 0
94 1 0
94 1 0
95 1 0
95 1 0
96 2 0
96 2 718
96 2 0
96 2 0
96 2 0
97 1 0
97 1 366
97 1 493
97 1 97
97 1 465
97 1 0
97 1 0
97 1 24
97 1 0
98 1 0
98 1 640
98 1 554
98 1 559
98 1 555
98 1 15
98 1 140
98 1 526
98 1 0
98 1 0
99 2 0
99 2 697
99 2 797
99 2 466
99 2 298
99 2 881
99 2 0
100 1 0
100 1 167
100 1 830
100 1 0
100 1 0
100 1 705
100 1 0
101 1 0
101 1 59
101 1 0
102 1 0
102 1 457
102 1 496
102 1 994
102 1 883
102 1 0
103 2 0
103 2 661
103 2 91
103 2 0
103 2 0
103 2 0
104 1 0
104 1 999
104 1 622
104 1 719
104 1 573
104 1 839
104 1 6
104 1 912
104 1 104
104 1 461
104 1 0
104 1 0
104 1 0
104 1 0
105 2 0
105 2 429
105 2 927
105 2 318
105 2 346
105 2 46
105 2 90
105 2 0
106 2 0
106 2 877
106 2 0
107 2 0
107 2 282
107 2 891
107 2 730
107 2 0
107 2 0
107 2 557
107 2 0
108 2 0
108 2 341
108 2 819
108 2 126
108 2 0
108 2 0
108 2 479
108 2 727
108 2 0
108 2 0
108 2 0
109 2 0
109 2 764
109 2 950
109 2 467
109 2 842
109 2 10
109 2 0
109 2 0
109 2 0
110 1 0
110 1 31
110 1 849
110 1 402
110 1 636
110 1 83
110 1 415
110 1 632
110 1 386
110 1 0
110 1 0
111 1 0
111 1 173
111 1 0
112 1 0
112 1 621
112 1 951
112 1 659
112 1 0
113 2 0
113 2 746
113 2 988
113 2 450
113 2 635
113 2 308
113 2 105
113 2 49
113 2 704
113 2 0
113 2 0
113 2 0
113 2 0
114 1 0
114 1 247
114 1 908
114 1 728
114 1 498
114 1 0
114 1 0
114 1 0
114 1 662
114 1 619
114 1 0
115 2 0
115 2 874
115 2 828
115 2 0
115 2 0
115 2 71
115 2 750
115 2 848
115 2 342
115 2 0
116 1 0
116 1 365
116 1 0
117 2 0
117 2 218
117 2 339
117 2 116
117 2 928
117 2 0
118 2 0
118 2 782
118 2 862
118 2 596
118 2 0
118 2 0
118 2 23
118 2 898
118 2 607
118 2 789
118 2 0
119 2 0
119 2 657
119 2 0
119 2 0
119 2 546
119 2 182
119 2 0
120 2 0
120 2 149
120 2 534
120 2 634
120 2 825
120 2 387
120 2 0
120 2 0
120 2 330
120 2 0
121 1 0
121 1 420
121 1 196
121 1 448
121 1 653
121 1 0
121 1 0
121 1 0
121 1 66
121 1 0
122 2 0
122 2 294
122 2 409
122 2 860
122 2 723
122 2 236
122 2 382
122 2 0
123 1 0
123 1 642
123 1 190
123 1 615
123 1 327
123 1 617
123 1 503
123 1 0
123 1 0
123 1 0
123 1 0
124 2 0
124 2 445
124 2 348
124 2 523
124 2 1000
124 2 69
124 2 165
124 2 638
124 2 0
124 2 0
124 2 0
124 2 0
125 2 0
125 2 665
125 2 522
125 2 872
125 2 331
125 2 326
125 2 772
125 2 373
125 2 0
125 2 0
125 2 0
125 2 0
126 2 0
126 2 78
126 2 627
126 2 245
126 2 53
126 2 0
126 2 0
126 2 0
127 2 0
127 2 214
127 2 571
127 2 942
127 2 406
127 2 0
127 2 0
127 2 0
128 1 0
128 1 703
128 1 827
128 1 156
128 1 823
128 1 0
128 1 0
128 1 0
128 1 0
129 2 0
129 2 251
129 2 986
129 2 98
129 2 0
129 2 0
129 2 530
129 2 920
129 2 317
129 2 0
129 2 0
129 2 0
130 2 0
130 2 414
130 2 740
130 2 895
130 2 0
130 2 0
130 2 0
131 2 0
131 2 265
131 2 82
131 2 824
131 2 0
131 2 0
131 2 0
132 2 0
132 2 712
132 2 240
132 2 377
132 2 0
132 2 0
132 2 536
132 2 786
132 2 0
132 2 0
132 2 0
133 2 0
133 2 313
133 2 903
133 2 773
133 2 0
133 2 0
133 2 367
133 2 301
133 2 626
133 2 0
133 2 0
133 2 0
134 2 0
134 2 109
134 2 853
134 2 972
134 2 316
134 2 978
134 2 0
134 2 0
134 2 221
134 2 0
135 2 0
135 2 720
135 2 743
135 2 238
135 2 60
135 2 89
135 2 882
135 2 0
135 2 0
136 2 0
136 2 998
136 2 249
136 2 681
136 2 5
136 2 325
136 2 569
136 2 305
136 2 68
136 2 0
136 2 0
136 2 0
136 2 0
137 1 0
137 1 142
137 1 320
137 1 460
137 1 0
137 1 0
137 1 0
137 1 130
137 1 112
137 1 0
138 2 0
138 2 144
138 2 514
138 2 357
138 2 834
138 2 760
138 2 651
138 2 381
138 2 505
138 2 0
138 2 0
139 2 0
139 2 502
139 2 733
139 2 464
139 2 303
139 2 0
139 2 0
139 2 818
139 2 0
139 2 0
139 2 0
140 1 0
140 1 364
140 1 384
140 1 0
140 1 0
140 1 202
140 1 0
140 1 0
140 1 0
141 2 0
141 2 385
141 2 832
141 2 976
141 2 0
141 2 0
141 2 94
141 2 0
142 2 0
142 2 42
142 2 698
142 2 35
142 2 253
142 2 263
142 2 905
142 2 890
142 2 579
142 2 829
142 2 0
142 2 0
143 1 0
143 1 488
143 1 725
143 1 0
144 2 0
144 2 407
144 2 123
144 2 73
144 2 548
144 2 0
145 2 0
145 2 670
145 2 914
145 2 984
145 2 795
145 2 713
145 2 845
145 2 0
145 2 0
146 1 0
146 1 744
146 1 625
146 1 981
146 1 507
146 1 649
146 1 0
146 1 0
146 1 0
146 1 412
146 1 0
146 1 0
146 1 0
147 2 0
147 2 296
147 2 0
147 2 0
147 2 995
147 2 222
147 2 0
147 2 0
147 2 0
148 2 0
148 2 271
148 2 993
148 2 737
148 2 201
148 2 0
148 2 0
149 2 0
149 2 145
149 2 859
149 2 924
149 2 252
149 2 915
149 2 241
149 2 0
149 2 0
150 1 0
150 1 722
150 1 224
150 1 198
150 1 966
150 1 917
150 1 433
150 1 0
150 1 0
150 1 0
150 1 0
151 1 0
151 1 982
151 1 953
151 1 162
151 1 691
151 1 0
151 1 0
151 1 0
151 1 0
152 2 0
152 2 374
152 2 788
152 2 598
152 2 0
152 2 0
152 2 127
152 2 55
152 2 451
152 2 0
152 2 0
152 2 0
153 1 0
153 1 22
153 1 884
153 1 0
153 1 0
153 1 0
153 1 811
153 1 913
153 1 0
153 1 0
153 1 0
153 1 0
154 2 0
154 2 690
154 2 916
154 2 962
154 2 633
154 2 278
154 2 787
154 2 739
154 2 0
154 2 0
154 2 0
154 2 0
155 2 0
155 2 277
155 2 256
155 2 56
155 2 858
155 2 711
155 2 0
155 2 0
156 2 0
156 2 566
156 2 0
156 2 0
156 2 765
156 2 0
157 2 0
157 2 449
157 2 893
157 2 747
157 2 597
157 2 623
157 2 286
157 2 486
157 2 0
157 2 0
157 2 0
157 2 0
158 2 0
158 2 32
158 2 210
158 2 667
158 2 491
158 2 299
158 2 146
158 2 0
158 2 0
159 1 0
159 1 243
159 1 120
159 1 0
159 1 0
159 1 0
159 1 588
159 1 639
159 1 961
159 1 0
159 1 0
160 2 0
160 2 370
160 2 244
160 2 946
160 2 528
160 2 361
160 2 353
160 2 0
160 2 0
160 2 0
160 2 0
161 2 0
161 2 745
161 2 0
161 2 0
161 2 556
161 2 499
161 2 0
162 2 0
162 2 184
162 2 0
162 2 0
162 2 506
162 2 295
162 2 0
163 2 0
163 2 643
163 2 867
163 2 674
163 2 517
163 2 0
163 2 0
163 2 0
163 2 87
163 2 0
164 2 0
164 2 137
164 2 131
164 2 618
164 2 549
164 2 0
164 2 0
164 2 0
164 2 0
165 1 0
165 1 176
165 1 197
165 1 139
165 1 892
165 1 138
165 1 0
165 1 0
165 1 0
165 1 0
166 2 0
166 2 267
166 2 21
166 2 363
166 2 599
166 2 836
166 2 879
166 2 0
166 2 0
166 2 0
166 2 0
167 2 0
167 2 268
167 2 333
167 2 155
167 2 552
167 2 375
167 2 0
167 2 0
167 2 0
167 2 0
168 1 0
168 1 684
168 1 302
168 1 851
168 1 931
168 1 0
168 1 0
168 1 0
168 1 372
168 1 242
168 1 0
168 1 0
168 1 0
168 1 0
169 1 0
169 1 368
169 1 174
169 1 132
169 1 0
169 1 0
169 1 0
169 1 362
169 1 76
169 1 0
169 1 0
170 1 0
170 1 194
170 1 347
170 1 227
170 1 117
170 1 878
170 1 0
170 1 0
170 1 0
170 1 0
171 2 0
171 2 482
171 2 379
171 2 768
171 2 159
171 2 671
171 2 629
171 2 952
171 2 75
171 2 0
171 2 0
172 1 0
172 1 416
172 1 129
172 1 901
172 1 206
172 1 519
172 1 121
172 1 0
172 1 0
172 1 0
172 1 0
173 2 0
173 2 72
173 2 959
173 2 443
173 2 427
173 2 344
173 2 0
173 2 0
174 2 0
174 2 61
174 2 631
174 2 769
174 2 388
174 2 702
174 2 774
174 2 889
174 2 0
174 2 0
174 2 0
174 2 0
175 1 0
175 1 103
175 1 261
175 1 533
175 1 766
175 1 0
175 1 0
175 1 0
175 1 322
175 1 0
175 1 0
176 2 0
176 2 100
176 2 225
176 2 926
176 2 696
176 2 3
176 2 585
176 2 378
176 2 0
176 2 0
176 2 0
176 2 0
177 2 0
177 2 770
177 2 422
177 2 687
177 2 833
177 2 537
177 2 0
177 2 0
177 2 0
177 2 0
178 2 0
178 2 900
178 2 343
178 2 285
178 2 0
178 2 0
179 2 0
179 2 979
179 2 110
179 2 0
179 2 0
180 2 0
180 2 297
180 2 65
180 2 0
180 2 0
181 2 0
181 2 567
181 2 16
181 2 736
181 2 315
181 2 572
181 2 235
181 2 0
181 2 0
181 2 0
181 2 0
182 1 0
182 1 209
182 1 96
182 1 0
182 1 0
183 2 0
183 2 483
183 2 575
183 2 933
183 2 637
183 2 0
183 2 0
183 2 0
183 2 0
184 1 0
184 1 52
184 1 1
184 1 0
184 1 0
184 1 0
184 1 560
184 1 439
184 1 0
184 1 0
184 1 0
184 1 0
185 2 0
185 2 215
185 2 444
185 2 147
185 2 306
185 2 963
185 2 0
185 2 0
185 2 0
185 2 0
186 2 0
186 2 115
186 2 821
186 2 452
186 2 405
186 2 896
186 2 547
186 2 231
186 2 620
186 2 0
186 2 0
186 2 0
186 2 0
187 2 0
187 2 228
187 2 350
187 2 0
187 2 0
187 2 0
187 2 0
188 2 0
188 2 403
188 2 312
188 2 658
188 2 239
188 2 337
188 2 0
188 2 0
188 2 0
188 2 0
189 1 0
189 1 20
189 1 39
189 1 985
189 1 0
189 1 0
189 1 0
189 1 195
189 1 594
189 1 0
189 1 0
189 1 0
189 1 0
190 2 0
190 2 203
190 2 234
190 2 390
190 2 62
190 2 358
190 2 0
190 2 0
190 2 0
190 2 0
191 2 0
191 2 258
191 2 0
191 2 0
191 2 0
191 2 864
191 2 169
191 2 0
191 2 0
192 2 0
192 2 111
192 2 804
192 2 0
192 2 0
192 2 0
192 2 280
192 2 260
192 2 0
192 2 0
193 2 0
193 2 70
193 2 67
193 2 968
193 2 935
193 2 192
193 2 762
193 2 0
193 2 0
193 2 0
193 2 0
194 1 0
194 1 592
194 1 775
194 1 213
194 1 888
194 1 0
194 1 0
195 2 0
195 2 487
195 2 500
195 2 987
195 2 421
195 2 0
195 2 0
195 2 0
195 2 822
195 2 0
195 2 0
195 2 0
195 2 0
196 2 0
196 2 355
196 2 262
196 2 527
196 2 469
196 2 869
196 2 0
196 2 0
196 2 0
196 2 0
197 2 0
197 2 729
197 2 424
197 2 583
197 2 300
197 2 48
197 2 731
197 2 0
197 2 0
197 2 0
197 2 0
198 2 0
198 2 521
198 2 584
198 2 551
198 2 0
198 2 0
199 2 0
199 2 589
199 2 26
199 2 359
199 2 77
199 2 957
199 2 274
199 2 0
199 2 0
199 2 0
199 2 0
200 2 0
200 2 886
200 2 958
200 2 179
200 2 51
200 2 19
200 2 0
200 2 0
200 2 0
200 2 0
201 1 0
201 1 614
201 1 395
201 1 0
201 1 0
202 2 0
202 2 431
202 2 708
202 2 371
202 2 0
202 2 0
203 1 0
203 1 688
203 1 474
203 1 0
203 1 270
203 1 219
203 1 0
203 1 0
203 1 0
203 1 0
204 2 0
204 2 185
204 2 143
204 2 780
204 2 50
204 2 0
204 2 152
204 2 12
204 2 0
204 2 0
205 2 0
205 2 956
205 2 540
205 2 108
205 2 0
205 2 0
206 2 0
206 2 43
206 2 0
207 2 0
207 2 33
207 2 0
208 1 0
208 1 29
208 1 0
209 2 0
209 2 13
209 2 0
209 2 0
210 1 0
210 1 2
210 1 0
