total cost: 334429
1 2 0
1 2 553
1 2 288
1 2 767
1 2 0
1 2 0
1 2 307
1 2 793
1 2 0
1 2 0
1 2 141
1 2 0
2 2 0
2 2 220
2 2 802
2 2 577
2 2 254
2 2 170
2 2 749
2 2 0
2 2 0
2 2 654
2 2 520
2 2 0
3 2 0
3 2 801
3 2 754
3 2 593
3 2 475
3 2 510
3 2 356
3 2 0
4 1 0
4 1 463
4 1 539
4 1 0
5 1 0
5 1 616
5 1 180
5 1 257
5 1 932
5 1 0
5 1 0
5 1 0
6 2 0
6 2 408
6 2 974
6 2 716
6 2 525
6 2 476
6 2 0
7 1 0
7 1 645
7 1 442
7 1 189
7 1 216
7 1 0
7 1 0
7 1 790
7 1 0
7 1 0
7 1 0
8 1 0
8 1 281
8 1 57
8 1 717
8 1 532
8 1 423
8 1 544
8 1 304
8 1 205
8 1 114
8 1 0
9 1 0
9 1 605
9 1 947
9 1 501
9 1 831
9 1 602
9 1 401
9 1 229
9 1 0
9 1 0
9 1 0
10 2 0
10 2 354
10 2 954
10 2 161
10 2 652
10 2 591
10 2 504
10 2 0
11 1 0
11 1 856
11 1 763
11 1 250
11 1 911
11 1 400
11 1 468
11 1 0
11 1 0
11 1 124
11 1 919
11 1 799
11 1 0
12 2 0
12 2 843
12 2 689
12 2 798
12 2 380
12 2 641
12 2 171
12 2 742
12 2 0
13 1 0
13 1 459
13 1 693
13 1 0
14 1 0
14 1 319
14 1 164
14 1 710
14 1 440
14 1 0
15 1 0
15 1 37
15 1 0
16 1 0
16 1 0
17 1 0
17 1 0
18 2 0
18 2 154
18 2 0
18 2 0
18 2 454
18 2 283
18 2 590
18 2 269
18 2 0
19 1 0
19 1 462
19 1 813
19 1 473
19 1 609
19 1 293
19 1 0
19 1 0
19 1 8
19 1 535
19 1 0
20 2 0
20 2 4
20 2 899
20 2 237
20 2 58
20 2 36
20 2 264
20 2 0
20 2 0
20 2 612
20 2 230
20 2 0
21 1 0
21 1 865
21 1 428
21 1 820
21 1 489
21 1 391
21 1 0
21 1 0
21 1 714
21 1 148
21 1 0
22 1 0
22 1 478
22 1 846
22 1 335
22 1 807
22 1 0
23 2 0
23 2 841
23 2 7
23 2 101
23 2 543
23 2 437
23 2 992
23 2 923
23 2 436
23 2 0
23 2 0
23 2 0
24 2 0
24 2 570
24 2 759
24 2 975
24 2 810
24 2 276
24 2 0
25 1 0
25 1 284
25 1 826
25 1 700
25 1 783
25 1 477
25 1 0
26 1 0
26 1 565
26 1 850
26 1 871
26 1 541
26 1 939
26 1 791
26 1 964
26 1 940
26 1 314
26 1 0
26 1 0
26 1 0
27 2 0
27 2 92
27 2 732
27 2 600
27 2 0
28 1 0
28 1 64
28 1 106
28 1 217
28 1 470
28 1 897
28 1 345
28 1 880
28 1 0
29 2 0
29 2 682
29 2 922
29 2 531
29 2 806
29 2 873
29 2 990
29 2 360
29 2 223
29 2 0
30 2 0
30 2 291
30 2 542
30 2 133
30 2 707
30 2 246
30 2 40
30 2 815
30 2 508
30 2 0
31 2 0
31 2 107
31 2 9
31 2 721
31 2 967
31 2 678
31 2 0
32 2 0
32 2 866
32 2 741
32 2 650
32 2 95
32 2 323
32 2 178
32 2 0
33 1 0
33 1 128
33 1 925
33 1 715
33 1 902
33 1 418
33 1 84
33 1 885
33 1 776
33 1 0
33 1 0
33 1 0
34 1 0
34 1 63
34 1 910
34 1 524
34 1 279
34 1 785
34 1 0
34 1 0
34 1 0
35 2 0
35 2 816
35 2 863
35 2 868
35 2 907
35 2 349
35 2 0
35 2 0
35 2 561
35 2 0
36 2 0
36 2 158
36 2 338
36 2 204
36 2 563
36 2 945
36 2 677
36 2 259
36 2 191
36 2 0
37 1 0
37 1 54
37 1 17
37 1 292
37 1 208
37 1 0
37 1 0
37 1 0
38 1 0
38 1 14
38 1 580
38 1 538
38 1 446
38 1 495
38 1 397
38 1 512
38 1 212
38 1 692
38 1 0
38 1 0
38 1 0
39 2 0
39 2 389
39 2 666
39 2 441
39 2 855
39 2 232
39 2 808
39 2 676
39 2 852
39 2 0
40 2 0
40 2 113
40 2 529
40 2 738
40 2 608
40 2 513
40 2 906
40 2 545
40 2 0
40 2 0
40 2 0
41 1 0
41 1 99
41 1 472
41 1 679
41 1 0
42 1 0
42 1 606
42 1 955
42 1 562
42 1 266
42 1 399
42 1 680
42 1 844
42 1 438
42 1 481
42 1 0
42 1 0
42 1 0
42 1 0
43 1 0
43 1 153
43 1 394
43 1 329
43 1 934
43 1 207
43 1 168
43 1 0
43 1 0
43 1 949
43 1 0
44 1 0
44 1 603
44 1 796
44 1 644
44 1 447
44 1 0
44 1 0
44 1 550
44 1 784
44 1 125
44 1 0
45 1 0
45 1 837
45 1 909
45 1 0
46 1 0
46 1 352
46 1 200
46 1 0
47 2 0
47 2 248
47 2 0
48 1 0
48 1 456
48 1 102
48 1 610
48 1 574
48 1 419
48 1 621
48 1 0
48 1 0
48 1 0
49 1 0
49 1 255
49 1 647
49 1 611
49 1 980
49 1 86
49 1 0
49 1 0
49 1 0
50 2 0
50 2 921
50 2 351
50 2 455
50 2 0
50 2 0
50 2 0
51 2 0
51 2 45
51 2 809
51 2 430
51 2 328
51 2 771
51 2 977
51 2 396
51 2 685
51 2 0
51 2 0
51 2 0
52 2 0
52 2 336
52 2 369
52 2 854
52 2 426
52 2 0
52 2 0
52 2 163
52 2 753
52 2 0
53 1 0
53 1 817
53 1 157
53 1 199
53 1 324
53 1 0
53 1 0
53 1 130
53 1 74
53 1 0
54 2 0
54 2 518
54 2 497
54 2 404
54 2 247
54 2 0
54 2 0
54 2 664
54 2 970
54 2 0
55 1 0
55 1 435
55 1 686
55 1 160
55 1 0
55 1 0
55 1 0
56 1 0
56 1 752
56 1 410
56 1 0
56 1 0
56 1 576
56 1 724
56 1 0
57 1 0
57 1 93
57 1 136
57 1 41
57 1 0
58 2 0
58 2 969
58 2 803
58 2 516
58 2 44
58 2 0
59 2 0
59 2 648
59 2 290
59 2 485
59 2 151
59 2 965
59 2 734
59 2 480
59 2 0
59 2 0
59 2 0
60 2 0
60 2 699
60 2 646
60 2 392
60 2 30
60 2 628
60 2 937
60 2 289
60 2 675
60 2 0
60 2 0
60 2 0
61 1 0
61 1 340
61 1 781
61 1 188
61 1 425
61 1 0
61 1 0
61 1 398
61 1 80
61 1 311
61 1 490
61 1 0
62 1 0
62 1 876
62 1 0
63 2 0
63 2 814
63 2 918
63 2 309
63 2 0
63 2 0
63 2 0
64 2 0
64 2 989
64 2 751
64 2 673
64 2 226
64 2 887
64 2 0
64 2 0
64 2 94
64 2 0
65 2 0
65 2 996
65 2 870
65 2 797
65 2 81
65 2 272
65 2 0
65 2 0
65 2 181
65 2 135
65 2 0
66 1 0
66 1 275
66 1 310
66 1 581
66 1 936
66 1 630
66 1 0
66 1 0
66 1 0
67 2 0
67 2 568
67 2 0
68 2 0
68 2 166
68 2 27
68 2 434
68 2 0
69 1 0
69 1 511
69 1 38
69 1 757
69 1 668
69 1 0
70 2 0
70 2 943
70 2 941
70 2 973
70 2 0
70 2 0
70 2 47
70 2 604
70 2 383
70 2 0
71 1 0
71 1 321
71 1 233
71 1 701
71 1 177
71 1 494
71 1 0
72 1 0
72 1 835
72 1 471
72 1 0
73 1 0
73 1 694
73 1 509
73 1 0
74 2 0
74 2 748
74 2 479
74 2 0
75 2 0
75 2 186
75 2 735
75 2 172
75 2 761
75 2 758
75 2 595
75 2 587
75 2 0
76 2 0
76 2 756
76 2 134
76 2 420
76 2 175
76 2 376
76 2 601
76 2 140
76 2 515
76 2 0
76 2 0
76 2 0
77 2 0
77 2 971
77 2 457
77 2 960
77 2 24
77 2 0
78 2 0
78 2 150
78 2 944
78 2 669
78 2 857
78 2 0
79 2 0
79 2 794
79 2 874
79 2 828
79 2 0
79 2 0
79 2 43
79 2 11
79 2 0
80 1 0
80 1 193
80 1 840
80 1 929
80 1 705
80 1 0
80 1 0
80 1 0
81 2 0
81 2 411
81 2 642
81 2 908
81 2 245
81 2 414
81 2 789
81 2 0
82 1 0
82 1 183
82 1 393
82 1 861
82 1 119
82 1 28
82 1 0
83 1 0
83 1 709
83 1 557
83 1 0
84 2 0
84 2 930
84 2 755
84 2 938
84 2 800
84 2 778
84 2 493
84 2 465
84 2 0
84 2 0
84 2 0
85 1 0
85 1 18
85 1 891
85 1 341
85 1 571
85 1 883
85 1 942
85 1 994
85 1 824
85 1 0
85 1 0
85 1 0
85 1 0
86 1 0
86 1 564
86 1 695
86 1 0
87 1 0
87 1 273
87 1 894
87 1 25
87 1 582
87 1 726
87 1 83
87 1 0
87 1 0
87 1 0
87 1 0
88 2 0
88 2 417
88 2 877
88 2 881
88 2 298
88 2 0
89 1 0
89 1 366
89 1 334
89 1 997
89 1 97
89 1 842
89 1 0
89 1 0
89 1 0
90 2 0
90 2 697
90 2 484
90 2 466
90 2 211
90 2 948
90 2 0
91 1 0
91 1 85
91 1 779
91 1 0
92 2 0
92 2 640
92 2 777
92 2 665
92 2 554
92 2 663
92 2 79
92 2 586
92 2 0
92 2 0
92 2 0
93 2 0
93 2 167
93 2 782
93 2 764
93 2 492
93 2 413
93 2 214
93 2 0
93 2 0
93 2 0
94 2 0
94 2 59
94 2 173
94 2 848
94 2 838
94 2 342
94 2 607
94 2 0
95 1 0
95 1 118
95 1 672
95 1 0
95 1 0
95 1 0
96 1 0
96 1 0
97 1 0
97 1 0
98 2 0
98 2 718
98 2 0
98 2 0
98 2 0
99 1 0
99 1 999
99 1 719
99 1 622
99 1 573
99 1 839
99 1 6
99 1 89
99 1 0
99 1 0
100 1 0
100 1 429
100 1 988
100 1 927
100 1 318
100 1 0
100 1 0
100 1 661
100 1 66
100 1 0
101 2 0
101 2 31
101 2 849
101 2 385
101 2 190
101 2 0
102 1 0
102 1 282
102 1 819
102 1 0
102 1 0
102 1 656
102 1 727
102 1 0
102 1 0
102 1 0
103 1 0
103 1 746
103 1 660
103 1 875
103 1 122
103 1 983
103 1 558
103 1 706
103 1 506
103 1 0
103 1 0
103 1 0
103 1 0
104 1 0
104 1 453
104 1 88
104 1 991
104 1 578
104 1 0
104 1 0
104 1 23
104 1 0
105 2 0
105 2 655
105 2 712
105 2 653
105 2 0
105 2 0
105 2 662
105 2 619
105 2 895
105 2 0
106 2 0
106 2 365
106 2 750
106 2 91
106 2 0
106 2 0
106 2 0
107 2 0
107 2 218
107 2 432
107 2 847
107 2 624
107 2 812
107 2 0
107 2 0
107 2 0
108 2 0
108 2 71
108 2 898
108 2 182
108 2 0
109 2 0
109 2 458
109 2 534
109 2 792
109 2 332
109 2 613
109 2 995
109 2 0
109 2 0
109 2 0
110 2 0
110 2 657
110 2 0
110 2 0
110 2 951
110 2 659
110 2 221
110 2 0
111 2 0
111 2 496
111 2 406
111 2 0
112 1 0
112 1 830
112 1 0
112 1 0
112 1 546
112 1 0
113 2 0
113 2 149
113 2 142
113 2 634
113 2 825
113 2 387
113 2 0
113 2 0
113 2 330
113 2 287
113 2 0
113 2 0
113 2 0
114 2 0
114 2 294
114 2 950
114 2 467
114 2 10
114 2 0
114 2 0
114 2 0
115 2 0
115 2 126
115 2 730
115 2 0
115 2 0
115 2 530
115 2 920
115 2 638
115 2 772
115 2 0
116 2 0
116 2 445
116 2 34
116 2 339
116 2 526
116 2 928
116 2 0
117 2 0
117 2 805
117 2 720
117 2 346
117 2 461
117 2 46
117 2 104
117 2 0
118 1 0
118 1 703
118 1 627
118 1 144
118 1 53
118 1 503
118 1 0
118 1 0
119 1 0
119 1 251
119 1 502
119 1 0
120 2 0
120 2 78
120 2 505
120 2 0
121 2 0
121 2 904
121 2 0
122 2 0
122 2 683
122 2 265
122 2 82
122 2 0
123 2 0
123 2 313
123 2 903
123 2 0
123 2 0
123 2 536
123 2 1000
123 2 0
124 1 0
124 1 596
124 1 364
124 1 0
124 1 0
124 1 367
124 1 301
124 1 626
124 1 0
124 1 0
124 1 0
125 1 0
125 1 109
125 1 853
125 1 972
125 1 978
125 1 0
125 1 0
125 1 0
125 1 33
125 1 0
125 1 0
125 1 0
126 2 0
126 2 998
126 2 559
126 2 555
126 2 116
126 2 0
127 2 0
127 2 296
127 2 145
127 2 917
127 2 0
127 2 0
127 2 818
127 2 222
127 2 0
127 2 0
127 2 0
128 2 0
128 2 862
128 2 744
128 2 743
128 2 860
128 2 236
128 2 723
128 2 146
128 2 433
128 2 0
128 2 0
128 2 0
128 2 0
129 2 0
129 2 271
129 2 728
129 2 498
129 2 156
129 2 823
129 2 0
129 2 0
129 2 0
130 1 0
130 1 976
130 1 615
130 1 0
130 1 0
130 1 165
130 1 305
130 1 68
130 1 0
130 1 0
131 1 0
131 1 407
131 1 827
131 1 73
131 1 548
131 1 617
131 1 381
131 1 0
131 1 0
131 1 0
131 1 0
132 1 0
132 1 488
132 1 320
132 1 0
132 1 0
132 1 523
132 1 786
132 1 0
132 1 0
132 1 0
133 2 0
133 2 42
133 2 327
133 2 357
133 2 834
133 2 651
133 2 760
133 2 297
133 2 890
133 2 905
133 2 0
133 2 0
134 2 0
134 2 240
134 2 249
134 2 0
134 2 0
134 2 811
134 2 317
134 2 0
135 1 0
135 1 832
135 1 35
135 1 253
135 1 263
135 1 845
135 1 579
135 1 829
135 1 0
135 1 0
135 1 0
135 1 0
136 2 0
136 2 32
136 2 60
136 2 912
136 2 0
137 2 0
137 2 348
137 2 5
137 2 325
137 2 155
137 2 0
138 1 0
138 1 187
138 1 725
138 1 0
139 1 0
139 1 670
139 1 698
139 1 402
139 1 993
139 1 0
139 1 0
139 1 0
139 1 0
140 2 0
140 2 409
140 2 384
140 2 382
140 2 90
140 2 0
141 1 0
141 1 69
141 1 569
141 1 0
142 2 0
142 2 740
142 2 0
143 2 0
143 2 15
143 2 522
143 2 499
143 2 979
143 2 0
143 2 0
144 2 0
144 2 127
144 2 451
144 2 0
144 2 0
144 2 0
145 1 0
145 1 514
145 1 123
145 1 0
145 1 0
146 1 0
146 1 588
146 1 201
146 1 415
146 1 0
146 1 0
147 1 0
147 1 448
147 1 196
147 1 131
147 1 872
147 1 681
147 1 331
147 1 326
147 1 0
147 1 0
147 1 0
147 1 0
148 1 0
148 1 722
148 1 98
148 1 986
148 1 0
148 1 0
148 1 0
148 1 765
148 1 913
148 1 0
148 1 0
148 1 0
149 2 0
149 2 982
149 2 368
149 2 914
149 2 984
149 2 713
149 2 295
149 2 0
149 2 0
150 2 0
150 2 374
150 2 788
150 2 137
150 2 598
150 2 377
150 2 373
150 2 0
150 2 0
150 2 0
150 2 0
151 2 0
151 2 22
151 2 316
151 2 867
151 2 566
151 2 0
151 2 0
151 2 412
151 2 0
152 2 0
152 2 773
152 2 635
152 2 464
152 2 450
152 2 959
152 2 308
152 2 105
152 2 0
152 2 0
152 2 0
152 2 0
153 2 0
153 2 277
153 2 916
153 2 962
153 2 162
153 2 633
153 2 795
153 2 0
153 2 0
154 1 0
154 1 690
154 1 256
154 1 56
154 1 560
154 1 858
154 1 0
154 1 0
155 1 0
155 1 202
155 1 372
155 1 0
155 1 0
155 1 0
156 2 0
156 2 449
156 2 460
156 2 893
156 2 597
156 2 549
156 2 286
156 2 486
156 2 915
156 2 252
156 2 241
156 2 55
156 2 0
156 2 0
156 2 0
156 2 0
157 1 0
157 1 243
157 1 884
157 1 0
157 1 0
157 1 0
157 1 195
157 1 737
157 1 632
157 1 0
157 1 0
158 1 0
158 1 625
158 1 224
158 1 981
158 1 507
158 1 649
158 1 0
158 1 0
158 1 0
158 1 0
159 1 0
159 1 370
159 1 636
159 1 244
159 1 567
159 1 361
159 1 0
159 1 0
159 1 0
159 1 0
160 2 0
160 2 303
160 2 482
160 2 72
160 2 901
160 2 667
160 2 242
160 2 491
160 2 0
160 2 0
160 2 0
160 2 0
161 1 0
161 1 0
162 1 0
162 1 0
163 2 0
163 2 745
163 2 0
163 2 0
163 2 556
163 2 0
164 1 0
164 1 184
164 1 194
164 1 747
164 1 0
164 1 0
164 1 0
164 1 112
164 1 49
164 1 386
164 1 0
164 1 0
165 2 0
165 2 733
165 2 61
165 2 528
165 2 946
165 2 0
165 2 0
165 2 0
165 2 87
165 2 0
166 1 0
166 1 643
166 1 0
166 1 0
166 1 176
166 1 618
166 1 0
166 1 0
166 1 0
166 1 0
167 1 0
167 1 198
167 1 238
167 1 966
167 1 859
167 1 882
167 1 299
167 1 0
167 1 0
167 1 0
167 1 0
168 1 0
168 1 924
168 1 623
168 1 117
168 1 378
168 1 280
168 1 0
168 1 0
168 1 0
168 1 0
169 2 0
169 2 268
169 2 674
169 2 333
169 2 552
169 2 0
169 2 0
170 1 0
170 1 684
170 1 120
170 1 21
170 1 197
170 1 0
170 1 0
170 1 0
170 1 29
170 1 0
171 2 0
171 2 416
171 2 129
171 2 878
171 2 585
171 2 879
171 2 836
171 2 3
171 2 0
171 2 0
172 2 0
172 2 267
172 2 517
172 2 599
172 2 864
172 2 375
172 2 138
172 2 0
172 2 0
173 2 0
173 2 210
173 2 900
173 2 169
173 2 96
173 2 629
173 2 0
173 2 0
174 2 0
174 2 704
174 2 639
174 2 961
174 2 0
174 2 0
175 2 0
175 2 362
175 2 76
175 2 75
175 2 0
176 1 0
176 1 103
176 1 631
176 1 353
176 1 443
176 1 963
176 1 427
176 1 0
176 1 0
176 1 0
176 1 0
177 2 0
177 2 770
177 2 422
177 2 687
177 2 139
177 2 892
177 2 110
177 2 0
177 2 0
178 2 0
178 2 100
178 2 347
178 2 358
178 2 225
178 2 696
178 2 896
178 2 0
178 2 0
178 2 0
178 2 0
179 1 0
179 1 671
179 1 209
179 1 0
179 1 0
180 2 0
180 2 953
180 2 691
180 2 174
180 2 306
180 2 589
180 2 278
180 2 787
180 2 0
180 2 0
180 2 0
180 2 0
181 1 0
181 1 379
181 1 768
181 1 159
181 1 343
181 1 0
181 1 0
181 1 0
181 1 0
182 2 0
182 2 227
182 2 203
182 2 931
182 2 363
182 2 614
182 2 833
182 2 537
182 2 731
182 2 0
182 2 0
182 2 0
182 2 0
183 1 0
183 1 483
183 1 452
183 1 258
183 1 926
183 1 0
183 1 0
183 1 0
183 1 0
184 1 0
184 1 52
184 1 592
184 1 575
184 1 0
184 1 0
184 1 0
184 1 322
184 1 0
184 1 0
185 1 0
185 1 215
185 1 769
185 1 533
185 1 228
185 1 0
185 1 0
185 1 0
185 1 0
186 1 0
186 1 115
186 1 851
186 1 260
186 1 219
186 1 0
186 1 0
187 2 0
187 2 711
187 2 739
187 2 65
187 2 0
187 2 0
188 1 0
188 1 403
188 1 302
188 1 658
188 1 300
188 1 0
188 1 0
188 1 0
188 1 0
189 2 0
189 2 20
189 2 132
189 2 444
189 2 147
189 2 26
189 2 889
189 2 0
189 2 0
189 2 0
189 2 0
190 2 0
190 2 206
190 2 519
190 2 121
190 2 547
190 2 231
190 2 620
190 2 0
190 2 0
190 2 0
190 2 0
191 2 0
191 2 285
191 2 350
191 2 0
191 2 0
191 2 0
191 2 0
192 1 0
192 1 261
192 1 736
192 1 766
192 1 637
192 1 0
192 1 0
192 1 0
192 1 2
192 1 0
193 2 0
193 2 111
193 2 487
193 2 933
193 2 0
193 2 0
193 2 0
193 2 344
193 2 822
193 2 0
193 2 0
193 2 0
193 2 0
194 1 0
194 1 821
194 1 405
194 1 239
194 1 390
194 1 0
194 1 0
194 1 0
194 1 0
195 1 0
195 1 312
195 1 70
195 1 48
195 1 583
195 1 0
195 1 0
195 1 0
195 1 0
196 1 0
196 1 16
196 1 388
196 1 262
196 1 0
196 1 0
196 1 0
196 1 439
196 1 0
196 1 0
196 1 0
196 1 0
197 2 0
197 2 1
197 2 886
197 2 500
197 2 469
197 2 19
197 2 0
197 2 0
198 1 0
198 1 804
198 1 0
198 1 0
198 1 0
198 1 952
198 1 594
198 1 551
198 1 0
198 1 0
198 1 0
198 1 0
199 2 0
199 2 234
199 2 688
199 2 62
199 2 337
199 2 935
199 2 584
199 2 0
199 2 0
199 2 0
199 2 0
200 2 0
200 2 729
200 2 968
200 2 270
200 2 0
200 2 0
200 2 0
200 2 0
201 2 0
201 2 355
201 2 774
201 2 702
201 2 572
201 2 888
201 2 0
201 2 0
202 1 0
202 1 213
202 1 775
202 1 0
202 1 0
202 1 0
202 1 315
202 1 395
202 1 0
202 1 0
203 1 0
203 1 143
203 1 50
203 1 527
203 1 235
203 1 0
203 1 0
203 1 0
203 1 0
204 2 0
204 2 67
204 2 540
204 2 424
204 2 762
204 2 0
204 2 0
204 2 0
204 2 0
205 2 0
205 2 192
205 2 421
205 2 521
205 2 77
205 2 869
205 2 0
205 2 0
206 1 0
206 1 185
206 1 958
206 1 987
206 1 0
206 1 0
206 1 0
206 1 431
206 1 0
206 1 0
207 1 0
207 1 956
207 1 474
207 1 0
207 1 0
207 1 0
207 1 371
207 1 708
207 1 0
207 1 0
207 1 0
207 1 0
208 2 0
208 2 985
208 2 179
208 2 51
208 2 359
208 2 957
208 2 274
208 2 0
208 2 0
208 2 0
208 2 0
209 1 0
209 1 39
209 1 780
209 1 0
209 1 152
209 1 0
209 1 0
210 1 0
210 1 108
210 1 12
210 1 0
210 1 0
211 1 0
211 1 13
211 1 0
211 1 0
