total cost: 334727
1 2 0
1 2 553
1 2 288
1 2 767
1 2 0
1 2 0
1 2 307
1 2 793
1 2 0
1 2 0
1 2 141
1 2 0
2 1 0
2 1 220
2 1 802
2 1 577
2 1 254
2 1 0
2 1 0
2 1 180
2 1 257
2 1 932
2 1 0
3 1 0
3 1 616
3 1 161
3 1 652
3 1 0
3 1 0
3 1 0
4 1 0
4 1 954
4 1 654
4 1 520
4 1 0
5 1 0
5 1 463
5 1 539
5 1 459
5 1 693
5 1 454
5 1 0
5 1 0
5 1 790
5 1 0
5 1 0
5 1 0
6 2 0
6 2 408
6 2 801
6 2 754
6 2 593
6 2 475
6 2 510
6 2 356
6 2 0
7 2 0
7 2 645
7 2 865
7 2 189
7 2 442
7 2 92
7 2 710
7 2 717
7 2 0
7 2 0
7 2 0
8 2 0
8 2 605
8 2 974
8 2 401
8 2 229
8 2 0
9 1 0
9 1 57
9 1 843
9 1 170
9 1 749
9 1 689
9 1 525
9 1 476
9 1 0
9 1 0
9 1 0
10 2 0
10 2 281
10 2 423
10 2 532
10 2 544
10 2 798
10 2 380
10 2 0
11 1 0
11 1 856
11 1 4
11 1 501
11 1 250
11 1 911
11 1 468
11 1 700
11 1 0
11 1 0
11 1 230
11 1 0
12 1 0
12 1 354
12 1 0
13 1 0
13 1 319
13 1 716
13 1 0
14 2 0
14 2 124
14 2 919
14 2 799
14 2 148
14 2 0
15 2 0
15 2 164
15 2 391
15 2 440
15 2 216
15 2 650
15 2 0
16 1 0
16 1 37
16 1 0
17 2 0
17 2 154
17 2 0
17 2 0
17 2 612
17 2 535
17 2 8
17 2 0
18 2 0
18 2 462
18 2 813
18 2 478
18 2 570
18 2 0
18 2 0
18 2 283
18 2 590
18 2 269
18 2 0
19 1 0
19 1 763
19 1 831
19 1 759
19 1 0
19 1 0
19 1 591
19 1 504
19 1 0
20 1 0
20 1 947
20 1 400
20 1 682
20 1 826
20 1 641
20 1 171
20 1 742
20 1 0
21 1 0
21 1 602
21 1 939
21 1 975
21 1 810
21 1 276
21 1 0
21 1 0
21 1 0
22 1 0
22 1 714
22 1 248
22 1 0
23 2 0
23 2 841
23 2 543
23 2 101
23 2 783
23 2 470
23 2 217
23 2 897
23 2 345
23 2 880
23 2 0
24 1 0
24 1 565
24 1 850
24 1 58
24 1 237
24 1 338
24 1 791
24 1 945
24 1 0
24 1 0
24 1 0
25 1 0
25 1 428
25 1 820
25 1 54
25 1 732
25 1 600
25 1 0
25 1 0
25 1 0
26 2 0
26 2 284
26 2 106
26 2 477
26 2 114
26 2 304
26 2 205
26 2 0
27 2 0
27 2 489
27 2 741
27 2 107
27 2 0
28 2 0
28 2 899
28 2 922
28 2 45
28 2 806
28 2 814
28 2 93
28 2 259
28 2 181
28 2 314
28 2 964
28 2 125
28 2 0
28 2 0
28 2 0
29 1 0
29 1 64
29 1 967
29 1 678
29 1 0
30 2 0
30 2 291
30 2 7
30 2 992
30 2 437
30 2 508
30 2 815
30 2 360
30 2 0
31 2 0
31 2 846
31 2 473
31 2 293
31 2 0
32 1 0
32 1 866
32 1 9
32 1 721
32 1 923
32 1 436
32 1 0
32 1 0
32 1 0
33 1 0
33 1 128
33 1 925
33 1 715
33 1 418
33 1 292
33 1 208
33 1 38
33 1 0
34 1 0
34 1 264
34 1 910
34 1 524
34 1 63
34 1 807
34 1 0
35 1 0
35 1 816
35 1 863
35 1 868
35 1 609
35 1 0
35 1 0
35 1 561
35 1 0
36 2 0
36 2 158
36 2 871
36 2 36
36 2 204
36 2 563
36 2 940
36 2 784
36 2 86
36 2 0
36 2 0
36 2 0
37 1 0
37 1 14
37 1 580
37 1 232
37 1 538
37 1 495
37 1 397
37 1 212
37 1 512
37 1 0
38 1 0
38 1 389
38 1 666
38 1 446
38 1 949
38 1 692
38 1 852
38 1 0
39 2 0
39 2 113
39 2 529
39 2 738
39 2 907
39 2 349
39 2 0
39 2 0
39 2 855
39 2 0
40 2 0
40 2 279
40 2 99
40 2 785
40 2 472
40 2 513
40 2 0
40 2 0
40 2 0
41 1 0
41 1 17
41 1 178
41 1 323
41 1 885
41 1 0
42 2 0
42 2 541
42 2 611
42 2 647
42 2 255
42 2 980
42 2 74
42 2 0
42 2 0
42 2 0
43 2 0
43 2 441
43 2 808
43 2 676
43 2 969
43 2 803
43 2 66
43 2 516
43 2 0
44 1 0
44 1 606
44 1 955
44 1 542
44 1 707
44 1 246
44 1 40
44 1 2
44 1 990
44 1 223
44 1 0
44 1 0
44 1 0
45 2 0
45 2 335
45 2 608
45 2 906
45 2 47
45 2 679
45 2 0
45 2 0
45 2 0
46 1 0
46 1 153
46 1 394
46 1 603
46 1 207
46 1 168
46 1 71
46 1 0
46 1 0
46 1 0
46 1 0
47 1 0
47 1 531
47 1 677
47 1 41
47 1 136
47 1 200
47 1 0
48 1 0
48 1 133
48 1 399
48 1 680
48 1 873
48 1 844
48 1 438
48 1 0
48 1 0
48 1 0
49 1 0
49 1 550
49 1 0
50 2 0
50 2 837
50 2 909
50 2 0
51 2 0
51 2 352
51 2 0
52 1 0
52 1 163
52 1 0
53 1 0
53 1 456
53 1 996
53 1 699
53 1 392
53 1 417
53 1 918
53 1 309
53 1 0
53 1 0
53 1 0
53 1 0
54 2 0
54 2 921
54 2 351
54 2 455
54 2 0
54 2 0
54 2 0
55 2 0
55 2 336
55 2 369
55 2 854
55 2 426
55 2 0
55 2 0
55 2 130
55 2 576
55 2 0
55 2 0
55 2 0
56 2 0
56 2 817
56 2 157
56 2 199
56 2 324
56 2 648
56 2 290
56 2 0
56 2 0
56 2 0
57 2 0
57 2 796
57 2 644
57 2 329
57 2 453
57 2 88
57 2 44
57 2 383
57 2 0
57 2 0
57 2 0
58 2 0
58 2 435
58 2 686
58 2 160
58 2 183
58 2 835
58 2 490
58 2 471
58 2 0
59 1 0
59 1 518
59 1 497
59 1 404
59 1 642
59 1 0
59 1 0
59 1 95
59 1 398
59 1 0
60 2 0
60 2 562
60 2 266
60 2 664
60 2 410
60 2 151
60 2 752
60 2 970
60 2 27
60 2 434
60 2 0
61 1 0
61 1 809
61 1 930
61 1 771
61 1 492
61 1 413
61 1 0
61 1 0
61 1 191
61 1 135
61 1 289
61 1 0
62 1 0
62 1 102
62 1 610
62 1 574
62 1 419
62 1 976
62 1 669
62 1 0
62 1 0
62 1 0
63 2 0
63 2 646
63 2 697
63 2 870
63 2 366
63 2 0
63 2 0
63 2 876
63 2 753
63 2 929
63 2 545
63 2 0
64 2 0
64 2 989
64 2 751
64 2 673
64 2 485
64 2 226
64 2 0
64 2 0
64 2 166
64 2 11
64 2 0
65 1 0
65 1 340
65 1 781
65 1 188
65 1 425
65 1 776
65 1 668
65 1 0
65 1 0
65 1 0
66 2 0
66 2 902
66 2 84
66 2 709
66 2 757
66 2 0
67 2 0
67 2 275
67 2 310
67 2 973
67 2 118
67 2 0
67 2 0
67 2 0
68 2 0
68 2 447
68 2 840
68 2 705
68 2 0
68 2 0
68 2 0
69 2 0
69 2 511
69 2 777
69 2 79
69 2 663
69 2 601
69 2 0
69 2 0
69 2 0
70 1 0
70 1 943
70 1 941
70 1 685
70 1 936
70 1 581
70 1 509
70 1 630
70 1 0
70 1 0
70 1 0
70 1 0
71 1 0
71 1 321
71 1 233
71 1 701
71 1 177
71 1 80
71 1 494
71 1 0
72 2 0
72 2 694
72 2 0
73 1 0
73 1 568
73 1 675
73 1 779
73 1 0
73 1 0
73 1 0
74 1 0
74 1 748
74 1 481
74 1 0
75 2 0
75 2 186
75 2 628
75 2 937
75 2 211
75 2 0
76 2 0
76 2 756
76 2 134
76 2 175
76 2 376
76 2 140
76 2 218
76 2 847
76 2 0
76 2 0
76 2 0
77 2 0
77 2 971
77 2 965
77 2 734
77 2 480
77 2 28
77 2 0
78 2 0
78 2 150
78 2 944
78 2 0
78 2 0
78 2 0
79 2 0
79 2 794
79 2 874
79 2 828
79 2 0
79 2 0
79 2 94
79 2 311
79 2 0
79 2 0
79 2 0
80 2 0
80 2 430
80 2 334
80 2 938
80 2 755
80 2 997
80 2 493
80 2 778
80 2 0
80 2 0
80 2 0
81 1 0
81 1 328
81 1 282
81 1 977
81 1 396
81 1 656
81 1 672
81 1 0
81 1 0
81 1 0
81 1 0
82 2 0
82 2 193
82 2 173
82 2 848
82 2 838
82 2 342
82 2 607
82 2 0
83 2 0
83 2 411
83 2 59
83 2 0
83 2 0
83 2 960
83 2 24
83 2 0
84 1 0
84 1 934
84 1 991
84 1 578
84 1 0
84 1 0
84 1 0
85 2 0
85 2 18
85 2 887
85 2 891
85 2 571
85 2 883
85 2 942
85 2 994
85 2 824
85 2 0
85 2 0
85 2 0
86 1 0
86 1 564
86 1 695
86 1 0
87 1 0
87 1 724
87 1 0
88 1 0
88 1 273
88 1 429
88 1 30
88 1 735
88 1 484
88 1 172
88 1 761
88 1 0
88 1 0
88 1 0
88 1 0
89 2 0
89 2 718
89 2 0
89 2 0
89 2 0
90 1 0
90 1 604
90 1 23
90 1 0
91 1 0
91 1 861
91 1 393
91 1 457
91 1 119
91 1 0
92 1 0
92 1 557
92 1 0
93 1 0
93 1 85
93 1 800
93 1 97
93 1 465
93 1 881
93 1 0
93 1 0
93 1 0
94 2 0
94 2 640
94 2 420
94 2 665
94 2 554
94 2 624
94 2 515
94 2 812
94 2 287
94 2 0
94 2 0
94 2 0
94 2 0
95 2 0
95 2 81
95 2 272
95 2 842
95 2 0
95 2 0
95 2 0
96 2 0
96 2 167
96 2 782
96 2 764
96 2 819
96 2 0
96 2 0
96 2 479
96 2 0
97 2 0
97 2 586
97 2 904
97 2 0
98 2 0
98 2 661
98 2 182
98 2 0
99 1 0
99 1 999
99 1 719
99 1 622
99 1 573
99 1 839
99 1 6
99 1 89
99 1 0
99 1 0
100 1 0
100 1 948
100 1 0
101 2 0
101 2 877
101 2 298
101 2 0
102 2 0
102 2 797
102 2 988
102 2 805
102 2 466
102 2 595
102 2 758
102 2 587
102 2 0
103 2 0
103 2 31
103 2 25
103 2 894
103 2 582
103 2 726
103 2 83
103 2 415
103 2 201
103 2 0
103 2 0
103 2 0
103 2 0
104 1 0
104 1 341
104 1 0
104 1 0
104 1 662
104 1 706
104 1 983
104 1 0
105 1 0
105 1 621
105 1 951
105 1 659
105 1 0
106 1 0
106 1 746
106 1 849
106 1 660
106 1 402
106 1 588
106 1 993
106 1 0
106 1 0
106 1 0
106 1 0
107 1 0
107 1 247
107 1 190
107 1 832
107 1 122
107 1 905
107 1 890
107 1 0
107 1 0
107 1 0
107 1 0
108 1 0
108 1 655
108 1 712
108 1 0
108 1 0
108 1 365
108 1 750
108 1 0
108 1 0
108 1 0
109 2 0
109 2 496
109 2 301
109 2 127
109 2 626
109 2 0
109 2 0
109 2 0
110 1 0
110 1 458
110 1 534
110 1 792
110 1 613
110 1 488
110 1 187
110 1 0
110 1 0
110 1 0
110 1 0
111 2 0
111 2 657
111 2 0
111 2 0
111 2 546
111 2 91
111 2 0
112 1 0
112 1 830
112 1 0
112 1 0
112 1 330
112 1 0
113 1 0
113 1 149
113 1 332
113 1 142
113 1 320
113 1 0
113 1 0
113 1 0
113 1 43
113 1 0
114 2 0
114 2 294
114 2 950
114 2 927
114 2 318
114 2 0
114 2 0
114 2 530
114 2 920
114 2 0
115 2 0
115 2 126
115 2 730
115 2 0
115 2 0
115 2 10
115 2 727
115 2 0
115 2 0
115 2 0
116 2 0
116 2 445
116 2 348
116 2 0
117 1 0
117 1 78
117 1 627
117 1 898
117 1 789
117 1 0
117 1 0
118 1 0
118 1 214
118 1 0
118 1 0
118 1 367
118 1 265
118 1 0
118 1 0
118 1 0
119 2 0
119 2 251
119 2 720
119 2 346
119 2 461
119 2 90
119 2 0
120 2 0
120 2 703
120 2 144
120 2 908
120 2 245
120 2 414
120 2 53
120 2 619
120 2 895
120 2 0
120 2 0
120 2 0
120 2 0
121 2 0
121 2 683
121 2 82
121 2 202
121 2 0
122 1 0
122 1 313
122 1 903
122 1 0
122 1 0
122 1 857
122 1 0
123 2 0
123 2 596
123 2 467
123 2 382
123 2 46
123 2 104
123 2 0
124 1 0
124 1 109
124 1 853
124 1 825
124 1 0
124 1 0
124 1 536
124 1 1000
124 1 0
125 1 0
125 1 998
125 1 559
125 1 555
125 1 34
125 1 432
125 1 339
125 1 0
125 1 0
125 1 0
125 1 0
126 1 0
126 1 296
126 1 0
126 1 0
126 1 818
126 1 0
126 1 0
126 1 0
127 2 0
127 2 271
127 2 827
127 2 156
127 2 728
127 2 823
127 2 0
127 2 0
127 2 0
128 1 0
128 1 862
128 1 744
128 1 145
128 1 917
128 1 60
128 1 912
128 1 0
128 1 0
129 1 0
129 1 502
129 1 986
129 1 98
129 1 0
129 1 0
129 1 0
129 1 638
129 1 772
129 1 0
129 1 0
129 1 0
130 1 0
130 1 221
130 1 505
130 1 503
130 1 0
130 1 0
131 1 0
131 1 364
131 1 743
131 1 860
131 1 723
131 1 236
131 1 0
131 1 0
131 1 0
131 1 0
132 1 0
132 1 385
132 1 875
132 1 558
132 1 506
132 1 737
132 1 632
132 1 0
132 1 0
133 2 0
133 2 407
133 2 740
133 2 0
134 2 0
134 2 523
134 2 995
134 2 0
134 2 0
134 2 0
135 2 0
135 2 634
135 2 387
135 2 566
135 2 972
135 2 0
135 2 0
135 2 165
135 2 305
135 2 0
136 1 0
136 1 42
136 1 615
136 1 327
136 1 617
136 1 381
136 1 0
136 1 0
137 2 0
137 2 240
137 2 15
137 2 526
137 2 116
137 2 928
137 2 0
137 2 0
137 2 0
138 2 0
138 2 406
138 2 412
138 2 372
138 2 0
138 2 0
138 2 0
139 1 0
139 1 32
139 1 108
139 1 0
140 2 0
140 2 653
140 2 448
140 2 196
140 2 872
140 2 377
140 2 0
140 2 0
140 2 811
140 2 317
140 2 0
141 1 0
141 1 670
141 1 698
141 1 35
141 1 253
141 1 760
141 1 651
141 1 0
141 1 0
142 2 0
142 2 409
142 2 384
142 2 303
142 2 450
142 2 0
142 2 0
142 2 69
142 2 68
142 2 0
143 1 0
143 1 514
143 1 277
143 1 498
143 1 73
143 1 548
143 1 0
143 1 0
144 2 0
144 2 722
144 2 635
144 2 464
144 2 733
144 2 636
144 2 195
144 2 112
144 2 0
144 2 0
144 2 0
144 2 0
145 1 0
145 1 982
145 1 368
145 1 123
145 1 834
145 1 263
145 1 0
145 1 0
145 1 0
145 1 0
146 2 0
146 2 374
146 2 788
146 2 522
146 2 249
146 2 0
146 2 0
146 2 765
146 2 0
147 1 0
147 1 22
147 1 316
147 1 978
147 1 325
147 1 176
147 1 5
147 1 0
147 1 0
147 1 0
147 1 0
148 2 0
148 2 773
148 2 370
148 2 704
148 2 49
148 2 0
148 2 0
148 2 0
148 2 0
149 1 0
149 1 690
149 1 916
149 1 56
149 1 984
149 1 829
149 1 713
149 1 579
149 1 0
149 1 0
150 1 0
150 1 681
150 1 598
150 1 326
150 1 331
150 1 373
150 1 0
150 1 0
150 1 0
150 1 0
151 2 0
151 2 786
151 2 0
151 2 0
151 2 0
152 2 0
152 2 449
152 2 460
152 2 725
152 2 0
152 2 0
152 2 222
152 2 0
152 2 0
152 2 0
153 1 0
153 1 914
153 1 256
153 1 845
153 1 295
153 1 0
153 1 0
154 1 0
154 1 243
154 1 0
154 1 0
154 1 913
154 1 0
154 1 0
154 1 0
155 2 0
155 2 625
155 2 224
155 2 981
155 2 72
155 2 308
155 2 105
155 2 961
155 2 0
155 2 0
156 2 0
156 2 357
156 2 162
156 2 691
156 2 278
156 2 787
156 2 65
156 2 431
156 2 0
156 2 0
157 1 0
157 1 184
157 1 893
157 1 747
157 1 674
157 1 0
157 1 0
157 1 0
157 1 0
158 1 0
158 1 0
159 2 0
159 2 745
159 2 0
159 2 0
159 2 556
159 2 0
160 2 0
160 2 643
160 2 884
160 2 867
160 2 0
160 2 0
160 2 569
160 2 0
161 2 0
161 2 966
161 2 238
161 2 210
161 2 433
161 2 242
161 2 0
161 2 0
161 2 0
161 2 0
162 2 0
162 2 137
162 2 131
162 2 979
162 2 499
162 2 0
162 2 0
163 1 0
163 1 198
163 1 507
163 1 129
163 1 649
163 1 491
163 1 299
163 1 882
163 1 0
163 1 0
164 2 0
164 2 451
164 2 252
164 2 915
164 2 0
165 1 0
165 1 155
165 1 0
165 1 0
165 1 362
165 1 146
165 1 0
165 1 0
166 2 0
166 2 859
166 2 924
166 2 597
166 2 517
166 2 486
166 2 286
166 2 552
166 2 241
166 2 55
166 2 87
166 2 0
166 2 0
166 2 0
166 2 0
167 2 0
167 2 618
167 2 0
167 2 0
167 2 33
167 2 0
168 2 0
168 2 684
168 2 120
168 2 549
168 2 623
168 2 378
168 2 280
168 2 0
168 2 0
168 2 0
168 2 0
169 1 0
169 1 482
169 1 959
169 1 671
169 1 209
169 1 75
169 1 0
169 1 0
170 2 0
170 2 194
170 2 347
170 2 115
170 2 117
170 2 878
170 2 206
170 2 585
170 2 879
170 2 836
170 2 3
170 2 0
170 2 0
171 1 0
171 1 416
171 1 901
171 1 159
171 1 629
171 1 952
171 1 0
171 1 0
171 1 0
171 1 0
172 2 0
172 2 268
172 2 21
172 2 139
172 2 260
172 2 219
172 2 0
172 2 0
172 2 0
172 2 0
173 2 0
173 2 267
173 2 197
173 2 0
173 2 0
174 1 0
174 1 333
174 1 0
174 1 0
175 2 0
175 2 61
175 2 528
175 2 244
175 2 567
175 2 361
175 2 353
175 2 443
175 2 0
175 2 0
175 2 0
175 2 0
176 1 0
176 1 322
176 1 0
176 1 0
177 1 0
177 1 103
177 1 946
177 1 631
177 1 427
177 1 963
177 1 344
177 1 0
177 1 0
177 1 0
177 1 0
178 1 0
178 1 900
178 1 667
178 1 96
178 1 169
178 1 0
178 1 0
179 2 0
179 2 100
179 2 227
179 2 452
179 2 285
179 2 0
179 2 0
179 2 0
179 2 0
180 2 0
180 2 770
180 2 422
180 2 687
180 2 892
180 2 138
180 2 0
180 2 0
180 2 0
180 2 0
181 1 0
181 1 386
181 1 639
181 1 0
181 1 0
182 1 0
182 1 379
182 1 768
182 1 533
182 1 228
182 1 350
182 1 0
182 1 0
182 1 0
182 1 0
183 1 0
183 1 953
183 1 20
183 1 215
183 1 962
183 1 633
183 1 0
183 1 0
183 1 0
183 1 0
184 1 0
184 1 711
184 1 858
184 1 0
184 1 0
185 2 0
185 2 560
185 2 739
185 2 0
185 2 0
186 2 0
186 2 483
186 2 343
186 2 575
186 2 0
186 2 0
186 2 0
186 2 297
186 2 0
187 2 0
187 2 403
187 2 851
187 2 931
187 2 363
187 2 599
187 2 375
187 2 864
187 2 0
187 2 0
188 2 0
188 2 203
188 2 926
188 2 519
188 2 696
188 2 896
188 2 547
188 2 0
188 2 0
188 2 0
188 2 0
189 1 0
189 1 261
189 1 174
189 1 444
189 1 147
189 1 0
189 1 0
189 1 0
189 1 76
189 1 0
189 1 0
190 1 0
190 1 821
190 1 258
190 1 62
190 1 405
190 1 0
190 1 0
190 1 0
190 1 0
191 2 0
191 2 52
191 2 1
191 2 804
191 2 0
191 2 0
191 2 0
191 2 795
191 2 0
192 2 0
192 2 111
192 2 933
192 2 775
192 2 421
192 2 0
192 2 0
192 2 0
192 2 29
192 2 0
193 2 0
193 2 769
193 2 388
193 2 736
193 2 766
193 2 888
193 2 572
193 2 395
193 2 0
193 2 0
194 2 0
194 2 312
194 2 302
194 2 833
194 2 658
194 2 537
194 2 300
194 2 620
194 2 231
194 2 0
194 2 0
194 2 0
194 2 0
195 2 0
195 2 16
195 2 702
195 2 774
195 2 889
195 2 0
195 2 0
195 2 0
195 2 0
196 2 0
196 2 592
196 2 729
196 2 390
196 2 239
196 2 337
196 2 731
196 2 0
196 2 0
196 2 0
196 2 0
197 1 0
197 1 358
197 1 968
197 1 583
197 1 935
197 1 0
197 1 0
197 1 0
197 1 0
198 1 0
198 1 70
198 1 67
198 1 48
198 1 0
198 1 0
198 1 0
198 1 0
199 2 0
199 2 355
199 2 132
199 2 306
199 2 589
199 2 0
199 2 0
199 2 0
199 2 0
200 1 0
200 1 262
200 1 637
200 1 213
200 1 594
200 1 584
200 1 0
200 1 0
200 1 0
200 1 0
201 1 0
201 1 234
201 1 688
201 1 540
201 1 0
201 1 0
201 1 0
201 1 439
201 1 315
201 1 0
201 1 0
202 1 0
202 1 487
202 1 500
202 1 987
202 1 0
202 1 0
202 1 0
202 1 0
203 1 0
203 1 225
203 1 614
203 1 121
203 1 0
203 1 0
203 1 0
203 1 0
204 2 0
204 2 886
204 2 780
204 2 50
204 2 527
204 2 469
204 2 551
204 2 0
204 2 0
204 2 0
204 2 0
205 1 0
205 1 110
205 1 371
205 1 0
205 1 0
205 1 0
205 1 0
206 1 0
206 1 0
207 2 0
207 2 822
207 2 0
207 2 0
207 2 0
207 2 0
208 1 0
208 1 143
208 1 26
208 1 39
208 1 359
208 1 0
208 1 0
208 1 0
208 1 0
209 2 0
209 2 192
209 2 762
209 2 19
209 2 957
209 2 235
209 2 869
209 2 0
209 2 0
210 2 0
210 2 424
210 2 521
210 2 77
210 2 274
210 2 0
210 2 0
211 1 0
211 1 956
211 1 179
211 1 958
211 1 0
211 1 270
211 1 0
211 1 0
212 1 0
212 1 185
212 1 474
212 1 985
212 1 0
212 1 0
212 1 0
212 1 708
212 1 0
212 1 0
213 1 0
213 1 51
213 1 0
213 1 152
213 1 0
213 1 0
214 2 0
214 2 13
214 2 12
214 2 0
214 2 0
