total cost: 346147
1 2 0
1 2 553
1 2 288
1 2 767
1 2 0
1 2 0
1 2 616
1 2 180
1 2 257
1 2 932
1 2 0
2 2 0
2 2 220
2 2 802
2 2 577
2 2 408
2 2 801
2 2 0
2 2 0
2 2 307
2 2 790
2 2 0
2 2 0
2 2 141
2 2 0
3 1 0
3 1 539
3 1 462
3 1 813
3 1 693
3 1 754
3 1 974
3 1 0
3 1 0
3 1 793
3 1 654
3 1 0
4 2 0
4 2 645
4 2 865
4 2 189
4 2 428
4 2 0
4 2 0
4 2 652
4 2 591
4 2 520
4 2 0
5 2 0
5 2 605
5 2 856
5 2 947
5 2 593
5 2 602
5 2 716
5 2 525
5 2 8
5 2 476
5 2 205
5 2 0
6 1 0
6 1 463
6 1 354
6 1 442
6 1 710
6 1 717
6 1 94
6 1 0
6 1 0
6 1 0
7 1 0
7 1 254
7 1 57
7 1 843
7 1 423
7 1 798
7 1 468
7 1 380
7 1 0
7 1 0
7 1 0
8 2 0
8 2 281
8 2 532
8 2 489
8 2 440
8 2 391
8 2 304
8 2 114
8 2 477
8 2 0
9 2 0
9 2 954
9 2 154
9 2 37
9 2 283
9 2 919
9 2 475
9 2 0
9 2 0
9 2 0
10 2 0
10 2 170
10 2 400
10 2 689
10 2 749
10 2 229
10 2 510
10 2 356
10 2 0
11 1 0
11 1 459
11 1 454
11 1 124
11 1 401
11 1 535
11 1 799
11 1 0
12 2 0
12 2 4
12 2 911
12 2 899
12 2 831
12 2 939
12 2 759
12 2 0
12 2 0
12 2 161
12 2 504
12 2 732
12 2 0
13 2 0
13 2 763
13 2 250
13 2 237
13 2 850
13 2 58
13 2 0
13 2 0
13 2 544
13 2 0
14 1 0
14 1 501
14 1 682
14 1 101
14 1 922
14 1 217
14 1 470
14 1 783
14 1 815
14 1 897
14 1 0
14 1 0
14 1 0
15 2 0
15 2 478
15 2 473
15 2 863
15 2 609
15 2 0
15 2 0
15 2 319
15 2 641
15 2 742
15 2 0
16 2 0
16 2 164
16 2 92
16 2 216
16 2 650
16 2 600
16 2 0
17 1 0
17 1 841
17 1 7
17 1 543
17 1 992
17 1 437
17 1 40
17 1 246
17 1 990
17 1 0
17 1 0
17 1 0
18 1 0
18 1 570
18 1 264
18 1 99
18 1 63
18 1 807
18 1 0
18 1 0
18 1 0
19 2 0
19 2 284
19 2 826
19 2 700
19 2 106
19 2 345
19 2 880
19 2 259
19 2 0
19 2 0
19 2 0
20 2 0
20 2 975
20 2 810
20 2 276
20 2 784
20 2 86
20 2 0
21 1 0
21 1 565
21 1 910
21 1 816
21 1 868
21 1 0
21 1 0
21 1 64
21 1 967
21 1 923
21 1 436
21 1 0
22 1 0
22 1 291
22 1 542
22 1 45
22 1 399
22 1 680
22 1 873
22 1 844
22 1 0
22 1 0
22 1 0
23 2 0
23 2 846
23 2 335
23 2 608
23 2 0
23 2 0
23 2 612
23 2 590
23 2 0
24 2 0
24 2 866
24 2 9
24 2 741
24 2 418
24 2 84
24 2 709
24 2 323
24 2 208
24 2 0
24 2 0
24 2 0
25 1 0
25 1 128
25 1 925
25 1 715
25 1 902
25 1 292
25 1 0
25 1 0
25 1 714
25 1 293
25 1 692
25 1 0
26 2 0
26 2 820
26 2 188
26 2 781
26 2 178
26 2 38
26 2 0
26 2 0
26 2 0
27 2 0
27 2 158
27 2 871
27 2 338
27 2 204
27 2 563
27 2 964
27 2 940
27 2 314
27 2 0
27 2 0
27 2 0
28 1 0
28 1 54
28 1 17
28 1 133
28 1 664
28 1 752
28 1 0
28 1 0
28 1 230
28 1 0
29 1 0
29 1 113
29 1 529
29 1 796
29 1 644
29 1 447
29 1 0
29 1 0
29 1 107
29 1 837
29 1 0
29 1 0
29 1 0
30 1 0
30 1 738
30 1 446
30 1 538
30 1 580
30 1 855
30 1 232
30 1 808
30 1 0
30 1 0
30 1 0
31 2 0
31 2 389
31 2 666
31 2 441
31 2 14
31 2 676
31 2 168
31 2 803
31 2 516
31 2 44
31 2 0
32 2 0
32 2 907
32 2 349
32 2 524
32 2 0
32 2 0
32 2 171
32 2 945
32 2 191
32 2 125
32 2 0
33 1 0
33 1 36
33 1 541
33 1 611
33 1 647
33 1 255
33 1 0
33 1 0
33 1 269
33 1 852
33 1 0
34 1 0
34 1 606
34 1 955
34 1 562
34 1 410
34 1 199
34 1 324
34 1 648
34 1 0
34 1 0
34 1 148
34 1 0
35 1 0
35 1 153
35 1 394
35 1 603
35 1 207
35 1 71
35 1 383
35 1 0
35 1 0
35 1 0
35 1 0
36 1 0
36 1 531
36 1 809
36 1 430
36 1 977
36 1 396
36 1 685
36 1 0
36 1 0
36 1 0
37 1 0
37 1 721
37 1 290
37 1 0
37 1 0
37 1 472
37 1 785
37 1 0
37 1 0
37 1 0
38 2 0
38 2 495
38 2 969
38 2 513
38 2 545
38 2 906
38 2 0
39 2 0
39 2 279
39 2 921
39 2 876
39 2 753
39 2 929
39 2 0
40 1 0
40 1 791
40 1 677
40 1 136
40 1 918
40 1 0
41 2 0
41 2 397
41 2 512
41 2 949
41 2 212
41 2 0
42 2 0
42 2 678
42 2 970
42 2 734
42 2 480
42 2 0
43 2 0
43 2 707
43 2 275
43 2 581
43 2 936
43 2 630
43 2 509
43 2 434
43 2 0
43 2 0
43 2 0
44 1 0
44 1 456
44 1 996
44 1 699
44 1 392
44 1 417
44 1 181
44 1 675
44 1 0
44 1 0
44 1 0
44 1 0
45 2 0
45 2 336
45 2 102
45 2 351
45 2 0
45 2 0
45 2 909
45 2 971
45 2 965
45 2 24
45 2 0
46 1 0
46 1 679
46 1 576
46 1 724
46 1 0
47 1 0
47 1 817
47 1 751
47 1 0
47 1 0
47 1 561
47 1 508
47 1 11
47 1 0
48 2 0
48 2 806
48 2 814
48 2 93
48 2 41
48 2 694
48 2 438
48 2 223
48 2 0
49 2 0
49 2 518
49 2 497
49 2 610
49 2 894
49 2 25
49 2 726
49 2 758
49 2 0
49 2 0
49 2 0
50 1 0
50 1 266
50 1 943
50 1 941
50 1 310
50 1 0
50 1 0
50 1 435
50 1 835
50 1 490
50 1 471
50 1 0
51 1 0
51 1 455
51 1 980
51 1 289
51 1 135
51 1 0
51 1 0
51 1 0
52 2 0
52 2 550
52 2 0
52 2 0
52 2 0
53 1 0
53 1 369
53 1 695
53 1 0
54 2 0
54 2 360
54 2 748
54 2 481
54 2 0
55 2 0
55 2 352
55 2 200
55 2 0
56 2 0
56 2 340
56 2 756
56 2 134
56 2 175
56 2 376
56 2 601
56 2 140
56 2 515
56 2 0
56 2 0
56 2 0
57 2 0
57 2 646
57 2 334
57 2 938
57 2 755
57 2 997
57 2 0
57 2 0
57 2 398
57 2 80
57 2 494
57 2 0
58 2 0
58 2 989
58 2 233
58 2 794
58 2 874
58 2 0
58 2 0
58 2 160
58 2 457
58 2 119
58 2 28
58 2 0
59 2 0
59 2 248
59 2 74
59 2 0
59 2 0
59 2 0
60 2 0
60 2 151
60 2 485
60 2 393
60 2 861
60 2 960
60 2 0
61 2 0
61 2 885
61 2 776
61 2 668
61 2 0
62 2 0
62 2 673
62 2 887
62 2 891
62 2 973
62 2 118
62 2 0
62 2 0
62 2 166
62 2 27
62 2 0
63 2 0
63 2 157
63 2 999
63 2 719
63 2 622
63 2 573
63 2 942
63 2 883
63 2 265
63 2 0
63 2 0
63 2 0
64 1 0
64 1 511
64 1 777
64 1 663
64 1 0
64 1 0
64 1 568
64 1 779
64 1 0
64 1 0
64 1 0
65 1 0
65 1 686
65 1 0
65 1 0
65 1 163
65 1 604
65 1 0
66 2 0
66 2 321
66 2 655
66 2 0
66 2 0
66 2 130
66 2 0
66 2 0
66 2 0
67 1 0
67 1 854
67 1 426
67 1 0
68 1 0
68 1 328
68 1 771
68 1 492
68 1 413
68 1 0
68 1 0
68 1 95
68 1 311
68 1 0
68 1 0
68 1 0
69 1 0
69 1 193
69 1 840
69 1 0
70 1 0
70 1 226
70 1 571
70 1 672
70 1 0
70 1 0
70 1 0
71 1 0
71 1 411
71 1 574
71 1 419
71 1 976
71 1 0
71 1 0
71 1 0
72 2 0
72 2 186
72 2 735
72 2 628
72 2 937
72 2 761
72 2 595
72 2 587
72 2 0
73 1 0
73 1 930
73 1 764
73 1 0
73 1 0
73 1 150
73 1 621
73 1 944
73 1 0
73 1 0
73 1 0
74 2 0
74 2 18
74 2 458
74 2 792
74 2 613
74 2 523
74 2 0
74 2 0
74 2 47
74 2 0
75 1 0
75 1 564
75 1 0
76 1 0
76 1 329
76 1 453
76 1 88
76 1 578
76 1 0
76 1 0
76 1 757
76 1 0
77 1 0
77 1 273
77 1 797
77 1 805
77 1 466
77 1 211
77 1 948
77 1 0
78 1 0
78 1 934
78 1 991
78 1 627
78 1 0
79 2 0
79 2 30
79 2 660
79 2 582
79 2 875
79 2 122
79 2 983
79 2 558
79 2 706
79 2 0
79 2 0
80 1 0
80 1 404
80 1 0
80 1 0
80 1 425
80 1 177
80 1 701
80 1 904
80 1 812
80 1 0
80 1 0
80 1 0
80 1 0
81 1 0
81 1 697
81 1 272
81 1 0
81 1 0
81 1 183
81 1 34
81 1 339
81 1 928
81 1 0
81 1 0
82 1 0
82 1 640
82 1 554
82 1 559
82 1 555
82 1 15
82 1 432
82 1 0
82 1 0
82 1 0
82 1 0
83 1 0
83 1 366
83 1 81
83 1 778
83 1 0
83 1 0
83 1 705
83 1 0
84 2 0
84 2 167
84 2 782
84 2 596
84 2 126
84 2 0
84 2 0
84 2 718
84 2 0
84 2 0
84 2 0
85 2 0
85 2 59
85 2 659
85 2 173
85 2 848
85 2 838
85 2 750
85 2 0
85 2 0
85 2 0
86 2 0
86 2 870
86 2 720
86 2 927
86 2 318
86 2 0
86 2 0
86 2 661
86 2 0
86 2 0
86 2 0
87 2 0
87 2 429
87 2 988
87 2 484
87 2 172
87 2 588
87 2 201
87 2 415
87 2 83
87 2 0
87 2 0
88 2 0
88 2 79
88 2 586
88 2 218
88 2 624
88 2 847
88 2 0
88 2 0
88 2 0
89 1 0
89 1 282
89 1 730
89 1 0
89 1 0
89 1 85
89 1 881
89 1 309
89 1 0
89 1 0
89 1 0
90 1 0
90 1 341
90 1 819
90 1 0
90 1 0
90 1 877
90 1 298
90 1 0
91 1 0
91 1 31
91 1 849
91 1 402
91 1 636
91 1 993
91 1 0
91 1 0
91 1 0
91 1 0
92 1 0
92 1 656
92 1 727
92 1 0
92 1 0
92 1 0
93 2 0
93 2 746
93 2 986
93 2 635
93 2 98
93 2 0
93 2 0
93 2 662
93 2 669
93 2 342
93 2 0
94 1 0
94 1 247
94 1 908
94 1 728
94 1 498
94 1 0
94 1 0
94 1 0
94 1 23
94 1 0
95 2 0
95 2 800
95 2 493
95 2 97
95 2 683
95 2 0
95 2 0
95 2 0
96 2 0
96 2 365
96 2 0
96 2 0
96 2 496
96 2 301
96 2 626
96 2 0
96 2 0
96 2 0
97 2 0
97 2 657
97 2 703
97 2 407
97 2 144
97 2 0
97 2 0
97 2 557
97 2 287
97 2 0
97 2 0
97 2 0
98 2 0
98 2 420
98 2 998
98 2 522
98 2 872
98 2 331
98 2 326
98 2 373
98 2 772
98 2 0
98 2 0
98 2 0
98 2 0
99 2 0
99 2 830
99 2 862
99 2 364
99 2 467
99 2 465
99 2 0
99 2 0
99 2 546
99 2 789
99 2 607
99 2 0
100 1 0
100 1 149
100 1 534
100 1 332
100 1 142
100 1 488
100 1 187
100 1 0
100 1 0
100 1 0
100 1 0
101 1 0
101 1 642
101 1 190
101 1 615
101 1 327
101 1 619
101 1 53
101 1 503
101 1 0
101 1 0
101 1 0
101 1 0
102 2 0
102 2 294
102 2 950
102 2 214
102 2 0
102 2 0
102 2 91
102 2 182
102 2 0
103 1 0
103 1 951
103 1 245
103 1 823
103 1 548
103 1 0
103 1 0
103 1 0
103 1 0
104 1 0
104 1 842
104 1 82
104 1 0
104 1 0
104 1 0
105 2 0
105 2 78
105 2 414
105 2 857
105 2 0
106 2 0
106 2 10
106 2 406
106 2 824
106 2 0
106 2 0
106 2 0
107 1 0
107 1 445
107 1 387
107 1 348
107 1 0
107 1 0
107 1 479
107 1 0
107 1 0
107 1 0
108 2 0
108 2 665
108 2 712
108 2 653
108 2 0
108 2 0
108 2 898
108 2 0
109 1 0
109 1 251
109 1 773
109 1 0
109 1 0
109 1 536
109 1 1000
109 1 0
110 1 0
110 1 828
110 1 448
110 1 598
110 1 681
110 1 0
110 1 0
110 1 0
110 1 0
111 1 0
111 1 313
111 1 903
111 1 502
111 1 303
111 1 464
111 1 0
111 1 0
111 1 0
111 1 0
112 1 0
112 1 109
112 1 853
112 1 825
112 1 0
112 1 0
112 1 530
112 1 920
112 1 317
112 1 0
112 1 0
112 1 0
112 1 0
113 1 0
113 1 296
113 1 0
113 1 0
113 1 818
113 1 0
113 1 0
113 1 0
114 2 0
114 2 271
114 2 827
114 2 156
114 2 73
114 2 617
114 2 0
114 2 0
114 2 994
114 2 0
115 2 0
115 2 638
115 2 305
115 2 68
115 2 0
116 1 0
116 1 145
116 1 839
116 1 60
116 1 859
116 1 6
116 1 912
116 1 104
116 1 461
116 1 0
116 1 0
116 1 0
116 1 0
117 1 0
117 1 367
117 1 786
117 1 0
117 1 0
117 1 0
118 1 0
118 1 330
118 1 322
118 1 0
118 1 0
118 1 0
118 1 0
119 2 0
119 2 385
119 2 832
119 2 253
119 2 760
119 2 834
119 2 895
119 2 0
119 2 0
119 2 0
119 2 0
120 1 0
120 1 505
120 1 0
121 1 0
121 1 634
121 1 972
121 1 316
121 1 978
121 1 0
121 1 0
121 1 0
121 1 165
121 1 0
122 1 0
122 1 42
122 1 698
122 1 35
122 1 263
122 1 651
122 1 381
122 1 0
122 1 0
123 1 0
123 1 240
123 1 196
123 1 0
123 1 0
123 1 0
123 1 811
123 1 556
123 1 0
123 1 0
123 1 0
124 2 0
124 2 32
124 2 917
124 2 723
124 2 236
124 2 46
124 2 90
124 2 346
124 2 0
124 2 0
125 2 0
125 2 670
125 2 690
125 2 123
125 2 579
125 2 984
125 2 829
125 2 295
125 2 0
125 2 0
126 2 0
126 2 409
126 2 743
126 2 238
126 2 210
126 2 433
126 2 491
126 2 299
126 2 882
126 2 0
126 2 0
126 2 0
126 2 0
127 2 0
127 2 69
127 2 569
127 2 0
128 2 0
128 2 744
128 2 625
128 2 981
128 2 860
128 2 72
128 2 308
128 2 105
128 2 961
128 2 629
128 2 0
128 2 0
128 2 0
128 2 0
129 1 0
129 1 740
129 1 905
129 1 0
129 1 0
129 1 0
129 1 0
130 1 0
130 1 384
130 1 198
130 1 507
130 1 649
130 1 378
130 1 0
130 1 0
130 1 0
130 1 0
131 2 0
131 2 127
131 2 451
131 2 0
131 2 0
131 2 0
132 2 0
132 2 514
132 2 916
132 2 962
132 2 162
132 2 633
132 2 560
132 2 890
132 2 0
132 2 0
132 2 0
132 2 0
133 2 0
133 2 995
133 2 222
133 2 0
133 2 0
133 2 0
134 2 0
134 2 722
134 2 61
134 2 733
134 2 450
134 2 959
134 2 671
134 2 49
134 2 0
134 2 0
134 2 0
134 2 0
135 2 0
135 2 765
135 2 913
135 2 87
135 2 0
135 2 0
135 2 0
136 2 0
136 2 982
136 2 953
136 2 306
136 2 691
136 2 589
136 2 278
136 2 0
136 2 0
136 2 0
136 2 0
137 1 0
137 1 374
137 1 788
137 1 137
137 1 377
137 1 0
137 1 0
137 1 0
137 1 412
137 1 0
138 2 0
138 2 320
138 2 460
138 2 893
138 2 517
138 2 486
138 2 286
138 2 915
138 2 552
138 2 252
138 2 55
138 2 0
138 2 0
138 2 0
138 2 0
139 2 0
139 2 22
139 2 884
139 2 867
139 2 566
139 2 0
139 2 0
139 2 112
139 2 845
139 2 0
140 1 0
140 1 277
140 1 914
140 1 357
140 1 56
140 1 858
140 1 0
140 1 0
140 1 0
140 1 0
141 2 0
141 2 382
141 2 242
141 2 146
141 2 0
142 1 0
142 1 449
142 1 194
142 1 0
142 1 0
142 1 0
142 1 372
142 1 0
142 1 0
142 1 0
143 1 0
143 1 116
143 1 526
143 1 0
143 1 0
143 1 0
144 2 0
144 2 5
144 2 618
144 2 0
144 2 0
144 2 221
144 2 506
144 2 0
145 1 0
145 1 243
145 1 684
145 1 0
145 1 0
145 1 0
145 1 202
145 1 0
146 2 0
146 2 370
146 2 244
146 2 946
146 2 353
146 2 361
146 2 0
146 2 0
146 2 0
146 2 0
147 2 0
147 2 725
147 2 0
147 2 0
147 2 325
147 2 0
147 2 0
147 2 0
148 1 0
148 1 224
148 1 129
148 1 227
148 1 117
148 1 0
148 1 0
148 1 0
148 1 0
149 2 0
149 2 184
149 2 120
149 2 747
149 2 623
149 2 0
149 2 0
149 2 0
149 2 66
149 2 0
150 2 0
150 2 643
150 2 597
150 2 924
150 2 674
150 2 0
150 2 0
150 2 0
150 2 0
151 2 0
151 2 966
151 2 416
151 2 901
151 2 159
151 2 285
151 2 206
151 2 879
151 2 0
151 2 0
151 2 0
151 2 0
152 2 0
152 2 176
152 2 197
152 2 139
152 2 892
152 2 138
152 2 110
152 2 0
152 2 0
153 2 0
153 2 745
153 2 0
153 2 0
153 2 362
153 2 386
153 2 0
154 2 0
154 2 131
154 2 249
154 2 549
154 2 21
154 2 363
154 2 599
154 2 0
154 2 0
154 2 0
154 2 0
155 1 0
155 1 268
155 1 687
155 1 614
155 1 48
155 1 620
155 1 0
155 1 0
155 1 0
155 1 0
156 2 0
156 2 368
156 2 174
156 2 132
156 2 769
156 2 533
156 2 963
156 2 0
156 2 0
156 2 0
156 2 0
157 1 0
157 1 482
157 1 379
157 1 768
157 1 350
157 1 0
157 1 0
157 1 0
157 1 0
158 1 0
158 1 267
158 1 333
158 1 155
158 1 241
158 1 0
158 1 0
158 1 0
158 1 0
159 1 0
159 1 704
159 1 632
159 1 0
159 1 0
160 1 0
160 1 737
160 1 639
160 1 0
160 1 0
161 1 0
161 1 297
161 1 795
161 1 65
161 1 0
161 1 0
162 1 0
162 1 103
162 1 631
162 1 16
162 1 388
162 1 766
162 1 0
162 1 0
162 1 0
162 1 0
163 1 0
163 1 900
163 1 878
163 1 585
163 1 836
163 1 3
163 1 547
163 1 0
163 1 0
164 2 0
164 2 100
164 2 347
164 2 931
164 2 696
164 2 519
164 2 121
164 2 896
164 2 231
164 2 0
164 2 0
164 2 0
164 2 0
165 2 0
165 2 770
165 2 302
165 2 851
165 2 358
165 2 0
165 2 0
165 2 0
165 2 76
165 2 0
166 1 0
166 1 979
166 1 0
166 1 0
166 1 0
166 1 0
167 1 0
167 1 499
167 1 0
167 1 0
167 1 0
167 1 0
168 1 0
168 1 256
168 1 215
168 1 567
168 1 528
168 1 443
168 1 0
168 1 0
168 1 0
168 1 0
169 2 0
169 2 667
169 2 952
169 2 96
169 2 0
169 2 0
170 1 0
170 1 711
170 1 739
170 1 787
170 1 889
170 1 0
170 1 0
170 1 0
170 1 0
171 1 0
171 1 209
171 1 75
171 1 0
171 1 0
172 1 0
172 1 483
172 1 343
172 1 0
172 1 0
172 1 0
172 1 195
172 1 713
172 1 0
172 1 0
173 1 0
173 1 115
173 1 821
173 1 452
173 1 62
173 1 337
173 1 0
173 1 0
173 1 0
173 1 0
174 2 0
174 2 52
174 2 804
174 2 933
174 2 0
174 2 0
174 2 0
174 2 169
174 2 375
174 2 0
174 2 0
175 1 0
175 1 228
175 1 427
175 1 344
175 1 702
175 1 0
175 1 0
175 1 0
175 1 0
176 1 0
176 1 20
176 1 261
176 1 736
176 1 0
176 1 0
176 1 0
176 1 152
176 1 0
177 2 0
177 2 203
177 2 405
177 2 390
177 2 239
177 2 583
177 2 935
177 2 0
177 2 0
177 2 0
177 2 0
178 2 0
178 2 403
178 2 422
178 2 658
178 2 833
178 2 537
178 2 300
178 2 731
178 2 584
178 2 0
178 2 0
179 1 0
179 1 258
179 1 575
179 1 637
179 1 1
179 1 0
179 1 0
179 1 0
179 1 43
179 1 0
180 1 0
180 1 111
180 1 487
180 1 775
180 1 0
180 1 0
180 1 0
180 1 864
180 1 0
180 1 0
181 2 0
181 2 312
181 2 70
181 2 225
181 2 926
181 2 594
181 2 0
181 2 0
181 2 0
181 2 0
182 1 0
182 1 592
182 1 968
182 1 421
182 1 762
182 1 0
182 1 0
182 1 0
182 1 0
183 1 0
183 1 355
183 1 444
183 1 147
183 1 26
183 1 0
183 1 0
183 1 0
183 1 0
184 2 0
184 2 262
184 2 500
184 2 50
184 2 572
184 2 527
184 2 235
184 2 0
184 2 0
184 2 0
184 2 0
185 2 0
185 2 213
185 2 729
185 2 192
185 2 469
185 2 19
185 2 957
185 2 0
185 2 0
185 2 0
185 2 0
186 1 0
186 1 234
186 1 956
186 1 987
186 1 0
186 1 0
186 1 0
186 1 0
187 2 0
187 2 822
187 2 0
187 2 0
187 2 0
187 2 0
188 2 0
188 2 521
188 2 315
188 2 888
188 2 395
188 2 0
188 2 0
188 2 0
188 2 0
189 1 0
189 1 439
189 1 774
189 1 0
189 1 0
189 1 0
189 1 0
190 1 0
190 1 431
190 1 77
190 1 869
190 1 0
190 1 0
191 2 0
191 2 886
191 2 958
191 2 179
191 2 51
191 2 359
191 2 708
191 2 0
191 2 0
191 2 0
191 2 0
192 1 0
192 1 551
192 1 371
192 1 274
192 1 0
192 1 0
192 1 0
192 1 0
193 1 0
193 1 280
193 1 260
193 1 0
193 1 0
193 1 0
193 1 0
194 1 0
194 1 688
194 1 474
194 1 0
194 1 270
194 1 0
194 1 0
194 1 0
194 1 0
195 1 0
195 1 143
195 1 39
195 1 0
195 1 219
195 1 0
195 1 0
195 1 0
195 1 0
196 1 0
196 1 185
196 1 67
196 1 0
196 1 108
196 1 12
196 1 0
196 1 0
197 1 0
197 1 985
197 1 780
197 1 0
197 1 89
197 1 0
198 2 0
198 2 540
198 2 424
198 2 0
198 2 33
198 2 0
199 2 0
199 2 29
199 2 0
200 1 0
200 1 13
200 1 0
200 1 0
201 1 0
201 1 2
201 1 0
