total cost: 332362
1 2 0
1 2 553
1 2 288
1 2 767
1 2 0
1 2 0
1 2 307
1 2 793
1 2 0
1 2 0
1 2 141
1 2 0
2 1 0
2 1 220
2 1 802
2 1 577
2 1 254
2 1 0
2 1 0
2 1 180
2 1 257
2 1 932
2 1 0
3 2 0
3 2 616
3 2 161
3 2 652
3 2 0
3 2 0
3 2 0
4 2 0
4 2 954
4 2 654
4 2 520
4 2 0
5 1 0
5 1 463
5 1 539
5 1 459
5 1 693
5 1 454
5 1 0
5 1 0
5 1 790
5 1 0
5 1 0
5 1 0
6 2 0
6 2 408
6 2 801
6 2 754
6 2 593
6 2 475
6 2 510
6 2 356
6 2 0
7 1 0
7 1 645
7 1 865
7 1 189
7 1 442
7 1 92
7 1 0
7 1 0
7 1 612
7 1 0
8 2 0
8 2 605
8 2 974
8 2 401
8 2 229
8 2 0
9 2 0
9 2 57
9 2 281
9 2 843
9 2 170
9 2 749
9 2 689
9 2 525
9 2 476
9 2 0
10 1 0
10 1 856
10 1 4
10 1 501
10 1 250
10 1 911
10 1 468
10 1 700
10 1 0
10 1 0
10 1 230
10 1 0
11 2 0
11 2 354
11 2 154
11 2 0
11 2 0
11 2 319
11 2 8
11 2 0
12 2 0
12 2 164
12 2 717
12 2 532
12 2 423
12 2 0
13 2 0
13 2 37
13 2 389
13 2 855
13 2 808
13 2 512
13 2 397
13 2 212
13 2 0
14 2 0
14 2 124
14 2 919
14 2 799
14 2 148
14 2 0
15 1 0
15 1 462
15 1 813
15 1 478
15 1 0
15 1 0
15 1 591
15 1 504
15 1 0
16 2 0
16 2 947
16 2 716
16 2 400
16 2 380
16 2 798
16 2 641
16 2 742
16 2 0
17 2 0
17 2 763
17 2 831
17 2 602
17 2 284
17 2 759
17 2 0
17 2 0
17 2 561
17 2 535
17 2 0
18 1 0
18 1 710
18 1 440
18 1 216
18 1 650
18 1 95
18 1 323
18 1 178
18 1 0
19 1 0
19 1 544
19 1 64
19 1 304
19 1 205
19 1 114
19 1 0
20 1 0
20 1 391
20 1 94
20 1 732
20 1 600
20 1 0
20 1 0
20 1 0
21 1 0
21 1 714
21 1 248
21 1 0
22 2 0
22 2 841
22 2 7
22 2 101
22 2 543
22 2 437
22 2 992
22 2 923
22 2 436
22 2 0
22 2 0
22 2 0
23 1 0
23 1 570
23 1 975
23 1 810
23 1 276
23 1 0
23 1 0
23 1 0
24 1 0
24 1 565
24 1 871
24 1 850
24 1 58
24 1 0
24 1 0
24 1 283
24 1 590
24 1 269
24 1 0
25 1 0
25 1 899
25 1 237
25 1 541
25 1 158
25 1 338
25 1 0
25 1 0
25 1 352
25 1 678
25 1 967
25 1 0
26 1 0
26 1 428
26 1 820
26 1 128
26 1 0
26 1 0
26 1 43
26 1 0
27 1 0
27 1 473
27 1 738
27 1 609
27 1 863
27 1 0
27 1 0
27 1 107
27 1 0
28 2 0
28 2 291
28 2 542
28 2 707
28 2 246
28 2 40
28 2 360
28 2 990
28 2 223
28 2 0
28 2 0
28 2 0
29 2 0
29 2 866
29 2 9
29 2 741
29 2 721
29 2 0
30 1 0
30 1 682
30 1 922
30 1 531
30 1 217
30 1 470
30 1 783
30 1 815
30 1 508
30 1 0
31 2 0
31 2 846
31 2 335
31 2 807
31 2 0
32 2 0
32 2 816
32 2 113
32 2 910
32 2 524
32 2 63
32 2 279
32 2 99
32 2 550
32 2 784
32 2 964
32 2 0
33 2 0
33 2 54
33 2 925
33 2 418
33 2 902
33 2 84
33 2 885
33 2 398
33 2 208
33 2 0
34 1 0
34 1 14
34 1 538
34 1 446
34 1 495
34 1 949
34 1 692
34 1 852
34 1 0
35 2 0
35 2 868
35 2 603
35 2 796
35 2 608
35 2 513
35 2 906
35 2 545
35 2 0
35 2 0
35 2 0
36 2 0
36 2 826
36 2 106
36 2 897
36 2 345
36 2 880
36 2 0
37 1 0
37 1 939
37 1 36
37 1 264
37 1 204
37 1 940
37 1 314
37 1 125
37 1 0
37 1 0
37 1 0
38 1 0
38 1 907
38 1 349
38 1 472
38 1 0
38 1 0
38 1 293
38 1 0
39 1 0
39 1 529
39 1 969
39 1 803
39 1 66
39 1 516
39 1 0
39 1 0
39 1 0
40 2 0
40 2 606
40 2 955
40 2 562
40 2 266
40 2 399
40 2 680
40 2 873
40 2 844
40 2 438
40 2 0
41 2 0
41 2 153
41 2 394
41 2 580
41 2 666
41 2 207
41 2 168
41 2 0
42 1 0
42 1 441
42 1 644
42 1 447
42 1 705
42 1 0
42 1 0
42 1 477
42 1 0
43 1 0
43 1 715
43 1 188
43 1 781
43 1 425
43 1 776
43 1 668
43 1 0
44 2 0
44 2 17
44 2 511
44 2 292
44 2 38
44 2 0
44 2 0
44 2 0
45 1 0
45 1 489
45 1 133
45 1 752
45 1 664
45 1 0
45 1 0
45 1 0
46 2 0
46 2 232
46 2 676
46 2 44
46 2 661
46 2 0
47 1 0
47 1 791
47 1 945
47 1 191
47 1 259
47 1 0
48 2 0
48 2 837
48 2 909
48 2 0
49 2 0
49 2 785
49 2 455
49 2 74
49 2 724
49 2 0
50 2 0
50 2 677
50 2 41
50 2 136
50 2 200
50 2 0
51 1 0
51 1 563
51 1 181
51 1 417
51 1 918
51 1 309
51 1 0
51 1 0
51 1 0
52 2 0
52 2 456
52 2 102
52 2 610
52 2 574
52 2 419
52 2 621
52 2 944
52 2 669
52 2 0
52 2 0
52 2 0
53 2 0
53 2 255
53 2 647
53 2 611
53 2 980
53 2 86
53 2 0
54 1 0
54 1 921
54 1 351
54 1 0
54 1 0
54 1 171
54 1 0
55 1 0
55 1 45
55 1 809
55 1 430
55 1 328
55 1 977
55 1 396
55 1 685
55 1 936
55 1 581
55 1 0
55 1 0
55 1 0
55 1 0
56 1 0
56 1 336
56 1 369
56 1 854
56 1 0
56 1 0
56 1 679
56 1 576
56 1 0
57 2 0
57 2 817
57 2 157
57 2 199
57 2 324
57 2 648
57 2 290
57 2 0
57 2 0
57 2 0
58 2 0
58 2 806
58 2 814
58 2 93
58 2 694
58 2 0
59 2 0
59 2 518
59 2 497
59 2 404
59 2 247
59 2 0
59 2 0
59 2 435
59 2 835
59 2 0
60 2 0
60 2 163
60 2 47
60 2 0
61 1 0
61 1 699
61 1 646
61 1 392
61 1 30
61 1 628
61 1 937
61 1 0
61 1 0
61 1 0
62 2 0
62 2 340
62 2 756
62 2 686
62 2 321
62 2 0
62 2 0
62 2 876
62 2 753
62 2 0
63 1 0
63 1 996
63 1 697
63 1 870
63 1 81
63 1 289
63 1 211
63 1 0
64 1 0
64 1 989
64 1 751
64 1 673
64 1 485
64 1 0
64 1 0
64 1 160
64 1 490
64 1 471
64 1 0
65 1 0
65 1 970
65 1 0
66 1 0
66 1 275
66 1 310
66 1 748
66 1 434
66 1 27
66 1 0
66 1 0
66 1 0
67 1 0
67 1 151
67 1 734
67 1 965
67 1 971
67 1 480
67 1 0
68 1 0
68 1 568
68 1 675
68 1 779
68 1 0
68 1 0
68 1 0
69 2 0
69 2 166
69 2 11
69 2 0
70 2 0
70 2 410
70 2 943
70 2 941
70 2 973
70 2 0
70 2 0
70 2 130
70 2 0
70 2 0
70 2 0
71 2 0
71 2 233
71 2 134
71 2 175
71 2 420
71 2 376
71 2 601
71 2 140
71 2 515
71 2 0
71 2 0
71 2 0
72 2 0
72 2 186
72 2 484
72 2 172
72 2 761
72 2 595
72 2 758
72 2 587
72 2 0
73 1 0
73 1 794
73 1 874
73 1 828
73 1 0
73 1 0
73 1 150
73 1 0
74 2 0
74 2 193
74 2 426
74 2 0
74 2 0
74 2 718
74 2 0
74 2 0
74 2 0
75 1 0
75 1 226
75 1 887
75 1 118
75 1 656
75 1 630
75 1 509
75 1 0
76 2 0
76 2 411
76 2 642
76 2 190
76 2 832
76 2 857
76 2 0
77 2 0
77 2 183
77 2 177
77 2 701
77 2 494
77 2 80
77 2 311
77 2 0
77 2 0
77 2 0
78 1 0
78 1 960
78 1 24
78 1 0
79 1 0
79 1 709
79 1 757
79 1 0
80 1 0
80 1 930
80 1 771
80 1 492
80 1 413
80 1 0
80 1 0
80 1 33
80 1 135
80 1 0
80 1 0
80 1 0
81 1 0
81 1 329
81 1 453
81 1 88
81 1 78
81 1 71
81 1 383
81 1 0
81 1 0
81 1 0
82 2 0
82 2 564
82 2 840
82 2 0
82 2 0
82 2 29
82 2 481
82 2 0
83 2 0
83 2 273
83 2 797
83 2 805
83 2 466
83 2 0
84 2 0
84 2 18
84 2 891
84 2 341
84 2 571
84 2 672
84 2 0
84 2 0
84 2 0
85 2 0
85 2 934
85 2 991
85 2 578
85 2 365
85 2 929
85 2 0
85 2 0
85 2 0
86 1 0
86 1 861
86 1 393
86 1 457
86 1 119
86 1 28
86 1 824
86 1 0
86 1 0
87 2 0
87 2 366
87 2 938
87 2 755
87 2 997
87 2 493
87 2 778
87 2 0
87 2 0
87 2 0
88 1 0
88 1 85
88 1 800
88 1 97
88 1 881
88 1 842
88 1 0
88 1 0
88 1 0
89 1 0
89 1 640
89 1 777
89 1 0
89 1 0
89 1 604
89 1 91
89 1 0
90 1 0
90 1 334
90 1 782
90 1 764
90 1 819
90 1 0
90 1 0
90 1 557
90 1 0
91 2 0
91 2 167
91 2 272
91 2 0
91 2 0
91 2 479
91 2 0
92 2 0
92 2 695
92 2 657
92 2 703
92 2 0
92 2 0
92 2 586
92 2 904
92 2 812
92 2 287
92 2 0
92 2 0
92 2 0
93 2 0
93 2 999
93 2 719
93 2 622
93 2 573
93 2 883
93 2 942
93 2 994
93 2 265
93 2 0
93 2 0
93 2 0
93 2 0
94 1 0
94 1 429
94 1 894
94 1 25
94 1 582
94 1 726
94 1 83
94 1 0
94 1 0
94 1 0
94 1 0
95 2 0
95 2 59
95 2 173
95 2 659
95 2 848
95 2 838
95 2 750
95 2 342
95 2 0
96 1 0
96 1 79
96 1 554
96 1 218
96 1 847
96 1 0
96 1 0
96 1 0
96 1 0
97 2 0
97 2 282
97 2 126
97 2 730
97 2 0
97 2 0
97 2 948
97 2 0
98 1 0
98 1 31
98 1 746
98 1 660
98 1 558
98 1 983
98 1 706
98 1 0
98 1 0
99 2 0
99 2 735
99 2 0
100 2 0
100 2 663
100 2 15
100 2 432
100 2 0
101 1 0
101 1 23
101 1 898
101 1 182
101 1 607
101 1 0
102 1 0
102 1 655
102 1 712
102 1 0
102 1 0
102 1 496
102 1 406
102 1 0
103 1 0
103 1 458
103 1 534
103 1 792
103 1 613
103 1 488
103 1 187
103 1 0
103 1 0
103 1 0
103 1 0
104 1 0
104 1 951
104 1 144
104 1 245
104 1 414
104 1 789
104 1 0
104 1 0
105 2 0
105 2 877
105 2 298
105 2 0
106 2 0
106 2 830
106 2 596
106 2 683
106 2 0
106 2 0
106 2 662
106 2 112
106 2 0
107 2 0
107 2 149
107 2 332
107 2 142
107 2 320
107 2 0
107 2 0
107 2 546
107 2 0
108 1 0
108 1 294
108 1 950
108 1 927
108 1 318
108 1 0
108 1 0
108 1 10
108 1 727
108 1 0
108 1 0
108 1 0
109 2 0
109 2 445
109 2 920
109 2 638
109 2 772
109 2 0
109 2 0
109 2 0
110 2 0
110 2 665
110 2 559
110 2 555
110 2 34
110 2 339
110 2 526
110 2 928
110 2 0
110 2 0
111 1 0
111 1 530
111 1 165
111 1 0
112 1 0
112 1 214
112 1 0
112 1 0
112 1 367
112 1 301
112 1 626
112 1 0
112 1 0
112 1 0
113 1 0
113 1 251
113 1 988
113 1 0
114 1 0
114 1 465
114 1 82
114 1 0
114 1 0
114 1 0
115 1 0
115 1 720
115 1 502
115 1 346
115 1 461
115 1 90
115 1 0
115 1 0
116 2 0
116 2 313
116 2 903
116 2 0
116 2 0
116 2 976
116 2 875
116 2 195
116 2 905
116 2 0
117 2 0
117 2 109
117 2 853
117 2 387
117 2 825
117 2 0
117 2 0
117 2 536
117 2 1000
117 2 0
118 1 0
118 1 998
118 1 249
118 1 522
118 1 499
118 1 0
118 1 0
118 1 0
118 1 0
119 2 0
119 2 627
119 2 982
119 2 827
119 2 156
119 2 0
119 2 0
119 2 330
119 2 624
119 2 0
120 1 0
120 1 296
120 1 0
120 1 0
120 1 818
120 1 0
120 1 0
120 1 0
121 2 0
121 2 862
121 2 744
121 2 145
121 2 839
121 2 60
121 2 6
121 2 89
121 2 0
121 2 0
122 2 0
122 2 908
122 2 728
122 2 498
122 2 73
122 2 548
122 2 823
122 2 503
122 2 617
122 2 0
122 2 0
123 2 0
123 2 849
123 2 670
123 2 385
123 2 253
123 2 651
123 2 834
123 2 895
123 2 619
123 2 0
123 2 0
124 1 0
124 1 364
124 1 743
124 1 860
124 1 236
124 1 104
124 1 0
124 1 0
124 1 0
124 1 0
125 1 0
125 1 271
125 1 327
125 1 615
125 1 53
125 1 0
125 1 0
125 1 0
125 1 0
126 1 0
126 1 467
126 1 409
126 1 46
126 1 382
126 1 0
126 1 0
127 1 0
127 1 407
127 1 740
127 1 505
127 1 0
127 1 0
128 1 0
128 1 523
128 1 348
128 1 69
128 1 765
128 1 68
128 1 0
128 1 0
128 1 0
128 1 0
129 1 0
129 1 634
129 1 972
129 1 316
129 1 978
129 1 0
129 1 0
129 1 0
129 1 0
130 1 0
130 1 42
130 1 698
130 1 35
130 1 122
130 1 263
130 1 760
130 1 297
130 1 0
130 1 0
130 1 0
130 1 0
131 2 0
131 2 240
131 2 872
131 2 377
131 2 331
131 2 0
131 2 0
131 2 0
132 1 0
132 1 32
132 1 917
132 1 912
132 1 0
133 1 0
133 1 653
133 1 448
133 1 196
133 1 681
133 1 598
133 1 0
133 1 0
133 1 0
133 1 412
133 1 0
134 1 0
134 1 384
134 1 362
134 1 0
135 1 0
135 1 127
135 1 372
135 1 0
135 1 0
135 1 0
136 2 0
136 2 514
136 2 914
136 2 123
136 2 381
136 2 0
137 1 0
137 1 402
137 1 733
137 1 636
137 1 0
137 1 0
137 1 0
137 1 995
137 1 0
138 1 0
138 1 811
138 1 373
138 1 0
138 1 0
138 1 0
139 1 0
139 1 588
139 1 201
139 1 415
139 1 0
139 1 0
140 1 0
140 1 722
140 1 98
140 1 986
140 1 0
140 1 0
140 1 0
140 1 305
140 1 317
140 1 0
140 1 0
140 1 0
141 1 0
141 1 374
141 1 788
141 1 131
141 1 116
141 1 322
141 1 0
141 1 0
141 1 0
141 1 0
142 1 0
142 1 22
142 1 325
142 1 176
142 1 5
142 1 155
142 1 0
142 1 0
143 2 0
143 2 773
143 2 635
143 2 464
143 2 632
143 2 737
143 2 0
143 2 0
143 2 0
143 2 0
144 1 0
144 1 277
144 1 916
144 1 56
144 1 984
144 1 829
144 1 713
144 1 579
144 1 0
144 1 0
145 1 0
145 1 690
145 1 256
145 1 890
145 1 560
145 1 858
145 1 0
145 1 0
146 2 0
146 2 786
146 2 0
146 2 0
146 2 0
147 1 0
147 1 222
147 1 0
148 2 0
148 2 566
148 2 268
148 2 0
148 2 0
148 2 913
148 2 0
149 1 0
149 1 449
149 1 460
149 1 0
149 1 0
149 1 221
149 1 993
149 1 845
149 1 0
149 1 0
149 1 0
149 1 0
150 1 0
150 1 357
150 1 295
150 1 795
150 1 0
150 1 0
150 1 0
150 1 0
151 2 0
151 2 725
151 2 0
151 2 0
151 2 506
151 2 704
151 2 386
151 2 0
152 1 0
152 1 243
152 1 884
152 1 0
152 1 0
152 1 0
152 1 202
152 1 0
153 2 0
153 2 625
153 2 224
153 2 238
153 2 966
153 2 859
153 2 882
153 2 299
153 2 0
153 2 0
153 2 0
153 2 0
154 1 0
154 1 370
154 1 61
154 1 528
154 1 567
154 1 361
154 1 353
154 1 0
154 1 0
154 1 0
154 1 0
155 1 0
155 1 303
155 1 482
155 1 308
155 1 105
155 1 671
155 1 961
155 1 0
155 1 0
156 2 0
156 2 450
156 2 72
156 2 959
156 2 49
156 2 639
156 2 0
156 2 0
157 2 0
157 2 184
157 2 893
157 2 747
157 2 674
157 2 517
157 2 0
157 2 0
157 2 0
157 2 87
157 2 0
157 2 0
157 2 0
158 2 0
158 2 643
158 2 867
158 2 0
158 2 0
158 2 745
158 2 0
158 2 0
158 2 0
159 1 0
159 1 137
159 1 326
159 1 569
159 1 0
159 1 0
159 1 0
159 1 0
160 1 0
160 1 198
160 1 416
160 1 507
160 1 900
160 1 433
160 1 491
160 1 0
160 1 0
160 1 0
160 1 0
161 2 0
161 2 981
161 2 723
161 2 210
161 2 667
161 2 96
161 2 242
161 2 0
161 2 0
161 2 0
161 2 0
162 1 0
162 1 924
162 1 597
162 1 549
162 1 286
162 1 486
162 1 915
162 1 552
162 1 0
162 1 0
162 1 0
162 1 0
163 2 0
163 2 267
163 2 197
163 2 0
163 2 0
164 2 0
164 2 618
164 2 333
164 2 451
164 2 0
164 2 0
164 2 0
165 1 0
165 1 684
165 1 120
165 1 252
165 1 241
165 1 55
165 1 0
165 1 0
166 2 0
166 2 368
166 2 953
166 2 215
166 2 162
166 2 691
166 2 278
166 2 787
166 2 65
166 2 431
166 2 0
166 2 0
167 2 0
167 2 194
167 2 347
167 2 878
167 2 378
167 2 280
167 2 169
167 2 0
167 2 0
168 2 0
168 2 556
168 2 979
168 2 0
169 2 0
169 2 152
169 2 0
170 1 0
170 1 103
170 1 946
170 1 631
170 1 443
170 1 427
170 1 963
170 1 0
170 1 0
170 1 0
170 1 0
171 1 0
171 1 100
171 1 227
171 1 649
171 1 117
171 1 206
171 1 0
171 1 0
171 1 0
171 1 0
172 1 0
172 1 770
172 1 422
172 1 0
172 1 0
172 1 0
172 1 209
172 1 75
172 1 0
172 1 0
173 1 0
173 1 129
173 1 483
173 1 52
173 1 768
173 1 159
173 1 285
173 1 0
173 1 0
174 1 0
174 1 244
174 1 261
174 1 769
174 1 533
174 1 228
174 1 0
174 1 0
174 1 0
174 1 146
174 1 0
174 1 0
175 2 0
175 2 379
175 2 343
175 2 452
175 2 926
175 2 519
175 2 121
175 2 0
175 2 0
175 2 0
175 2 0
176 2 0
176 2 623
176 2 21
176 2 851
176 2 931
176 2 363
176 2 892
176 2 139
176 2 260
176 2 0
176 2 0
177 1 0
177 1 901
177 1 629
177 1 952
177 1 0
177 1 0
177 1 0
177 1 0
178 1 0
178 1 115
178 1 821
178 1 258
178 1 585
178 1 0
178 1 0
178 1 0
178 1 0
179 1 0
179 1 711
179 1 739
179 1 0
179 1 0
180 1 0
180 1 403
180 1 312
180 1 302
180 1 687
180 1 614
180 1 0
180 1 0
180 1 0
180 1 0
181 2 0
181 2 20
181 2 174
181 2 355
181 2 306
181 2 589
181 2 633
181 2 0
181 2 0
181 2 0
181 2 0
182 1 0
182 1 962
182 1 702
182 1 774
182 1 0
182 1 0
183 1 0
183 1 203
183 1 225
183 1 358
183 1 696
183 1 836
183 1 0
183 1 0
183 1 0
183 1 0
184 1 0
184 1 599
184 1 879
184 1 3
184 1 547
184 1 0
184 1 0
185 1 0
185 1 344
185 1 0
185 1 0
186 1 0
186 1 111
186 1 487
186 1 933
186 1 0
186 1 0
186 1 0
186 1 864
186 1 375
186 1 0
186 1 0
187 1 0
187 1 16
187 1 388
187 1 736
187 1 766
187 1 888
187 1 0
187 1 0
187 1 0
187 1 0
188 1 0
188 1 592
188 1 575
188 1 0
188 1 0
188 1 0
188 1 108
188 1 439
188 1 0
188 1 0
188 1 0
188 1 0
189 2 0
189 2 70
189 2 67
189 2 658
189 2 833
189 2 537
189 2 300
189 2 48
189 2 0
189 2 0
189 2 0
189 2 0
190 2 0
190 2 350
190 2 0
190 2 0
190 2 0
190 2 219
190 2 620
190 2 0
190 2 0
191 1 0
191 1 1
191 1 0
191 1 0
191 1 0
191 1 896
191 1 231
191 1 0
191 1 0
192 1 0
192 1 804
192 1 0
192 1 0
192 1 0
192 1 138
192 1 110
192 1 0
192 1 0
193 1 0
193 1 234
193 1 405
193 1 239
193 1 390
193 1 0
193 1 0
193 1 0
193 1 76
193 1 0
193 1 0
194 1 0
194 1 637
194 1 886
194 1 262
194 1 213
194 1 594
194 1 0
194 1 0
194 1 0
194 1 0
195 2 0
195 2 62
195 2 968
195 2 729
195 2 337
195 2 935
195 2 0
195 2 0
195 2 0
195 2 0
196 2 0
196 2 315
196 2 572
196 2 395
196 2 551
196 2 0
196 2 0
197 2 0
197 2 444
197 2 132
197 2 147
197 2 26
197 2 889
197 2 0
197 2 0
197 2 0
197 2 0
198 1 0
198 1 775
198 1 987
198 1 0
198 1 0
198 1 0
198 1 0
199 2 0
199 2 822
199 2 0
199 2 0
199 2 0
199 2 0
200 2 0
200 2 688
200 2 540
200 2 424
200 2 583
200 2 731
200 2 584
200 2 371
200 2 0
200 2 0
200 2 0
200 2 0
201 1 0
201 1 143
201 1 50
201 1 527
201 1 469
201 1 0
201 1 0
202 2 0
202 2 500
202 2 185
202 2 780
202 2 762
202 2 421
202 2 192
202 2 19
202 2 0
202 2 0
202 2 0
202 2 0
203 1 0
203 1 956
203 1 179
203 1 958
203 1 0
203 1 235
203 1 0
203 1 0
203 1 0
203 1 0
204 2 0
204 2 77
204 2 359
204 2 957
204 2 869
204 2 0
204 2 0
205 2 0
205 2 985
205 2 51
205 2 39
205 2 708
205 2 274
205 2 0
205 2 0
206 1 0
206 1 474
206 1 0
206 1 0
206 1 0
206 1 521
206 1 12
206 1 0
206 1 0
207 1 0
207 1 270
207 1 0
207 1 0
208 1 0
208 1 13
208 1 0
208 1 0
209 1 0
209 1 2
209 1 0
