total cost: 343475
1 2 0
1 2 553
1 2 288
1 2 767
1 2 0
1 2 0
1 2 307
1 2 793
1 2 0
1 2 0
1 2 141
1 2 0
2 1 0
2 1 220
2 1 802
2 1 577
2 1 254
2 1 0
2 1 0
2 1 180
2 1 257
2 1 932
2 1 0
3 2 0
3 2 616
3 2 161
3 2 652
3 2 0
3 2 0
3 2 0
4 1 0
4 1 954
4 1 654
4 1 520
4 1 0
5 1 0
5 1 463
5 1 539
5 1 459
5 1 693
5 1 454
5 1 0
5 1 0
5 1 790
5 1 0
5 1 0
5 1 0
6 2 0
6 2 408
6 2 801
6 2 754
6 2 593
6 2 475
6 2 510
6 2 356
6 2 0
7 1 0
7 1 645
7 1 865
7 1 189
7 1 442
7 1 92
7 1 0
7 1 0
7 1 612
7 1 0
8 1 0
8 1 605
8 1 974
8 1 401
8 1 229
8 1 0
9 1 0
9 1 57
9 1 281
9 1 843
9 1 170
9 1 749
9 1 689
9 1 525
9 1 476
9 1 0
9 1 0
9 1 0
10 1 0
10 1 856
10 1 4
10 1 501
10 1 250
10 1 911
10 1 468
10 1 700
10 1 0
10 1 0
10 1 230
10 1 0
11 2 0
11 2 354
11 2 154
11 2 0
11 2 0
11 2 319
11 2 8
11 2 0
12 1 0
12 1 164
12 1 717
12 1 532
12 1 423
12 1 0
13 2 0
13 2 37
13 2 389
13 2 855
13 2 808
13 2 512
13 2 397
13 2 212
13 2 0
14 2 0
14 2 124
14 2 919
14 2 799
14 2 148
14 2 0
15 1 0
15 1 462
15 1 813
15 1 478
15 1 0
15 1 0
15 1 591
15 1 504
15 1 0
16 2 0
16 2 947
16 2 716
16 2 400
16 2 380
16 2 798
16 2 641
16 2 742
16 2 0
17 2 0
17 2 763
17 2 831
17 2 602
17 2 284
17 2 759
17 2 0
17 2 0
17 2 561
17 2 535
17 2 0
18 2 0
18 2 710
18 2 440
18 2 216
18 2 650
18 2 95
18 2 323
18 2 178
18 2 0
19 2 0
19 2 544
19 2 64
19 2 304
19 2 205
19 2 114
19 2 0
20 2 0
20 2 391
20 2 94
20 2 732
20 2 600
20 2 0
21 2 0
21 2 714
21 2 248
21 2 0
22 2 0
22 2 841
22 2 7
22 2 101
22 2 543
22 2 437
22 2 992
22 2 923
22 2 436
22 2 0
22 2 0
22 2 0
23 2 0
23 2 570
23 2 975
23 2 810
23 2 276
23 2 0
23 2 0
23 2 0
24 1 0
24 1 565
24 1 871
24 1 850
24 1 58
24 1 0
24 1 0
24 1 283
24 1 590
24 1 269
24 1 0
25 2 0
25 2 899
25 2 237
25 2 541
25 2 158
25 2 338
25 2 0
25 2 0
25 2 352
25 2 678
25 2 967
25 2 0
26 2 0
26 2 428
26 2 820
26 2 128
26 2 741
26 2 0
26 2 0
26 2 43
26 2 0
27 1 0
27 1 473
27 1 738
27 1 609
27 1 863
27 1 0
27 1 0
27 1 107
27 1 0
28 1 0
28 1 291
28 1 542
28 1 707
28 1 246
28 1 40
28 1 360
28 1 0
28 1 0
28 1 0
29 2 0
29 2 866
29 2 9
29 2 721
29 2 0
30 2 0
30 2 682
30 2 922
30 2 531
30 2 217
30 2 470
30 2 783
30 2 815
30 2 508
30 2 0
31 2 0
31 2 846
31 2 335
31 2 807
31 2 0
32 2 0
32 2 816
32 2 113
32 2 910
32 2 524
32 2 63
32 2 279
32 2 99
32 2 550
32 2 784
32 2 964
32 2 0
33 1 0
33 1 54
33 1 925
33 1 418
33 1 902
33 1 84
33 1 885
33 1 398
33 1 208
33 1 0
34 1 0
34 1 14
34 1 538
34 1 446
34 1 495
34 1 949
34 1 692
34 1 852
34 1 0
35 2 0
35 2 868
35 2 603
35 2 796
35 2 608
35 2 513
35 2 906
35 2 545
35 2 0
35 2 0
35 2 0
36 2 0
36 2 826
36 2 106
36 2 897
36 2 345
36 2 880
36 2 0
37 2 0
37 2 939
37 2 36
37 2 264
37 2 204
37 2 940
37 2 314
37 2 125
37 2 0
37 2 0
37 2 0
38 1 0
38 1 907
38 1 349
38 1 472
38 1 0
38 1 0
38 1 293
38 1 0
39 1 0
39 1 529
39 1 969
39 1 803
39 1 66
39 1 516
39 1 0
39 1 0
39 1 0
40 1 0
40 1 606
40 1 955
40 1 562
40 1 266
40 1 399
40 1 680
40 1 990
40 1 873
40 1 694
40 1 844
40 1 0
40 1 0
41 1 0
41 1 153
41 1 394
41 1 580
41 1 666
41 1 207
41 1 168
41 1 0
42 1 0
42 1 441
42 1 644
42 1 447
42 1 705
42 1 0
42 1 0
42 1 477
42 1 0
43 1 0
43 1 715
43 1 188
43 1 781
43 1 425
43 1 776
43 1 668
43 1 0
44 1 0
44 1 17
44 1 511
44 1 292
44 1 38
44 1 0
44 1 0
44 1 0
45 2 0
45 2 489
45 2 133
45 2 752
45 2 664
45 2 0
45 2 0
45 2 0
46 2 0
46 2 232
46 2 676
46 2 44
46 2 661
46 2 0
47 2 0
47 2 791
47 2 945
47 2 191
47 2 259
47 2 0
48 2 0
48 2 837
48 2 909
48 2 0
49 2 0
49 2 785
49 2 455
49 2 74
49 2 724
49 2 0
50 1 0
50 1 677
50 1 41
50 1 136
50 1 200
50 1 0
51 2 0
51 2 563
51 2 181
51 2 417
51 2 918
51 2 309
51 2 0
51 2 0
51 2 0
52 2 0
52 2 456
52 2 102
52 2 610
52 2 574
52 2 419
52 2 621
52 2 944
52 2 669
52 2 0
52 2 0
52 2 0
53 2 0
53 2 255
53 2 647
53 2 611
53 2 980
53 2 86
53 2 0
54 1 0
54 1 921
54 1 351
54 1 0
54 1 0
54 1 171
54 1 0
55 1 0
55 1 45
55 1 809
55 1 430
55 1 334
55 1 755
55 1 800
55 1 493
55 1 778
55 1 0
55 1 0
55 1 0
55 1 0
56 1 0
56 1 336
56 1 369
56 1 854
56 1 0
56 1 0
56 1 679
56 1 576
56 1 0
57 2 0
57 2 817
57 2 157
57 2 199
57 2 324
57 2 648
57 2 290
57 2 0
57 2 0
57 2 0
58 2 0
58 2 806
58 2 814
58 2 93
58 2 977
58 2 438
58 2 481
58 2 0
58 2 0
58 2 0
59 2 0
59 2 518
59 2 497
59 2 404
59 2 247
59 2 0
59 2 0
59 2 435
59 2 835
59 2 0
60 1 0
60 1 163
60 1 47
60 1 0
61 2 0
61 2 699
61 2 646
61 2 392
61 2 30
61 2 628
61 2 937
61 2 289
61 2 135
61 2 0
61 2 0
61 2 0
62 1 0
62 1 340
62 1 756
62 1 686
62 1 0
62 1 0
62 1 876
62 1 753
62 1 0
63 2 0
63 2 996
63 2 697
63 2 870
63 2 272
63 2 85
63 2 0
63 2 0
63 2 970
63 2 0
64 1 0
64 1 989
64 1 751
64 1 673
64 1 485
64 1 0
64 1 0
64 1 160
64 1 490
64 1 0
65 2 0
65 2 275
65 2 310
65 2 748
65 2 581
65 2 434
65 2 27
65 2 0
65 2 0
65 2 0
66 1 0
66 1 151
66 1 734
66 1 965
66 1 971
66 1 480
66 1 0
67 2 0
67 2 568
67 2 675
67 2 779
67 2 0
68 1 0
68 1 223
68 1 166
68 1 11
68 1 0
69 1 0
69 1 410
69 1 943
69 1 941
69 1 0
69 1 0
69 1 130
69 1 0
70 1 0
70 1 233
70 1 134
70 1 175
70 1 420
70 1 376
70 1 601
70 1 140
70 1 515
70 1 0
70 1 0
70 1 0
70 1 0
71 2 0
71 2 321
71 2 701
71 2 177
71 2 218
71 2 80
71 2 494
71 2 0
71 2 0
71 2 0
72 2 0
72 2 186
72 2 484
72 2 172
72 2 761
72 2 595
72 2 758
72 2 587
72 2 0
73 2 0
73 2 794
73 2 874
73 2 828
73 2 0
73 2 0
73 2 150
73 2 718
73 2 0
73 2 0
73 2 0
74 2 0
74 2 328
74 2 771
74 2 492
74 2 413
74 2 0
74 2 0
74 2 33
74 2 0
75 1 0
75 1 226
75 1 887
75 1 0
75 1 0
75 1 29
75 1 936
75 1 630
75 1 0
76 2 0
76 2 411
76 2 426
76 2 0
76 2 0
76 2 183
76 2 471
76 2 847
76 2 287
76 2 0
76 2 0
76 2 0
77 2 0
77 2 193
77 2 840
77 2 929
77 2 91
77 2 0
77 2 0
77 2 0
78 1 0
78 1 930
78 1 282
78 1 126
78 1 214
78 1 0
78 1 0
78 1 709
78 1 0
79 2 0
79 2 18
79 2 341
79 2 891
79 2 685
79 2 0
79 2 0
79 2 960
79 2 24
79 2 0
80 1 0
80 1 564
80 1 59
80 1 0
81 1 0
81 1 329
81 1 453
81 1 88
81 1 78
81 1 71
81 1 383
81 1 0
81 1 0
81 1 0
82 1 0
82 1 273
82 1 746
82 1 894
82 1 25
82 1 726
82 1 83
82 1 0
82 1 0
82 1 0
82 1 0
83 2 0
83 2 934
83 2 991
83 2 578
83 2 365
83 2 23
83 2 0
83 2 0
83 2 0
84 2 0
84 2 396
84 2 509
84 2 479
84 2 0
85 1 0
85 1 861
85 1 393
85 1 457
85 1 119
85 1 28
85 1 0
85 1 0
85 1 0
86 2 0
86 2 757
86 2 0
87 1 0
87 1 604
87 1 182
87 1 0
88 2 0
88 2 366
88 2 938
88 2 97
88 2 997
88 2 465
88 2 0
88 2 0
88 2 311
88 2 0
89 2 0
89 2 640
89 2 777
89 2 663
89 2 79
89 2 586
89 2 0
89 2 0
89 2 0
90 2 0
90 2 695
90 2 657
90 2 703
90 2 0
90 2 0
90 2 973
90 2 656
90 2 265
90 2 0
90 2 0
90 2 0
91 2 0
91 2 167
91 2 782
91 2 764
91 2 819
91 2 0
91 2 0
91 2 118
91 2 672
91 2 727
91 2 0
91 2 0
91 2 0
92 1 0
92 1 999
92 1 719
92 1 622
92 1 573
92 1 883
92 1 942
92 1 994
92 1 824
92 1 0
92 1 0
92 1 0
92 1 0
93 1 0
93 1 81
93 1 805
93 1 466
93 1 211
93 1 948
93 1 0
94 2 0
94 2 429
94 2 988
94 2 927
94 2 318
94 2 0
94 2 0
94 2 877
94 2 881
94 2 298
94 2 0
95 1 0
95 1 797
95 1 720
95 1 842
95 1 0
96 1 0
96 1 31
96 1 660
96 1 582
96 1 875
96 1 983
96 1 558
96 1 706
96 1 0
96 1 0
97 2 0
97 2 735
97 2 112
97 2 662
97 2 0
98 2 0
98 2 173
98 2 659
98 2 848
98 2 838
98 2 750
98 2 342
98 2 0
99 2 0
99 2 655
99 2 712
99 2 653
99 2 0
99 2 0
99 2 496
99 2 301
99 2 0
100 2 0
100 2 458
100 2 534
100 2 792
100 2 613
100 2 488
100 2 187
100 2 0
100 2 0
100 2 0
101 2 0
101 2 951
101 2 144
101 2 245
101 2 414
101 2 857
101 2 0
102 2 0
102 2 830
102 2 730
102 2 0
102 2 0
102 2 557
102 2 812
102 2 0
103 2 0
103 2 149
103 2 332
103 2 142
103 2 320
103 2 0
103 2 0
103 2 607
103 2 789
103 2 0
104 2 0
104 2 294
104 2 950
104 2 467
104 2 346
104 2 461
104 2 90
104 2 0
105 1 0
105 1 642
105 1 908
105 1 728
105 1 498
105 1 548
105 1 503
105 1 381
105 1 617
105 1 0
105 1 0
105 1 0
105 1 0
106 2 0
106 2 546
106 2 0
107 1 0
107 1 10
107 1 82
107 1 0
107 1 0
107 1 0
108 2 0
108 2 445
108 2 920
108 2 638
108 2 772
108 2 0
108 2 0
108 2 0
109 2 0
109 2 665
109 2 554
109 2 15
109 2 432
109 2 34
109 2 339
109 2 116
109 2 928
109 2 0
109 2 0
110 1 0
110 1 898
110 1 0
111 1 0
111 1 530
111 1 165
111 1 0
112 1 0
112 1 251
112 1 502
112 1 0
113 1 0
113 1 536
113 1 0
114 1 0
114 1 904
114 1 624
114 1 0
115 1 0
115 1 571
115 1 406
115 1 202
115 1 0
115 1 0
115 1 0
116 1 0
116 1 683
116 1 0
116 1 0
116 1 367
116 1 127
116 1 626
116 1 0
116 1 0
116 1 0
117 1 0
117 1 313
117 1 903
117 1 0
117 1 0
117 1 190
117 1 0
118 1 0
118 1 596
118 1 364
118 1 145
118 1 0
118 1 0
118 1 330
118 1 0
119 1 0
119 1 109
119 1 853
119 1 387
119 1 0
119 1 0
119 1 221
119 1 0
120 1 0
120 1 627
120 1 982
120 1 0
120 1 0
120 1 2
120 1 0
120 1 0
120 1 0
121 1 0
121 1 998
121 1 559
121 1 555
121 1 526
121 1 0
121 1 0
122 2 0
122 2 862
122 2 744
122 2 60
122 2 238
122 2 210
122 2 433
122 2 0
122 2 0
122 2 0
122 2 0
123 1 0
123 1 849
123 1 832
123 1 385
123 1 976
123 1 619
123 1 53
123 1 0
123 1 0
123 1 0
123 1 0
124 1 0
124 1 407
124 1 827
124 1 156
124 1 823
124 1 505
124 1 0
124 1 0
124 1 0
124 1 0
125 1 0
125 1 296
125 1 0
125 1 0
125 1 523
125 1 348
125 1 1000
125 1 913
125 1 0
125 1 0
125 1 0
125 1 0
126 1 0
126 1 634
126 1 825
126 1 972
126 1 978
126 1 0
126 1 0
126 1 0
126 1 0
127 1 0
127 1 42
127 1 615
127 1 327
127 1 895
127 1 0
127 1 0
128 1 0
128 1 271
128 1 73
128 1 740
128 1 0
128 1 0
128 1 0
128 1 0
129 2 0
129 2 670
129 2 698
129 2 35
129 2 122
129 2 263
129 2 760
129 2 0
129 2 0
130 1 0
130 1 409
130 1 743
130 1 860
130 1 236
130 1 104
130 1 46
130 1 0
130 1 0
131 1 0
131 1 240
131 1 249
131 1 0
131 1 0
131 1 0
131 1 69
131 1 68
131 1 0
132 1 0
132 1 384
132 1 382
132 1 0
133 2 0
133 2 514
133 2 123
133 2 357
133 2 834
133 2 651
133 2 0
133 2 0
134 1 0
134 1 402
134 1 733
134 1 636
134 1 0
134 1 0
134 1 0
134 1 995
134 1 0
135 1 0
135 1 917
135 1 839
135 1 6
135 1 912
135 1 1087
135 1 0
136 1 0
136 1 32
136 1 412
136 1 0
136 1 0
136 1 0
137 1 0
137 1 448
137 1 196
137 1 131
137 1 522
137 1 872
137 1 331
137 1 326
137 1 0
137 1 0
137 1 0
137 1 0
138 1 0
138 1 681
138 1 377
138 1 373
138 1 0
138 1 0
138 1 0
138 1 0
139 1 0
139 1 722
139 1 98
139 1 986
139 1 0
139 1 0
139 1 0
139 1 818
139 1 0
139 1 0
139 1 0
140 1 0
140 1 374
140 1 788
140 1 0
140 1 0
140 1 811
140 1 317
140 1 0
140 1 0
140 1 0
141 1 0
141 1 22
141 1 316
141 1 325
141 1 176
141 1 5
141 1 155
141 1 0
141 1 0
141 1 0
141 1 0
142 2 0
142 2 222
142 2 0
142 2 0
142 2 0
143 1 0
143 1 773
143 1 464
143 1 635
143 1 632
143 1 0
143 1 0
143 1 0
143 1 0
144 1 0
144 1 277
144 1 914
144 1 253
144 1 0
144 1 0
144 1 0
144 1 588
144 1 415
144 1 201
144 1 0
144 1 0
145 1 0
145 1 690
145 1 916
145 1 890
145 1 905
145 1 993
145 1 506
145 1 0
145 1 0
146 2 0
146 2 786
146 2 0
146 2 0
146 2 0
147 1 0
147 1 566
147 1 0
147 1 0
147 1 765
147 1 0
147 1 0
147 1 0
148 1 0
148 1 449
148 1 460
148 1 0
148 1 0
148 1 372
148 1 0
148 1 0
148 1 0
149 2 0
149 2 725
149 2 0
149 2 0
149 2 305
149 2 556
149 2 0
150 2 0
150 2 625
150 2 224
150 2 981
150 2 723
150 2 362
150 2 49
150 2 386
150 2 0
150 2 0
150 2 0
150 2 0
151 2 0
151 2 243
151 2 884
151 2 0
151 2 0
151 2 195
151 2 845
151 2 295
151 2 0
152 2 0
152 2 370
152 2 61
152 2 443
152 2 353
152 2 427
152 2 0
152 2 0
153 1 0
153 1 598
153 1 137
153 1 979
153 1 499
153 1 0
153 1 0
153 1 0
153 1 0
154 2 0
154 2 184
154 2 893
154 2 747
154 2 674
154 2 517
154 2 0
154 2 0
154 2 0
154 2 87
154 2 0
154 2 0
154 2 0
155 1 0
155 1 643
155 1 0
155 1 0
155 1 303
155 1 959
155 1 308
155 1 961
155 1 0
155 1 0
156 1 0
156 1 966
156 1 859
156 1 924
156 1 882
156 1 299
156 1 491
156 1 146
156 1 0
156 1 0
157 1 0
157 1 450
157 1 72
157 1 671
157 1 209
157 1 75
157 1 0
157 1 0
158 2 0
158 2 198
158 2 507
158 2 129
158 2 649
158 2 169
158 2 378
158 2 0
158 2 0
159 2 0
159 2 745
159 2 0
159 2 0
159 2 569
159 2 0
160 2 0
160 2 268
160 2 867
160 2 0
160 2 0
160 2 451
160 2 252
160 2 915
160 2 0
161 1 0
161 1 684
161 1 120
161 1 0
161 1 0
161 1 0
161 1 618
161 1 0
161 1 0
161 1 0
162 2 0
162 2 368
162 2 953
162 2 256
162 2 56
162 2 162
162 2 633
162 2 984
162 2 579
162 2 829
162 2 0
162 2 0
163 1 0
163 1 482
163 1 379
163 1 768
163 1 159
163 1 629
163 1 952
163 1 0
163 1 0
163 1 0
163 1 0
164 2 0
164 2 194
164 2 597
164 2 549
164 2 286
164 2 486
164 2 552
164 2 241
164 2 55
164 2 0
164 2 0
165 2 0
165 2 416
165 2 900
165 2 117
165 2 280
165 2 0
165 2 0
166 1 0
166 1 267
166 1 197
166 1 0
166 1 0
167 2 0
167 2 333
167 2 0
168 1 0
168 1 704
168 1 737
168 1 0
168 1 0
169 1 0
169 1 322
169 1 0
169 1 0
170 2 0
170 2 297
170 2 858
170 2 0
171 1 0
171 1 242
171 1 667
171 1 76
171 1 0
171 1 0
171 1 0
171 1 0
172 2 0
172 2 103
172 2 244
172 2 567
172 2 528
172 2 946
172 2 228
172 2 105
172 2 639
172 2 0
172 2 0
173 2 0
173 2 770
173 2 422
173 2 21
173 2 139
173 2 260
173 2 0
173 2 0
173 2 0
173 2 0
174 2 0
174 2 100
174 2 623
174 2 878
174 2 585
174 2 879
174 2 836
174 2 3
174 2 0
174 2 0
175 1 0
175 1 711
175 1 560
175 1 0
175 1 0
176 1 0
176 1 901
176 1 206
176 1 0
176 1 0
177 1 0
177 1 361
177 1 963
177 1 344
177 1 0
177 1 0
178 1 0
178 1 227
178 1 347
178 1 115
178 1 225
178 1 0
178 1 0
178 1 0
178 1 96
178 1 0
178 1 0
179 1 0
179 1 631
179 1 261
179 1 769
179 1 533
179 1 637
179 1 0
179 1 0
179 1 0
179 1 0
180 2 0
180 2 483
180 2 343
180 2 452
180 2 285
180 2 0
180 2 0
181 2 0
181 2 215
181 2 355
181 2 691
181 2 306
181 2 962
181 2 278
181 2 787
181 2 65
181 2 0
181 2 0
181 2 0
181 2 0
182 2 0
182 2 52
182 2 258
182 2 926
182 2 519
182 2 696
182 2 0
182 2 0
182 2 0
182 2 0
183 2 0
183 2 403
183 2 851
183 2 931
183 2 363
183 2 892
183 2 138
183 2 110
183 2 0
183 2 0
184 1 0
184 1 20
184 1 174
184 1 444
184 1 147
184 1 0
184 1 0
184 1 0
184 1 0
185 2 0
185 2 203
185 2 358
185 2 599
185 2 375
185 2 864
185 2 547
185 2 0
185 2 0
186 1 0
186 1 795
186 1 739
186 1 431
186 1 0
186 1 0
187 1 0
187 1 821
187 1 592
187 1 575
187 1 0
187 1 0
187 1 0
187 1 713
187 1 0
187 1 0
188 1 0
188 1 111
188 1 487
188 1 933
188 1 0
188 1 0
188 1 0
188 1 152
188 1 0
189 1 0
189 1 312
189 1 302
189 1 833
189 1 658
189 1 0
189 1 0
189 1 0
189 1 0
190 2 0
190 2 70
190 2 67
190 2 537
190 2 300
190 2 48
190 2 620
190 2 231
190 2 0
190 2 0
191 1 0
191 1 16
191 1 388
191 1 736
191 1 766
191 1 888
191 1 0
191 1 0
191 1 0
191 1 0
192 2 0
192 2 687
192 2 614
192 2 896
192 2 0
192 2 0
193 2 0
193 2 350
193 2 0
193 2 0
193 2 0
193 2 439
193 2 822
193 2 0
193 2 0
193 2 0
193 2 0
194 2 0
194 2 262
194 2 0
194 2 0
194 2 0
194 2 121
194 2 0
194 2 0
195 2 0
195 2 1
195 2 886
195 2 500
195 2 469
195 2 19
195 2 0
195 2 0
196 2 0
196 2 804
196 2 213
196 2 0
196 2 0
196 2 0
196 2 594
196 2 551
196 2 395
196 2 0
196 2 0
197 2 0
197 2 234
197 2 405
197 2 239
197 2 390
197 2 0
197 2 0
197 2 0
197 2 0
198 2 0
198 2 62
198 2 968
198 2 729
198 2 337
198 2 935
198 2 0
198 2 0
198 2 0
198 2 0
199 2 0
199 2 521
199 2 315
199 2 0
199 2 0
200 1 0
200 1 589
200 1 26
200 1 889
200 1 0
200 1 0
200 1 0
200 1 0
201 1 0
201 1 702
201 1 774
201 1 572
201 1 235
201 1 0
201 1 0
201 1 0
201 1 0
202 2 0
202 2 775
202 2 987
202 2 762
202 2 0
202 2 0
202 2 0
202 2 0
203 2 0
203 2 132
203 2 39
203 2 359
203 2 77
203 2 957
203 2 869
203 2 0
203 2 0
204 1 0
204 1 270
204 1 0
204 1 0
204 1 0
204 1 0
205 2 0
205 2 688
205 2 540
205 2 424
205 2 583
205 2 731
205 2 584
205 2 371
205 2 0
205 2 0
205 2 0
205 2 0
206 2 0
206 2 143
206 2 958
206 2 985
206 2 51
206 2 708
206 2 274
206 2 0
206 2 0
206 2 0
206 2 0
207 2 0
207 2 192
207 2 421
207 2 527
207 2 0
207 2 0
208 2 0
208 2 185
208 2 179
208 2 780
208 2 50
208 2 0
208 2 219
208 2 0
208 2 0
209 1 0
209 1 956
209 1 474
209 1 0
209 1 108
209 1 12
209 1 0
209 1 0
210 1 0
210 1 89
210 1 0
211 1 0
211 1 13
211 1 0
211 1 0
