total cost: 340758
1 2 0
1 2 553
1 2 288
1 2 767
1 2 0
1 2 0
1 2 307
1 2 793
1 2 0
1 2 0
1 2 141
1 2 0
2 2 0
2 2 220
2 2 802
2 2 577
2 2 254
2 2 749
2 2 0
2 2 0
2 2 180
2 2 257
2 2 932
2 2 0
3 1 0
3 1 616
3 1 161
3 1 652
3 1 0
3 1 0
3 1 0
4 1 0
4 1 954
4 1 654
4 1 520
4 1 0
5 2 0
5 2 463
5 2 539
5 2 459
5 2 693
5 2 454
5 2 0
5 2 0
5 2 790
5 2 0
5 2 0
5 2 0
6 2 0
6 2 408
6 2 801
6 2 754
6 2 593
6 2 475
6 2 510
6 2 356
6 2 0
7 2 0
7 2 645
7 2 865
7 2 189
7 2 442
7 2 92
7 2 710
7 2 717
7 2 0
7 2 0
7 2 0
8 1 0
8 1 605
8 1 974
8 1 401
8 1 229
8 1 0
9 1 0
9 1 57
9 1 843
9 1 170
9 1 689
9 1 525
9 1 476
9 1 0
10 1 0
10 1 281
10 1 423
10 1 532
10 1 544
10 1 798
10 1 380
10 1 0
11 1 0
11 1 856
11 1 4
11 1 501
11 1 250
11 1 911
11 1 468
11 1 700
11 1 0
11 1 0
11 1 230
11 1 0
12 2 0
12 2 354
12 2 154
12 2 0
12 2 0
12 2 319
12 2 8
12 2 0
13 2 0
13 2 124
13 2 919
13 2 799
13 2 148
13 2 0
14 2 0
14 2 164
14 2 391
14 2 440
14 2 216
14 2 650
14 2 0
15 2 0
15 2 37
15 2 14
15 2 855
15 2 808
15 2 512
15 2 397
15 2 212
15 2 0
16 2 0
16 2 462
16 2 813
16 2 478
16 2 570
16 2 0
16 2 0
16 2 612
16 2 535
16 2 0
17 2 0
17 2 947
17 2 716
17 2 400
17 2 641
17 2 171
17 2 742
17 2 0
18 2 0
18 2 763
18 2 831
18 2 759
18 2 237
18 2 0
18 2 0
18 2 283
18 2 590
18 2 269
18 2 0
19 2 0
19 2 602
19 2 284
19 2 0
20 1 0
20 1 591
20 1 504
20 1 0
21 1 0
21 1 714
21 1 248
21 1 0
22 1 0
22 1 841
22 1 543
22 1 101
22 1 783
22 1 470
22 1 217
22 1 897
22 1 345
22 1 0
22 1 0
22 1 0
23 2 0
23 2 565
23 2 871
23 2 850
23 2 58
23 2 36
23 2 264
23 2 810
23 2 276
23 2 0
24 2 0
24 2 428
24 2 820
24 2 54
24 2 732
24 2 600
24 2 0
25 2 0
25 2 975
25 2 43
25 2 0
26 1 0
26 1 489
26 1 741
26 1 107
26 1 0
27 2 0
27 2 899
27 2 826
27 2 922
27 2 531
27 2 806
27 2 200
27 2 694
27 2 844
27 2 0
27 2 0
27 2 0
28 2 0
28 2 64
28 2 304
28 2 205
28 2 678
28 2 967
28 2 0
29 1 0
29 1 291
29 1 7
29 1 992
29 1 437
29 1 508
29 1 815
29 1 360
29 1 0
30 1 0
30 1 682
30 1 338
30 1 939
30 1 791
30 1 945
30 1 191
30 1 259
30 1 125
30 1 0
31 2 0
31 2 473
31 2 738
31 2 609
31 2 863
31 2 349
31 2 0
31 2 0
31 2 561
31 2 114
31 2 477
31 2 0
32 2 0
32 2 128
32 2 925
32 2 9
32 2 721
32 2 923
32 2 436
32 2 0
32 2 0
32 2 0
33 1 0
33 1 866
33 1 17
33 1 418
33 1 292
33 1 208
33 1 38
33 1 0
34 1 0
34 1 816
34 1 868
34 1 529
34 1 335
34 1 807
34 1 293
34 1 0
34 1 0
34 1 0
35 1 0
35 1 158
35 1 541
35 1 204
35 1 563
35 1 964
35 1 940
35 1 314
35 1 0
35 1 0
35 1 0
36 2 0
36 2 846
36 2 495
36 2 0
37 1 0
37 1 389
37 1 580
37 1 538
37 1 446
37 1 949
37 1 692
37 1 852
37 1 0
38 1 0
38 1 113
38 1 910
38 1 524
38 1 63
38 1 279
38 1 99
38 1 785
38 1 0
38 1 0
38 1 0
39 2 0
39 2 907
39 2 796
39 2 608
39 2 513
39 2 906
39 2 545
39 2 0
40 1 0
40 1 606
40 1 955
40 1 542
40 1 707
40 1 246
40 1 40
40 1 2
40 1 990
40 1 223
40 1 0
40 1 0
40 1 0
41 1 0
41 1 441
41 1 666
41 1 232
41 1 676
41 1 969
41 1 803
41 1 66
41 1 0
41 1 0
41 1 0
41 1 0
42 2 0
42 2 153
42 2 394
42 2 603
42 2 207
42 2 168
42 2 516
42 2 44
42 2 0
43 2 0
43 2 715
43 2 902
43 2 425
43 2 776
43 2 0
44 1 0
44 1 106
44 1 93
44 1 880
44 1 136
44 1 0
45 2 0
45 2 133
45 2 664
45 2 752
45 2 0
45 2 0
45 2 472
45 2 679
45 2 0
46 2 0
46 2 677
46 2 41
46 2 0
47 2 0
47 2 837
47 2 909
47 2 0
48 2 0
48 2 784
48 2 86
48 2 0
49 1 0
49 1 550
49 1 0
50 1 0
50 1 352
50 1 0
51 2 0
51 2 456
51 2 102
51 2 351
51 2 921
51 2 0
51 2 0
51 2 163
51 2 47
51 2 0
52 1 0
52 1 45
52 1 809
52 1 430
52 1 334
52 1 755
52 1 800
52 1 493
52 1 778
52 1 0
52 1 0
52 1 0
52 1 0
53 2 0
53 2 336
53 2 369
53 2 854
53 2 426
53 2 0
53 2 0
53 2 255
53 2 74
53 2 724
53 2 0
54 1 0
54 1 817
54 1 157
54 1 199
54 1 324
54 1 0
54 1 0
54 1 130
54 1 0
55 2 0
55 2 518
55 2 497
55 2 411
55 2 574
55 2 419
55 2 621
55 2 0
55 2 0
55 2 95
55 2 323
55 2 0
56 2 0
56 2 266
56 2 562
56 2 275
56 2 310
56 2 748
56 2 166
56 2 27
56 2 0
56 2 0
56 2 0
57 1 0
57 1 611
57 1 647
57 1 455
57 1 980
57 1 0
58 2 0
58 2 435
58 2 686
58 2 160
58 2 183
58 2 835
58 2 490
58 2 471
58 2 0
59 1 0
59 1 399
59 1 680
59 1 396
59 1 977
59 1 438
59 1 481
59 1 0
59 1 0
59 1 0
60 1 0
60 1 648
60 1 290
60 1 151
60 1 970
60 1 0
60 1 0
60 1 178
60 1 0
61 2 0
61 2 699
61 2 646
61 2 392
61 2 30
61 2 628
61 2 937
61 2 289
61 2 135
61 2 0
61 2 0
61 2 0
62 1 0
62 1 340
62 1 781
62 1 188
62 1 84
62 1 709
62 1 885
62 1 398
62 1 0
63 2 0
63 2 814
63 2 568
63 2 0
64 1 0
64 1 989
64 1 751
64 1 673
64 1 485
64 1 0
64 1 0
64 1 876
64 1 753
64 1 929
64 1 0
65 1 0
65 1 996
65 1 870
65 1 797
65 1 81
65 1 0
65 1 0
65 1 873
65 1 581
65 1 936
65 1 630
65 1 0
66 2 0
66 2 644
66 2 329
66 2 453
66 2 88
66 2 71
66 2 661
66 2 0
66 2 0
66 2 0
67 2 0
67 2 181
67 2 417
67 2 918
67 2 309
67 2 0
67 2 0
67 2 0
68 1 0
68 1 447
68 1 840
68 1 0
68 1 0
68 1 576
68 1 0
69 2 0
69 2 410
69 2 943
69 2 18
69 2 887
69 2 0
69 2 0
69 2 94
69 2 0
70 1 0
70 1 233
70 1 134
70 1 175
70 1 420
70 1 376
70 1 601
70 1 140
70 1 515
70 1 0
70 1 0
70 1 0
70 1 0
71 2 0
71 2 511
71 2 757
71 2 668
71 2 0
72 1 0
72 1 321
72 1 861
72 1 393
72 1 457
72 1 965
72 1 971
72 1 734
72 1 0
72 1 0
73 2 0
73 2 756
73 2 663
73 2 79
73 2 586
73 2 557
73 2 494
73 2 287
73 2 0
73 2 0
73 2 0
74 2 0
74 2 186
74 2 735
74 2 172
74 2 761
74 2 595
74 2 758
74 2 587
74 2 0
75 1 0
75 1 794
75 1 874
75 1 828
75 1 0
75 1 0
75 1 150
75 1 944
75 1 669
75 1 857
75 1 0
76 1 0
76 1 328
76 1 771
76 1 492
76 1 413
76 1 0
76 1 0
76 1 0
77 1 0
77 1 193
77 1 173
77 1 0
78 1 0
78 1 226
78 1 973
78 1 0
78 1 0
78 1 960
78 1 480
78 1 28
78 1 0
79 2 0
79 2 610
79 2 894
79 2 25
79 2 582
79 2 726
79 2 83
79 2 415
79 2 201
79 2 0
79 2 0
79 2 0
79 2 0
80 1 0
80 1 930
80 1 764
80 1 126
80 1 214
80 1 0
80 1 0
80 1 0
81 1 0
81 1 934
81 1 991
81 1 578
81 1 0
81 1 0
81 1 0
82 2 0
82 2 564
82 2 365
82 2 705
82 2 91
82 2 0
82 2 0
82 2 0
83 1 0
83 1 941
83 1 685
83 1 656
83 1 509
83 1 479
83 1 0
83 1 0
83 1 0
84 2 0
84 2 273
84 2 746
84 2 660
84 2 558
84 2 983
84 2 706
84 2 0
85 1 0
85 1 177
85 1 701
85 1 218
85 1 80
85 1 904
85 1 0
85 1 0
85 1 0
86 1 0
86 1 0
87 1 0
87 1 0
88 2 0
88 2 718
88 2 0
88 2 0
88 2 0
89 1 0
89 1 434
89 1 11
89 1 0
90 1 0
90 1 404
90 1 0
90 1 0
90 1 604
90 1 383
90 1 0
91 2 0
91 2 330
91 2 311
91 2 847
91 2 0
91 2 0
91 2 0
92 2 0
92 2 697
92 2 272
92 2 85
92 2 877
92 2 881
92 2 0
92 2 0
92 2 0
93 2 0
93 2 366
93 2 938
93 2 97
93 2 997
93 2 465
93 2 0
93 2 0
93 2 675
93 2 0
94 2 0
94 2 640
94 2 777
94 2 554
94 2 998
94 2 15
94 2 0
94 2 0
94 2 33
94 2 779
94 2 298
94 2 0
95 2 0
95 2 167
95 2 782
95 2 294
95 2 842
95 2 0
96 2 0
96 2 695
96 2 657
96 2 703
96 2 0
96 2 0
96 2 118
96 2 496
96 2 119
96 2 0
97 1 0
97 1 999
97 1 891
97 1 819
97 1 730
97 1 0
97 1 0
97 1 948
97 1 211
97 1 0
98 2 0
98 2 429
98 2 988
98 2 805
98 2 466
98 2 0
99 1 0
99 1 31
99 1 849
99 1 385
99 1 190
99 1 0
100 1 0
100 1 282
100 1 683
100 1 0
100 1 0
100 1 29
100 1 0
101 2 0
101 2 341
101 2 719
101 2 622
101 2 573
101 2 883
101 2 942
101 2 994
101 2 824
101 2 265
101 2 0
101 2 0
101 2 0
101 2 0
102 1 0
102 1 59
102 1 848
102 1 838
102 1 342
102 1 607
102 1 0
103 1 0
103 1 247
103 1 642
103 1 908
103 1 144
103 1 951
103 1 659
103 1 0
103 1 0
103 1 0
103 1 0
104 1 0
104 1 655
104 1 712
104 1 0
104 1 0
104 1 23
104 1 750
104 1 182
104 1 0
105 1 0
105 1 458
105 1 534
105 1 792
105 1 613
105 1 488
105 1 187
105 1 0
105 1 0
105 1 0
105 1 24
105 1 0
106 1 0
106 1 830
106 1 596
106 1 364
106 1 0
106 1 0
106 1 662
106 1 112
106 1 0
107 2 0
107 2 149
107 2 332
107 2 142
107 2 320
107 2 0
107 2 0
107 2 546
107 2 0
108 2 0
108 2 484
108 2 0
109 1 0
109 1 445
109 1 920
109 1 638
109 1 0
109 1 0
109 1 0
110 1 0
110 1 665
110 1 559
110 1 555
110 1 34
110 1 432
110 1 339
110 1 928
110 1 0
110 1 0
110 1 0
110 1 0
111 2 0
111 2 78
111 2 627
111 2 414
111 2 245
111 2 53
111 2 619
111 2 895
111 2 0
111 2 0
111 2 0
111 2 0
112 2 0
112 2 10
112 2 727
112 2 0
112 2 0
112 2 0
113 2 0
113 2 251
113 2 927
113 2 318
113 2 346
113 2 461
113 2 90
113 2 0
114 2 0
114 2 672
114 2 82
114 2 0
115 1 0
115 1 898
115 1 789
115 1 0
116 2 0
116 2 571
116 2 406
116 2 202
116 2 0
117 2 0
117 2 950
117 2 720
117 2 0
118 2 0
118 2 313
118 2 903
118 2 0
118 2 0
118 2 976
118 2 875
118 2 506
118 2 0
118 2 0
118 2 0
119 2 0
119 2 109
119 2 387
119 2 825
119 2 566
119 2 0
119 2 0
119 2 536
119 2 1000
119 2 0
120 2 0
120 2 296
120 2 145
120 2 839
120 2 0
120 2 0
120 2 812
120 2 624
120 2 0
121 1 0
121 1 271
121 1 827
121 1 156
121 1 728
121 1 0
121 1 0
121 1 0
121 1 0
122 2 0
122 2 818
122 2 301
122 2 626
122 2 0
122 2 0
122 2 0
123 1 0
123 1 862
123 1 744
123 1 60
123 1 238
123 1 210
123 1 433
123 1 0
123 1 0
123 1 0
123 1 0
124 1 0
124 1 502
124 1 986
124 1 98
124 1 0
124 1 0
124 1 0
124 1 530
124 1 165
124 1 0
125 2 0
125 2 467
125 2 743
125 2 860
125 2 236
125 2 104
125 2 46
125 2 0
126 1 0
126 1 407
126 1 505
126 1 503
126 1 0
126 1 0
127 2 0
127 2 634
127 2 523
127 2 348
127 2 69
127 2 765
127 2 68
127 2 0
127 2 0
128 2 0
128 2 42
128 2 615
128 2 327
128 2 617
128 2 381
128 2 0
129 2 0
129 2 832
129 2 253
129 2 651
129 2 834
129 2 0
130 1 0
130 1 240
130 1 249
130 1 0
130 1 0
130 1 0
130 1 811
130 1 772
130 1 305
130 1 0
131 1 0
131 1 653
131 1 448
131 1 196
131 1 0
131 1 0
131 1 0
131 1 740
131 1 0
132 2 0
132 2 670
132 2 698
132 2 35
132 2 122
132 2 263
132 2 760
132 2 297
132 2 905
132 2 845
132 2 295
132 2 0
132 2 0
133 2 0
133 2 409
133 2 384
133 2 382
133 2 0
134 2 0
134 2 853
134 2 972
134 2 316
134 2 978
134 2 0
134 2 0
134 2 412
134 2 372
134 2 0
135 2 0
135 2 823
135 2 498
135 2 548
135 2 0
136 1 0
136 1 514
136 1 690
136 1 123
136 1 73
136 1 0
136 1 0
137 1 0
137 1 402
137 1 733
137 1 636
137 1 0
137 1 0
137 1 0
137 1 995
137 1 0
138 2 0
138 2 917
138 2 32
138 2 6
138 2 912
138 2 0
139 1 0
139 1 681
139 1 598
139 1 326
139 1 373
139 1 0
139 1 0
139 1 0
139 1 0
140 1 0
140 1 722
140 1 981
140 1 723
140 1 362
140 1 0
140 1 0
141 1 0
141 1 982
141 1 368
141 1 914
141 1 579
141 1 984
141 1 829
141 1 0
141 1 0
141 1 0
141 1 0
142 2 0
142 2 374
142 2 788
142 2 522
142 2 872
142 2 377
142 2 331
142 2 0
142 2 0
142 2 0
142 2 0
143 1 0
143 1 22
143 1 325
143 1 176
143 1 5
143 1 267
143 1 0
143 1 0
143 1 0
143 1 0
144 1 0
144 1 222
144 1 0
145 1 0
145 1 127
145 1 0
146 1 0
146 1 773
146 1 464
146 1 635
146 1 632
146 1 0
146 1 0
146 1 0
146 1 0
147 2 0
147 2 277
147 2 916
147 2 56
147 2 162
147 2 633
147 2 795
147 2 713
147 2 0
147 2 0
148 1 0
148 1 786
148 1 0
148 1 0
148 1 0
149 2 0
149 2 588
149 2 993
149 2 0
150 2 0
150 2 913
150 2 0
151 2 0
151 2 449
151 2 460
151 2 725
151 2 0
151 2 0
151 2 367
151 2 0
151 2 0
151 2 0
152 2 0
152 2 450
152 2 303
152 2 959
152 2 308
152 2 49
152 2 704
152 2 386
152 2 0
152 2 0
153 2 0
153 2 357
153 2 890
153 2 858
153 2 0
153 2 0
154 2 0
154 2 317
154 2 116
154 2 322
154 2 0
154 2 0
154 2 0
155 1 0
155 1 625
155 1 224
155 1 198
155 1 966
155 1 859
155 1 882
155 1 299
155 1 0
155 1 0
155 1 0
155 1 0
156 1 0
156 1 243
156 1 884
156 1 0
156 1 0
156 1 0
156 1 0
157 1 0
157 1 370
157 1 61
157 1 528
157 1 567
157 1 361
157 1 353
157 1 0
157 1 0
157 1 0
157 1 0
158 1 0
158 1 0
159 1 0
159 1 0
160 2 0
160 2 745
160 2 0
160 2 0
160 2 526
160 2 499
160 2 0
161 1 0
161 1 184
161 1 893
161 1 747
161 1 674
161 1 0
161 1 0
161 1 0
161 1 556
161 1 0
162 1 0
162 1 643
162 1 0
162 1 0
162 1 569
162 1 0
163 2 0
163 2 137
163 2 131
163 2 268
163 2 867
163 2 0
163 2 0
163 2 0
163 2 87
163 2 0
164 1 0
164 1 451
164 1 252
164 1 915
164 1 0
164 1 0
165 1 0
165 1 155
165 1 0
165 1 0
165 1 221
165 1 0
166 1 0
166 1 924
166 1 597
166 1 517
166 1 549
166 1 286
166 1 552
166 1 241
166 1 0
166 1 0
166 1 0
166 1 0
167 1 0
167 1 684
167 1 120
167 1 0
167 1 0
167 1 0
167 1 618
167 1 0
167 1 0
167 1 0
168 1 0
168 1 482
168 1 379
168 1 159
168 1 671
168 1 105
168 1 961
168 1 629
168 1 0
168 1 0
169 2 0
169 2 194
169 2 623
169 2 347
169 2 878
169 2 378
169 2 280
169 2 169
169 2 491
169 2 0
169 2 0
170 1 0
170 1 416
170 1 507
170 1 649
170 1 117
170 1 206
170 1 585
170 1 879
170 1 0
170 1 0
170 1 0
170 1 0
171 2 0
171 2 55
171 2 0
172 1 0
172 1 195
172 1 737
172 1 0
172 1 0
173 2 0
173 2 333
173 2 486
173 2 599
173 2 3
173 2 836
173 2 547
173 2 0
173 2 0
174 2 0
174 2 72
174 2 901
174 2 667
174 2 242
174 2 146
174 2 76
174 2 0
174 2 0
175 2 0
175 2 103
175 2 946
175 2 631
175 2 443
175 2 427
175 2 963
175 2 344
175 2 0
175 2 0
176 1 0
176 1 100
176 1 227
176 1 900
176 1 96
176 1 75
176 1 0
176 1 0
177 1 0
177 1 770
177 1 422
177 1 0
177 1 0
177 1 0
177 1 979
177 1 0
177 1 0
177 1 0
177 1 0
178 2 0
178 2 256
178 2 215
178 2 691
178 2 306
178 2 962
178 2 739
178 2 0
178 2 0
178 2 0
178 2 0
179 2 0
179 2 129
179 2 203
179 2 115
179 2 452
179 2 285
179 2 952
179 2 0
179 2 0
180 2 0
180 2 639
180 2 0
181 2 0
181 2 244
181 2 261
181 2 769
181 2 533
181 2 228
181 2 350
181 2 0
181 2 0
181 2 0
181 2 0
182 1 0
182 1 953
182 1 174
182 1 355
182 1 589
182 1 0
182 1 0
182 1 0
182 1 0
183 2 0
183 2 711
183 2 560
183 2 65
183 2 0
183 2 0
184 2 0
184 2 483
184 2 343
184 2 575
184 2 0
184 2 0
184 2 0
184 2 152
184 2 0
185 2 0
185 2 768
185 2 1
185 2 804
185 2 0
185 2 0
185 2 0
185 2 108
185 2 0
186 2 0
186 2 20
186 2 132
186 2 444
186 2 147
186 2 278
186 2 787
186 2 774
186 2 0
186 2 0
186 2 0
186 2 0
187 1 0
187 1 403
187 1 21
187 1 851
187 1 931
187 1 363
187 1 0
187 1 0
187 1 0
187 1 0
188 2 0
188 2 821
188 2 258
188 2 926
188 2 0
188 2 0
188 2 0
188 2 209
188 2 0
189 2 0
189 2 52
189 2 592
189 2 213
189 2 637
189 2 0
189 2 0
189 2 0
189 2 0
190 2 0
190 2 111
190 2 62
190 2 405
190 2 239
190 2 620
190 2 0
190 2 0
191 2 0
191 2 312
191 2 70
191 2 302
191 2 687
191 2 892
191 2 139
191 2 138
191 2 375
191 2 0
191 2 0
191 2 0
191 2 0
192 1 0
192 1 16
192 1 388
192 1 736
192 1 766
192 1 888
192 1 0
192 1 0
192 1 0
192 1 0
193 1 0
193 1 225
193 1 358
193 1 696
193 1 519
193 1 121
193 1 0
193 1 0
193 1 0
193 1 0
194 1 0
194 1 197
194 1 614
194 1 833
194 1 300
194 1 537
194 1 0
194 1 0
195 1 0
195 1 896
195 1 231
195 1 0
195 1 0
196 1 0
196 1 864
196 1 110
196 1 0
196 1 0
197 1 0
197 1 262
197 1 315
197 1 702
197 1 572
197 1 0
197 1 0
197 1 0
197 1 0
198 2 0
198 2 234
198 2 688
198 2 658
198 2 48
198 2 731
198 2 0
198 2 0
199 1 0
199 1 487
199 1 933
199 1 775
199 1 0
199 1 0
199 1 0
199 1 594
199 1 551
199 1 395
199 1 0
199 1 0
200 2 0
200 2 822
200 2 0
200 2 0
200 2 0
200 2 0
201 1 0
201 1 521
201 1 439
201 1 0
201 1 0
202 2 0
202 2 729
202 2 390
202 2 337
202 2 935
202 2 0
202 2 0
202 2 0
202 2 0
203 2 0
203 2 431
203 2 889
203 2 0
203 2 0
203 2 0
203 2 0
204 1 0
204 1 968
204 1 424
204 1 421
204 1 0
204 1 0
204 1 0
204 1 0
205 1 0
205 1 886
205 1 500
205 1 987
205 1 762
205 1 0
205 1 0
205 1 0
205 1 0
206 2 0
206 2 270
206 2 584
206 2 371
206 2 0
206 2 0
207 1 0
207 1 143
207 1 26
207 1 39
207 1 359
207 1 0
207 1 0
207 1 0
207 1 0
208 1 0
208 1 67
208 1 540
208 1 583
208 1 0
208 1 0
208 1 0
208 1 260
208 1 0
208 1 0
209 2 0
209 2 185
209 2 958
209 2 985
209 2 51
209 2 957
209 2 235
209 2 0
209 2 0
209 2 0
209 2 0
210 2 0
210 2 780
210 2 192
210 2 50
210 2 527
210 2 469
210 2 869
210 2 0
210 2 0
210 2 0
210 2 0
211 1 0
211 1 956
211 1 474
211 1 0
211 1 0
211 1 0
211 1 77
211 1 708
211 1 0
211 1 0
212 1 0
212 1 19
212 1 274
212 1 0
212 1 0
213 1 0
213 1 179
213 1 0
213 1 219
213 1 0
213 1 0
213 1 0
213 1 0
214 1 0
214 1 89
214 1 12
214 1 0
214 1 0
215 1 0
215 1 13
215 1 0
215 1 0
