total cost: 345281
1 2 0
1 2 553
1 2 288
1 2 767
1 2 0
1 2 0
1 2 616
1 2 180
1 2 257
1 2 932
1 2 0
2 2 0
2 2 220
2 2 802
2 2 577
2 2 408
2 2 801
2 2 0
2 2 0
2 2 307
2 2 790
2 2 0
2 2 0
2 2 141
2 2 0
3 1 0
3 1 539
3 1 462
3 1 813
3 1 693
3 1 754
3 1 974
3 1 0
3 1 0
3 1 793
3 1 654
3 1 0
4 2 0
4 2 645
4 2 865
4 2 189
4 2 428
4 2 0
4 2 0
4 2 652
4 2 591
4 2 520
4 2 0
5 1 0
5 1 605
5 1 856
5 1 947
5 1 593
5 1 602
5 1 716
5 1 525
5 1 8
5 1 476
5 1 205
5 1 0
5 1 0
5 1 0
6 1 0
6 1 463
6 1 354
6 1 442
6 1 710
6 1 717
6 1 94
6 1 0
6 1 0
6 1 0
7 2 0
7 2 254
7 2 57
7 2 843
7 2 423
7 2 798
7 2 468
7 2 380
7 2 304
7 2 114
7 2 0
8 2 0
8 2 281
8 2 532
8 2 489
8 2 440
8 2 391
8 2 0
9 1 0
9 1 954
9 1 0
10 1 0
10 1 170
10 1 400
10 1 689
10 1 749
10 1 229
10 1 0
10 1 0
10 1 535
10 1 0
11 2 0
11 2 37
11 2 389
11 2 855
11 2 232
11 2 512
11 2 397
11 2 269
11 2 0
12 2 0
12 2 154
12 2 14
12 2 0
12 2 0
12 2 454
12 2 919
12 2 475
12 2 799
12 2 0
13 2 0
13 2 459
13 2 714
13 2 293
13 2 0
14 2 0
14 2 4
14 2 911
14 2 899
14 2 831
14 2 939
14 2 759
14 2 0
14 2 0
14 2 401
14 2 356
14 2 0
15 1 0
15 1 319
15 1 544
15 1 700
15 1 783
15 1 477
15 1 897
15 1 0
16 1 0
16 1 478
16 1 473
16 1 863
16 1 609
16 1 0
16 1 0
16 1 164
16 1 641
16 1 742
16 1 0
17 1 0
17 1 763
17 1 250
17 1 237
17 1 850
17 1 58
17 1 0
17 1 0
17 1 283
17 1 590
17 1 148
17 1 0
18 2 0
18 2 501
18 2 826
18 2 922
18 2 101
18 2 217
18 2 470
18 2 815
18 2 360
18 2 223
18 2 0
18 2 0
18 2 0
19 2 0
19 2 92
19 2 216
19 2 418
19 2 323
19 2 178
19 2 208
19 2 668
19 2 0
20 2 0
20 2 841
20 2 7
20 2 543
20 2 992
20 2 437
20 2 40
20 2 246
20 2 990
20 2 844
20 2 0
20 2 0
20 2 0
21 2 0
21 2 570
21 2 975
21 2 510
21 2 810
21 2 276
21 2 784
21 2 0
22 1 0
22 1 284
22 1 531
22 1 106
22 1 345
22 1 880
22 1 259
22 1 0
22 1 0
22 1 0
23 1 0
23 1 565
23 1 910
23 1 816
23 1 868
23 1 0
23 1 0
23 1 64
23 1 967
23 1 923
23 1 436
23 1 0
24 1 0
24 1 682
24 1 338
24 1 204
24 1 563
24 1 964
24 1 940
24 1 314
24 1 0
24 1 0
24 1 0
25 1 0
25 1 291
25 1 542
25 1 45
25 1 399
25 1 680
25 1 873
25 1 438
25 1 0
25 1 0
25 1 504
25 1 0
26 2 0
26 2 820
26 2 741
26 2 9
26 2 107
26 2 0
26 2 0
26 2 161
26 2 732
26 2 600
26 2 0
27 1 0
27 1 128
27 1 925
27 1 715
27 1 902
27 1 84
27 1 709
27 1 885
27 1 776
27 1 0
27 1 0
27 1 0
28 2 0
28 2 866
28 2 817
28 2 157
28 2 485
28 2 290
28 2 0
28 2 0
28 2 230
28 2 807
28 2 0
29 2 0
29 2 846
29 2 335
29 2 608
29 2 0
29 2 0
29 2 612
29 2 0
30 1 0
30 1 158
30 1 871
30 1 36
30 1 524
30 1 0
30 1 0
30 1 171
30 1 508
30 1 0
31 1 0
31 1 113
31 1 529
31 1 738
31 1 907
31 1 349
31 1 0
31 1 0
31 1 264
31 1 0
32 2 0
32 2 54
32 2 17
32 2 721
32 2 664
32 2 752
32 2 151
32 2 970
32 2 734
32 2 965
32 2 0
33 2 0
33 2 541
33 2 611
33 2 647
33 2 255
33 2 0
33 2 0
33 2 0
34 2 0
34 2 63
34 2 279
34 2 921
34 2 876
34 2 753
34 2 929
34 2 545
34 2 0
35 1 0
35 1 606
35 1 955
35 1 809
35 1 430
35 1 977
35 1 396
35 1 685
35 1 0
35 1 0
35 1 0
36 2 0
36 2 153
36 2 538
36 2 446
36 2 580
36 2 808
36 2 676
36 2 168
36 2 0
36 2 0
36 2 0
37 1 0
37 1 441
37 1 666
37 1 207
37 1 969
37 1 852
37 1 949
37 1 692
37 1 0
38 2 0
38 2 603
38 2 796
38 2 644
38 2 447
38 2 840
38 2 0
38 2 0
38 2 472
38 2 785
38 2 74
38 2 0
38 2 0
38 2 0
39 1 0
39 1 133
39 1 806
39 1 93
39 1 945
39 1 791
39 1 191
39 1 125
39 1 0
40 2 0
40 2 495
40 2 803
40 2 661
40 2 44
40 2 383
40 2 0
40 2 0
40 2 0
41 2 0
41 2 99
41 2 455
41 2 980
41 2 724
41 2 0
41 2 0
41 2 0
42 2 0
42 2 677
42 2 181
42 2 135
42 2 289
42 2 0
43 2 0
43 2 837
43 2 909
43 2 971
43 2 24
43 2 0
44 2 0
44 2 124
44 2 561
44 2 0
45 2 0
45 2 678
45 2 200
45 2 166
45 2 0
46 2 0
46 2 707
46 2 275
46 2 581
46 2 936
46 2 630
46 2 509
46 2 434
46 2 0
46 2 0
46 2 0
47 1 0
47 1 456
47 1 996
47 1 699
47 1 392
47 1 417
47 1 918
47 1 0
47 1 0
47 1 0
48 2 0
48 2 336
48 2 102
48 2 574
48 2 419
48 2 621
48 2 0
48 2 0
48 2 679
48 2 906
48 2 0
49 2 0
49 2 435
49 2 686
49 2 160
49 2 0
49 2 0
49 2 212
49 2 0
50 2 0
50 2 394
50 2 453
50 2 88
50 2 578
50 2 365
50 2 0
50 2 0
50 2 513
50 2 604
50 2 516
50 2 0
51 2 0
51 2 351
51 2 854
51 2 173
51 2 0
51 2 0
51 2 650
51 2 0
52 2 0
52 2 518
52 2 497
52 2 610
52 2 894
52 2 25
52 2 726
52 2 758
52 2 0
52 2 0
52 2 86
52 2 0
53 2 0
53 2 266
53 2 562
53 2 941
53 2 310
53 2 973
53 2 0
53 2 0
53 2 550
53 2 0
54 2 0
54 2 324
54 2 410
54 2 648
54 2 861
54 2 457
54 2 119
54 2 28
54 2 0
55 2 0
55 2 369
55 2 695
55 2 0
55 2 0
55 2 576
55 2 0
55 2 0
55 2 0
56 2 0
56 2 199
56 2 751
56 2 393
56 2 960
56 2 835
56 2 490
56 2 471
56 2 0
56 2 0
56 2 0
57 2 0
57 2 41
57 2 136
57 2 779
57 2 309
57 2 0
57 2 0
57 2 0
58 1 0
58 1 292
58 1 0
58 1 0
58 1 352
58 1 11
58 1 27
58 1 0
59 1 0
59 1 340
59 1 781
59 1 188
59 1 0
59 1 0
59 1 398
59 1 80
59 1 494
59 1 287
59 1 0
59 1 0
59 1 0
60 2 0
60 2 646
60 2 334
60 2 938
60 2 755
60 2 997
60 2 0
60 2 0
60 2 248
60 2 694
60 2 0
61 2 0
61 2 989
61 2 458
61 2 792
61 2 0
61 2 0
61 2 568
61 2 675
61 2 0
62 1 0
62 1 673
62 1 887
62 1 891
62 1 571
62 1 883
62 1 942
62 1 0
62 1 0
62 1 0
62 1 0
63 1 0
63 1 943
63 1 341
63 1 118
63 1 656
63 1 0
63 1 0
63 1 0
64 2 0
64 2 511
64 2 777
64 2 663
64 2 425
64 2 79
64 2 0
64 2 0
64 2 0
65 2 0
65 2 233
65 2 134
65 2 794
65 2 175
65 2 376
65 2 601
65 2 218
65 2 515
65 2 0
65 2 0
65 2 0
65 2 0
66 1 0
66 1 814
66 1 771
66 1 481
66 1 0
66 1 0
66 1 0
67 2 0
67 2 321
67 2 655
67 2 0
67 2 0
67 2 748
67 2 479
67 2 0
68 1 0
68 1 756
68 1 420
68 1 554
68 1 15
68 1 432
68 1 34
68 1 0
68 1 0
68 1 0
68 1 0
69 2 0
69 2 186
69 2 735
69 2 628
69 2 937
69 2 761
69 2 595
69 2 587
69 2 0
70 1 0
70 1 193
70 1 0
71 1 0
71 1 328
71 1 492
71 1 413
71 1 683
71 1 0
71 1 0
71 1 163
71 1 838
71 1 0
72 1 0
72 1 150
72 1 426
72 1 0
73 2 0
73 2 226
73 2 672
73 2 727
73 2 0
73 2 0
73 2 0
74 1 0
74 1 411
74 1 404
74 1 0
75 2 0
75 2 183
75 2 177
75 2 701
75 2 904
75 2 624
75 2 847
75 2 0
76 1 0
76 1 930
76 1 764
76 1 0
76 1 0
76 1 38
76 1 812
76 1 311
76 1 0
77 1 0
77 1 934
77 1 991
77 1 78
77 1 71
77 1 705
77 1 0
78 1 0
78 1 18
78 1 332
78 1 622
78 1 573
78 1 187
78 1 0
78 1 0
78 1 0
78 1 0
79 2 0
79 2 329
79 2 627
79 2 0
79 2 0
79 2 757
79 2 95
79 2 0
80 2 0
80 2 564
80 2 657
80 2 703
80 2 407
80 2 951
80 2 0
80 2 0
80 2 718
80 2 0
80 2 0
80 2 0
81 2 0
81 2 273
81 2 797
81 2 805
81 2 466
81 2 211
81 2 948
81 2 0
82 2 0
82 2 366
82 2 272
82 2 0
82 2 0
82 2 557
82 2 0
83 1 0
83 1 697
83 1 870
83 1 429
83 1 81
83 1 778
83 1 800
83 1 465
83 1 0
83 1 0
83 1 0
83 1 0
84 2 0
84 2 30
84 2 660
84 2 582
84 2 875
84 2 122
84 2 983
84 2 558
84 2 706
84 2 0
84 2 0
85 1 0
85 1 640
85 1 374
85 1 196
85 1 448
85 1 0
85 1 0
85 1 0
85 1 480
85 1 265
85 1 0
85 1 0
85 1 0
86 2 0
86 2 167
86 2 782
86 2 596
86 2 126
86 2 0
86 2 0
86 2 586
86 2 330
86 2 339
86 2 0
86 2 0
86 2 0
87 1 0
87 1 999
87 1 730
87 1 0
87 1 0
87 1 85
87 1 493
87 1 881
87 1 842
87 1 298
87 1 0
88 2 0
88 2 282
88 2 819
88 2 296
88 2 0
88 2 0
88 2 944
88 2 669
88 2 857
88 2 0
89 2 0
89 2 31
89 2 849
89 2 402
89 2 636
89 2 83
89 2 415
89 2 632
89 2 386
89 2 0
89 2 0
90 2 0
90 2 59
90 2 659
90 2 414
90 2 245
90 2 53
90 2 619
90 2 895
90 2 0
90 2 0
90 2 0
90 2 0
91 2 0
91 2 484
91 2 172
91 2 318
91 2 346
91 2 461
91 2 104
91 2 90
91 2 0
91 2 0
92 1 0
92 1 746
92 1 988
92 1 927
92 1 0
92 1 0
92 1 877
92 1 0
93 1 0
93 1 247
93 1 908
93 1 728
93 1 498
93 1 0
93 1 0
93 1 0
93 1 23
93 1 342
93 1 0
94 1 0
94 1 874
94 1 828
94 1 0
94 1 0
94 1 97
94 1 82
94 1 0
95 1 0
95 1 848
95 1 750
95 1 91
95 1 789
95 1 0
95 1 0
96 2 0
96 2 496
96 2 406
96 2 824
96 2 994
96 2 0
97 1 0
97 1 830
97 1 862
97 1 839
97 1 966
97 1 859
97 1 6
97 1 0
97 1 0
97 1 0
97 1 0
98 1 0
98 1 149
98 1 534
98 1 613
98 1 320
98 1 0
98 1 0
98 1 0
98 1 662
98 1 112
98 1 0
99 1 0
99 1 642
99 1 327
99 1 615
99 1 253
99 1 760
99 1 0
99 1 0
99 1 0
99 1 0
100 2 0
100 2 294
100 2 950
100 2 467
100 2 860
100 2 723
100 2 236
100 2 46
100 2 912
100 2 0
100 2 0
101 1 0
101 1 607
101 1 182
101 1 0
102 2 0
102 2 546
102 2 66
102 2 0
103 1 0
103 1 445
103 1 387
103 1 348
103 1 0
103 1 0
103 1 47
103 1 0
104 1 0
104 1 665
104 1 559
104 1 522
104 1 526
104 1 116
104 1 928
104 1 0
104 1 0
104 1 0
104 1 0
105 1 0
105 1 10
105 1 202
105 1 412
105 1 0
105 1 0
105 1 0
106 1 0
106 1 214
106 1 382
106 1 0
107 2 0
107 2 251
107 2 773
107 2 98
107 2 635
107 2 0
107 2 0
107 2 898
107 2 0
108 2 0
108 2 140
108 2 322
108 2 979
108 2 499
108 2 0
108 2 0
109 1 0
109 1 712
109 1 653
109 1 598
109 1 326
109 1 0
109 1 0
109 1 0
109 1 536
109 1 0
110 2 0
110 2 313
110 2 903
110 2 0
110 2 0
110 2 190
110 2 740
110 2 617
110 2 503
110 2 0
111 1 0
111 1 720
111 1 986
111 1 464
111 1 0
111 1 0
111 1 0
111 1 530
111 1 920
111 1 772
111 1 0
112 2 0
112 2 109
112 2 853
112 2 825
112 2 972
112 2 316
112 2 0
112 2 0
112 2 367
112 2 301
112 2 626
112 2 0
112 2 0
112 2 0
113 1 0
113 1 719
113 1 460
113 1 725
113 1 0
113 1 0
114 2 0
114 2 142
114 2 634
114 2 566
114 2 268
114 2 0
114 2 0
114 2 221
114 2 0
115 1 0
115 1 144
115 1 827
115 1 357
115 1 156
115 1 823
115 1 0
115 1 0
115 1 0
115 1 0
116 2 0
116 2 998
116 2 555
116 2 872
116 2 331
116 2 373
116 2 0
116 2 0
116 2 0
116 2 0
117 1 0
117 1 502
117 1 733
117 1 370
117 1 450
117 1 0
117 1 0
117 1 0
117 1 638
117 1 0
117 1 0
117 1 0
118 2 0
118 2 271
118 2 73
118 2 834
118 2 651
118 2 263
118 2 905
118 2 890
118 2 579
118 2 0
118 2 0
119 1 0
119 1 364
119 1 743
119 1 238
119 1 0
119 1 0
119 1 0
119 1 818
119 1 0
119 1 0
119 1 0
120 1 0
120 1 385
120 1 832
120 1 976
120 1 0
120 1 0
120 1 505
120 1 0
121 1 0
121 1 42
121 1 698
121 1 35
121 1 993
121 1 845
121 1 829
121 1 295
121 1 0
121 1 0
121 1 0
121 1 0
122 1 0
122 1 488
122 1 0
123 2 0
123 2 240
123 2 249
123 2 681
123 2 0
123 2 0
123 2 811
123 2 317
123 2 0
123 2 0
123 2 0
124 2 0
124 2 670
124 2 123
124 2 548
124 2 381
124 2 0
125 1 0
125 1 409
125 1 981
125 1 507
125 1 649
125 1 491
125 1 433
125 1 0
125 1 0
125 1 0
125 1 0
126 1 0
126 1 145
126 1 60
126 1 917
126 1 32
126 1 362
126 1 49
126 1 0
126 1 0
126 1 0
126 1 0
127 2 0
127 2 744
127 2 625
127 2 384
127 2 303
127 2 72
127 2 308
127 2 105
127 2 961
127 2 629
127 2 0
127 2 0
127 2 0
127 2 0
128 1 0
128 1 514
128 1 916
128 1 162
128 1 691
128 1 962
128 1 0
128 1 0
128 1 0
128 1 0
129 2 0
129 2 523
129 2 0
129 2 0
129 2 995
129 2 786
129 2 0
129 2 0
129 2 0
130 2 0
130 2 127
130 2 222
130 2 0
130 2 0
130 2 0
131 1 0
131 1 722
131 1 224
131 1 198
131 1 416
131 1 900
131 1 0
131 1 0
131 1 0
131 1 305
131 1 68
131 1 0
132 1 0
132 1 1000
132 1 69
132 1 913
132 1 0
132 1 0
132 1 0
132 1 0
133 2 0
133 2 982
133 2 953
133 2 633
133 2 56
133 2 984
133 2 560
133 2 858
133 2 0
133 2 0
134 1 0
134 1 22
134 1 867
134 1 0
134 1 0
134 1 0
134 1 765
134 1 0
134 1 0
134 1 0
135 1 0
135 1 690
135 1 914
135 1 306
135 1 589
135 1 0
135 1 0
135 1 0
135 1 0
136 1 0
136 1 277
136 1 256
136 1 739
136 1 0
136 1 0
136 1 0
136 1 0
137 1 0
137 1 377
137 1 978
137 1 0
137 1 0
137 1 0
137 1 0
138 1 0
138 1 449
138 1 893
138 1 747
138 1 597
138 1 517
138 1 286
138 1 486
138 1 915
138 1 0
138 1 0
138 1 0
138 1 0
139 2 0
139 2 588
139 2 201
139 2 506
139 2 0
140 1 0
140 1 5
140 1 325
140 1 0
140 1 0
140 1 372
140 1 0
140 1 0
140 1 0
141 2 0
141 2 243
141 2 684
141 2 884
141 2 0
141 2 0
141 2 745
141 2 0
141 2 0
141 2 0
142 2 0
142 2 184
142 2 194
142 2 924
142 2 549
142 2 0
142 2 0
142 2 0
142 2 556
142 2 0
143 1 0
143 1 643
143 1 0
143 1 0
143 1 176
143 1 618
143 1 0
143 1 0
143 1 0
143 1 0
144 2 0
144 2 569
144 2 165
144 2 87
144 2 55
144 2 0
144 2 0
145 2 0
145 2 137
145 2 131
145 2 674
145 2 333
145 2 267
145 2 0
145 2 0
146 2 0
146 2 155
146 2 552
146 2 252
146 2 882
146 2 0
146 2 0
147 1 0
147 1 788
147 1 770
147 1 197
147 1 0
147 1 0
147 1 0
147 1 451
147 1 241
147 1 0
147 1 0
148 2 0
148 2 368
148 2 174
148 2 132
148 2 769
148 2 533
148 2 963
148 2 0
148 2 0
148 2 0
148 2 0
149 2 0
149 2 120
149 2 21
149 2 851
149 2 931
149 2 358
149 2 696
149 2 0
149 2 0
149 2 0
149 2 0
150 2 0
150 2 482
150 2 379
150 2 768
150 2 159
150 2 671
150 2 667
150 2 242
150 2 0
150 2 0
150 2 0
150 2 0
151 1 0
151 1 210
151 1 117
151 1 378
151 1 599
151 1 879
151 1 836
151 1 0
151 1 0
152 1 0
152 1 704
152 1 737
152 1 0
152 1 0
153 2 0
153 2 195
153 2 0
154 2 0
154 2 959
154 2 639
154 2 0
155 1 0
155 1 297
155 1 795
155 1 65
155 1 0
155 1 0
156 1 0
156 1 61
156 1 946
156 1 631
156 1 528
156 1 361
156 1 353
156 1 0
156 1 0
156 1 0
156 1 0
157 2 0
157 2 152
157 2 892
157 2 0
157 2 0
158 1 0
158 1 103
158 1 261
158 1 244
158 1 567
158 1 443
158 1 0
158 1 0
158 1 0
158 1 146
158 1 0
158 1 0
159 2 0
159 2 100
159 2 347
159 2 878
159 2 206
159 2 519
159 2 121
159 2 896
159 2 3
159 2 585
159 2 0
159 2 0
160 2 0
160 2 299
160 2 169
160 2 76
160 2 0
160 2 0
161 2 0
161 2 129
161 2 227
161 2 821
161 2 343
161 2 0
161 2 0
161 2 0
161 2 130
161 2 0
162 2 0
162 2 623
162 2 422
162 2 302
162 2 687
162 2 363
162 2 375
162 2 138
162 2 0
162 2 0
162 2 0
162 2 0
163 1 0
163 1 901
163 1 452
163 1 285
163 1 350
163 1 0
163 1 0
163 1 0
163 1 0
164 2 0
164 2 711
164 2 344
164 2 0
164 2 0
164 2 0
165 1 0
165 1 483
165 1 258
165 1 405
165 1 390
165 1 0
165 1 0
165 1 0
165 1 75
165 1 0
165 1 0
166 2 0
166 2 115
166 2 926
166 2 62
166 2 239
166 2 537
166 2 337
166 2 0
166 2 0
166 2 0
166 2 0
167 2 0
167 2 215
167 2 444
167 2 147
167 2 26
167 2 278
167 2 427
167 2 0
167 2 0
167 2 0
167 2 0
168 1 0
168 1 52
168 1 575
168 1 933
168 1 0
168 1 0
168 1 0
168 1 713
168 1 431
168 1 0
168 1 0
169 2 0
169 2 228
169 2 952
169 2 439
169 2 0
169 2 0
169 2 0
169 2 0
170 1 0
170 1 403
170 1 312
170 1 614
170 1 833
170 1 300
170 1 0
170 1 0
170 1 0
170 1 0
171 2 0
171 2 20
171 2 143
171 2 388
171 2 766
171 2 0
171 2 0
171 2 0
171 2 43
171 2 0
172 2 0
172 2 203
172 2 234
172 2 968
172 2 583
172 2 658
172 2 48
172 2 110
172 2 0
172 2 0
172 2 0
172 2 0
173 1 0
173 1 225
173 1 775
173 1 0
173 1 0
173 1 0
173 1 864
173 1 620
173 1 0
173 1 0
174 1 0
174 1 111
174 1 0
174 1 0
174 1 0
174 1 280
174 1 594
174 1 0
174 1 0
174 1 0
174 1 0
175 1 0
175 1 16
175 1 637
175 1 0
175 1 0
175 1 0
175 1 209
175 1 0
175 1 0
175 1 0
175 1 0
176 2 0
176 2 70
176 2 67
176 2 540
176 2 935
176 2 762
176 2 192
176 2 0
176 2 0
176 2 0
176 2 0
177 1 0
177 1 592
177 1 0
177 1 0
177 1 0
177 1 139
177 1 547
177 1 231
177 1 0
177 1 0
178 1 0
178 1 355
178 1 736
178 1 702
178 1 0
178 1 0
178 1 0
178 1 0
179 2 0
179 2 1
179 2 886
179 2 804
179 2 0
179 2 0
179 2 0
179 2 260
179 2 0
179 2 0
180 2 0
180 2 487
180 2 500
180 2 987
180 2 421
180 2 0
180 2 0
180 2 0
180 2 822
180 2 0
180 2 0
180 2 0
180 2 0
181 2 0
181 2 262
181 2 780
181 2 50
181 2 572
181 2 527
181 2 235
181 2 889
181 2 0
181 2 0
181 2 0
181 2 0
182 1 0
182 1 729
182 1 424
182 1 0
182 1 0
182 1 0
182 1 219
182 1 371
182 1 0
182 1 0
183 1 0
183 1 213
183 1 469
183 1 315
183 1 0
183 1 0
183 1 0
183 1 0
184 2 0
184 2 787
184 2 774
184 2 77
184 2 888
184 2 0
184 2 0
184 2 0
184 2 0
185 1 0
185 1 551
185 1 957
185 1 869
185 1 12
185 1 0
185 1 0
186 2 0
186 2 688
186 2 179
186 2 958
186 2 39
186 2 0
186 2 0
186 2 0
186 2 395
186 2 0
186 2 0
187 2 0
187 2 584
187 2 0
187 2 0
188 2 0
188 2 185
188 2 985
188 2 51
188 2 359
188 2 0
188 2 0
188 2 0
188 2 0
189 2 0
189 2 731
189 2 708
189 2 274
189 2 0
189 2 0
190 2 0
190 2 956
190 2 474
190 2 19
190 2 521
190 2 0
190 2 0
191 2 0
191 2 270
191 2 96
191 2 0
191 2 0
192 1 0
192 1 108
192 1 0
193 1 0
193 1 89
193 1 0
194 1 0
194 1 33
194 1 0
195 2 0
195 2 29
195 2 0
196 1 0
196 1 13
196 1 0
196 1 0
197 2 0
197 2 2
197 2 0
