total cost: 347908
1 2 0
1 2 553
1 2 288
1 2 767
1 2 0
1 2 0
1 2 616
1 2 180
1 2 257
1 2 932
1 2 0
2 1 0
2 1 220
2 1 802
2 1 0
2 1 0
2 1 463
2 1 539
2 1 693
2 1 0
3 1 0
3 1 254
3 1 577
3 1 408
3 1 801
3 1 459
3 1 0
3 1 0
3 1 790
3 1 0
3 1 0
3 1 141
3 1 0
4 2 0
4 2 645
4 2 865
4 2 189
4 2 428
4 2 0
4 2 0
4 2 307
4 2 793
4 2 654
4 2 0
5 2 0
5 2 605
5 2 593
5 2 754
5 2 947
5 2 974
5 2 716
5 2 525
5 2 8
5 2 476
5 2 205
5 2 0
6 1 0
6 1 57
6 1 843
6 1 281
6 1 717
6 1 532
6 1 423
6 1 544
6 1 304
6 1 0
6 1 0
6 1 0
7 2 0
7 2 856
7 2 763
7 2 831
7 2 939
7 2 0
7 2 0
7 2 954
7 2 161
7 2 652
7 2 520
7 2 535
7 2 0
8 1 0
8 1 354
8 1 442
8 1 749
8 1 319
8 1 401
8 1 0
8 1 0
8 1 0
9 2 0
9 2 170
9 2 400
9 2 798
9 2 468
9 2 641
9 2 742
9 2 0
10 2 0
10 2 154
10 2 0
10 2 0
10 2 37
10 2 855
10 2 269
10 2 397
10 2 212
10 2 0
11 2 0
11 2 462
11 2 813
11 2 478
11 2 975
11 2 759
11 2 0
11 2 0
11 2 124
11 2 475
11 2 799
11 2 0
12 1 0
12 1 4
12 1 911
12 1 899
12 1 250
12 1 826
12 1 700
12 1 783
12 1 217
12 1 897
12 1 0
12 1 0
12 1 0
13 2 0
13 2 454
13 2 283
13 2 714
13 2 293
13 2 0
14 2 0
14 2 391
14 2 710
14 2 440
14 2 216
14 2 732
14 2 600
14 2 0
14 2 0
14 2 0
15 2 0
15 2 689
15 2 380
15 2 64
15 2 967
15 2 678
15 2 508
15 2 0
16 1 0
16 1 164
16 1 92
16 1 650
16 1 885
16 1 323
16 1 178
16 1 0
17 1 0
17 1 501
17 1 682
17 1 922
17 1 101
17 1 470
17 1 106
17 1 815
17 1 360
17 1 223
17 1 0
18 2 0
18 2 602
18 2 338
18 2 570
18 2 510
18 2 229
18 2 919
18 2 356
18 2 0
18 2 0
18 2 0
19 1 0
19 1 612
19 1 591
19 1 504
19 1 0
20 1 0
20 1 565
20 1 850
20 1 237
20 1 58
20 1 0
20 1 0
20 1 590
20 1 949
20 1 692
20 1 0
21 1 0
21 1 841
21 1 7
21 1 543
21 1 992
21 1 437
21 1 246
21 1 40
21 1 990
21 1 0
21 1 0
21 1 0
22 1 0
22 1 291
22 1 542
22 1 45
22 1 399
22 1 680
22 1 873
22 1 844
22 1 0
22 1 0
22 1 0
23 2 0
23 2 846
23 2 473
23 2 248
23 2 810
23 2 784
23 2 86
23 2 0
23 2 0
23 2 0
24 2 0
24 2 820
24 2 925
24 2 9
24 2 324
24 2 648
24 2 0
24 2 0
24 2 230
24 2 807
24 2 0
25 2 0
25 2 128
25 2 741
25 2 866
25 2 707
25 2 923
25 2 0
25 2 0
25 2 148
25 2 0
26 2 0
26 2 489
26 2 418
26 2 84
26 2 709
26 2 776
26 2 668
26 2 0
26 2 0
26 2 0
27 1 0
27 1 816
27 1 863
27 1 868
27 1 910
27 1 36
27 1 264
27 1 0
27 1 0
27 1 561
27 1 276
27 1 0
28 2 0
28 2 158
28 2 871
28 2 204
28 2 392
28 2 563
28 2 964
28 2 940
28 2 314
28 2 0
28 2 0
28 2 0
29 2 0
29 2 54
29 2 715
29 2 902
29 2 292
29 2 208
29 2 0
29 2 0
29 2 0
30 2 0
30 2 609
30 2 738
30 2 907
30 2 349
30 2 0
30 2 0
30 2 107
30 2 837
30 2 0
31 2 0
31 2 113
31 2 529
31 2 603
31 2 796
31 2 608
31 2 447
31 2 929
31 2 0
31 2 0
31 2 114
31 2 0
32 1 0
32 1 389
32 1 538
32 1 446
32 1 580
32 1 232
32 1 808
32 1 495
32 1 852
32 1 0
32 1 0
32 1 0
33 2 0
33 2 14
33 2 329
33 2 207
33 2 168
33 2 676
33 2 969
33 2 44
33 2 383
33 2 545
33 2 0
33 2 0
33 2 0
34 1 0
34 1 17
34 1 188
34 1 781
34 1 177
34 1 686
34 1 0
34 1 0
34 1 0
35 2 0
35 2 284
35 2 531
35 2 93
35 2 945
35 2 880
35 2 345
35 2 200
35 2 0
36 2 0
36 2 541
36 2 611
36 2 647
36 2 255
36 2 0
36 2 0
36 2 0
37 1 0
37 1 524
37 1 351
37 1 0
37 1 0
37 1 171
37 1 477
37 1 259
37 1 0
38 2 0
38 2 606
38 2 955
38 2 562
38 2 266
38 2 752
38 2 664
38 2 0
38 2 0
38 2 352
38 2 436
38 2 11
38 2 0
39 1 0
39 1 153
39 1 394
39 1 453
39 1 88
39 1 0
39 1 0
39 1 63
39 1 785
39 1 472
39 1 0
39 1 0
39 1 0
40 1 0
40 1 666
40 1 644
40 1 705
40 1 91
40 1 0
41 2 0
41 2 441
41 2 934
41 2 78
41 2 365
41 2 0
41 2 0
41 2 0
42 2 0
42 2 335
42 2 854
42 2 840
42 2 0
42 2 0
42 2 0
43 1 0
43 1 133
43 1 806
43 1 136
43 1 41
43 1 191
43 1 125
43 1 0
44 2 0
44 2 721
44 2 290
44 2 485
44 2 971
44 2 0
44 2 0
44 2 0
45 1 0
45 1 279
45 1 921
45 1 150
45 1 944
45 1 669
45 1 857
45 1 0
46 1 0
46 1 456
46 1 996
46 1 699
46 1 791
46 1 677
46 1 694
46 1 0
47 2 0
47 2 336
47 2 102
47 2 273
47 2 735
47 2 628
47 2 937
47 2 289
47 2 0
47 2 0
47 2 0
48 1 0
48 1 817
48 1 751
48 1 0
48 1 0
48 1 435
48 1 160
48 1 835
48 1 490
48 1 471
48 1 0
48 1 0
48 1 0
49 2 0
49 2 99
49 2 513
49 2 906
49 2 679
49 2 0
50 1 0
50 1 518
50 1 497
50 1 610
50 1 574
50 1 419
50 1 621
50 1 0
50 1 0
50 1 512
50 1 516
50 1 0
51 2 0
51 2 455
51 2 724
51 2 0
51 2 0
51 2 0
52 1 0
52 1 909
52 1 734
52 1 965
52 1 480
52 1 0
52 1 0
52 1 0
53 2 0
53 2 369
53 2 695
53 2 0
53 2 0
53 2 980
53 2 576
53 2 0
53 2 0
53 2 0
54 2 0
54 2 199
54 2 410
54 2 310
54 2 275
54 2 970
54 2 581
54 2 936
54 2 630
54 2 0
54 2 0
54 2 0
55 2 0
55 2 809
55 2 930
55 2 771
55 2 492
55 2 413
55 2 0
55 2 0
55 2 550
55 2 74
55 2 0
55 2 0
55 2 0
56 2 0
56 2 340
56 2 794
56 2 233
56 2 134
56 2 701
56 2 601
56 2 376
56 2 515
56 2 0
56 2 0
56 2 0
57 1 0
57 1 646
57 1 697
57 1 0
57 1 0
57 1 876
57 1 838
57 1 0
58 1 0
58 1 814
58 1 430
58 1 977
58 1 685
58 1 656
58 1 0
58 1 0
58 1 0
59 1 0
59 1 989
59 1 157
59 1 887
59 1 0
59 1 0
59 1 398
59 1 80
59 1 494
59 1 287
59 1 0
59 1 0
59 1 0
60 1 0
60 1 181
60 1 417
60 1 918
60 1 0
60 1 0
60 1 0
61 2 0
61 2 151
61 2 973
61 2 118
61 2 496
61 2 0
61 2 0
61 2 0
62 1 0
62 1 568
62 1 779
62 1 0
62 1 0
62 1 0
63 2 0
63 2 673
63 2 943
63 2 941
63 2 438
63 2 748
63 2 509
63 2 434
63 2 0
64 2 0
64 2 511
64 2 777
64 2 663
64 2 425
64 2 79
64 2 586
64 2 0
64 2 0
64 2 0
65 1 0
65 1 321
65 1 175
65 1 432
65 1 0
65 1 0
65 1 166
65 1 27
65 1 0
66 2 0
66 2 186
66 2 894
66 2 172
66 2 761
66 2 758
66 2 0
66 2 0
66 2 0
67 2 0
67 2 756
67 2 420
67 2 554
67 2 15
67 2 140
67 2 218
67 2 904
67 2 624
67 2 0
67 2 0
67 2 0
67 2 0
68 2 0
68 2 193
68 2 426
68 2 0
68 2 0
68 2 163
68 2 753
68 2 342
68 2 0
69 2 0
69 2 328
69 2 938
69 2 755
69 2 997
69 2 800
69 2 778
69 2 0
69 2 0
69 2 0
70 1 0
70 1 183
70 1 393
70 1 861
70 1 457
70 1 119
70 1 994
70 1 883
70 1 0
70 1 0
71 1 0
71 1 226
71 1 960
71 1 536
71 1 0
72 1 0
72 1 411
72 1 0
73 2 0
73 2 757
73 2 847
73 2 339
73 2 0
74 2 0
74 2 38
74 2 812
74 2 311
74 2 0
75 1 0
75 1 18
75 1 458
75 1 792
75 1 613
75 1 0
75 1 0
75 1 0
76 1 0
76 1 564
76 1 0
77 1 0
77 1 396
77 1 481
77 1 479
77 1 0
78 2 0
78 2 718
78 2 0
78 2 0
78 2 0
79 1 0
79 1 30
79 1 805
79 1 466
79 1 484
79 1 211
79 1 595
79 1 587
79 1 0
79 1 0
80 1 0
80 1 803
80 1 898
80 1 0
81 1 0
81 1 604
81 1 23
81 1 0
82 2 0
82 2 404
82 2 0
82 2 0
82 2 557
82 2 95
82 2 0
83 1 0
83 1 330
83 1 0
84 1 0
84 1 366
84 1 0
84 1 0
84 1 675
84 1 881
84 1 309
84 1 0
84 1 0
84 1 0
85 1 0
85 1 85
85 1 493
85 1 97
85 1 465
85 1 0
85 1 0
85 1 0
86 2 0
86 2 640
86 2 788
86 2 522
86 2 872
86 2 681
86 2 0
86 2 0
86 2 135
86 2 298
86 2 0
87 2 0
87 2 334
87 2 782
87 2 764
87 2 0
87 2 0
87 2 130
87 2 662
87 2 706
87 2 0
88 2 0
88 2 167
88 2 830
88 2 730
88 2 0
88 2 0
88 2 94
88 2 24
88 2 28
88 2 0
89 1 0
89 1 999
89 1 622
89 1 332
89 1 488
89 1 187
89 1 0
89 1 0
89 1 0
89 1 47
89 1 0
90 2 0
90 2 870
90 2 272
90 2 0
90 2 0
90 2 948
90 2 0
91 1 0
91 1 797
91 1 25
91 1 660
91 1 582
91 1 726
91 1 0
91 1 0
91 1 0
91 1 0
92 2 0
92 2 429
92 2 927
92 2 318
92 2 346
92 2 461
92 2 104
92 2 90
92 2 0
92 2 0
93 2 0
93 2 31
93 2 849
93 2 832
93 2 190
93 2 619
93 2 53
93 2 503
93 2 0
93 2 0
94 1 0
94 1 341
94 1 891
94 1 819
94 1 0
94 1 0
94 1 877
94 1 0
95 2 0
95 2 282
95 2 126
95 2 296
95 2 145
95 2 0
95 2 0
95 2 66
95 2 0
96 2 0
96 2 746
96 2 988
96 2 81
96 2 467
96 2 842
96 2 10
96 2 727
96 2 265
96 2 0
96 2 0
97 2 0
97 2 247
97 2 908
97 2 728
97 2 498
97 2 0
97 2 0
97 2 661
97 2 0
97 2 0
97 2 0
98 2 0
98 2 991
98 2 627
98 2 0
98 2 0
98 2 173
98 2 659
98 2 848
98 2 750
98 2 0
98 2 0
98 2 0
99 1 0
99 1 0
100 2 0
100 2 657
100 2 578
100 2 59
100 2 951
100 2 0
100 2 0
100 2 546
100 2 789
100 2 0
101 1 0
101 1 149
101 1 534
101 1 634
101 1 825
101 1 0
101 1 0
101 1 0
101 1 607
101 1 0
102 2 0
102 2 294
102 2 950
102 2 683
102 2 214
102 2 571
102 2 942
102 2 824
102 2 412
102 2 0
102 2 0
102 2 0
102 2 0
103 2 0
103 2 874
103 2 828
103 2 0
103 2 0
103 2 71
103 2 221
103 2 182
103 2 0
104 2 0
104 2 665
104 2 559
104 2 555
104 2 34
104 2 116
104 2 526
104 2 928
104 2 0
104 2 0
105 1 0
105 1 703
105 1 144
105 1 642
105 1 245
105 1 823
105 1 0
105 1 0
105 1 0
105 1 0
106 2 0
106 2 251
106 2 773
106 2 98
106 2 635
106 2 632
106 2 711
106 2 0
106 2 0
106 2 0
106 2 0
107 1 0
107 1 655
107 1 0
107 1 0
107 1 414
107 1 740
107 1 895
107 1 0
107 1 0
107 1 0
107 1 0
108 1 0
108 1 720
108 1 986
108 1 464
108 1 0
108 1 0
108 1 0
108 1 672
108 1 0
109 2 0
109 2 313
109 2 903
109 2 502
109 2 303
109 2 450
109 2 959
109 2 308
109 2 49
109 2 0
109 2 0
109 2 0
109 2 0
110 1 0
110 1 719
110 1 839
110 1 966
110 1 859
110 1 6
110 1 406
110 1 82
110 1 0
110 1 0
111 1 0
111 1 596
111 1 743
111 1 860
111 1 723
111 1 236
111 1 0
111 1 0
111 1 0
111 1 0
112 1 0
112 1 109
112 1 853
112 1 387
112 1 0
112 1 0
112 1 530
112 1 920
112 1 772
112 1 0
113 2 0
113 2 998
113 2 653
113 2 448
113 2 331
113 2 326
113 2 373
113 2 0
113 2 0
113 2 0
113 2 0
114 2 0
114 2 142
114 2 320
114 2 460
114 2 725
114 2 0
114 2 0
114 2 818
114 2 786
114 2 0
114 2 0
114 2 0
115 2 0
115 2 712
115 2 196
115 2 598
115 2 317
115 2 569
115 2 0
115 2 0
115 2 0
115 2 0
116 1 0
116 1 862
116 1 744
116 1 364
116 1 60
116 1 917
116 1 0
116 1 0
116 1 0
116 1 638
116 1 0
117 2 0
117 2 271
117 2 615
117 2 327
117 2 617
117 2 381
117 2 0
118 2 0
118 2 976
118 2 122
118 2 875
118 2 983
118 2 0
118 2 0
118 2 0
119 2 0
119 2 385
119 2 35
119 2 253
119 2 760
119 2 834
119 2 0
119 2 0
120 1 0
120 1 445
120 1 523
120 1 0
121 2 0
121 2 407
121 2 827
121 2 156
121 2 548
121 2 505
121 2 0
122 1 0
122 1 558
122 1 905
122 1 890
122 1 579
122 1 0
122 1 0
123 1 0
123 1 348
123 1 978
123 1 325
123 1 0
123 1 0
123 1 0
123 1 0
124 2 0
124 2 42
124 2 698
124 2 263
124 2 651
124 2 297
124 2 845
124 2 829
124 2 295
124 2 0
124 2 0
125 2 0
125 2 240
125 2 249
125 2 0
125 2 0
125 2 301
125 2 0
125 2 0
125 2 0
126 2 0
126 2 32
126 2 46
126 2 912
126 2 0
127 2 0
127 2 670
127 2 914
127 2 123
127 2 73
127 2 984
127 2 795
127 2 713
127 2 0
127 2 0
128 1 0
128 1 409
128 1 981
128 1 507
128 1 649
128 1 491
128 1 433
128 1 0
128 1 0
128 1 0
128 1 0
129 2 0
129 2 69
129 2 1000
129 2 913
129 2 87
129 2 0
129 2 0
129 2 0
130 2 0
130 2 384
130 2 238
130 2 416
130 2 900
130 2 299
130 2 882
130 2 0
130 2 0
130 2 0
130 2 0
131 1 0
131 1 127
131 1 0
132 2 0
132 2 573
132 2 924
132 2 626
132 2 0
132 2 0
132 2 0
133 2 0
133 2 514
133 2 916
133 2 162
133 2 691
133 2 962
133 2 633
133 2 858
133 2 0
133 2 0
134 2 0
134 2 402
134 2 636
134 2 733
134 2 415
134 2 201
134 2 83
134 2 0
134 2 0
134 2 0
134 2 0
135 1 0
135 1 995
135 1 0
136 2 0
136 2 811
136 2 556
136 2 499
136 2 0
137 1 0
137 1 588
137 1 993
137 1 506
137 1 0
137 1 0
138 2 0
138 2 722
138 2 625
138 2 198
138 2 210
138 2 667
138 2 242
138 2 0
138 2 0
138 2 0
138 2 0
139 2 0
139 2 765
139 2 68
139 2 0
140 2 0
140 2 982
140 2 953
140 2 357
140 2 306
140 2 0
140 2 0
140 2 0
140 2 305
140 2 0
141 2 0
141 2 374
141 2 770
141 2 316
141 2 972
141 2 867
141 2 0
141 2 0
141 2 0
141 2 222
141 2 0
141 2 0
141 2 0
142 2 0
142 2 22
142 2 884
142 2 618
142 2 0
142 2 0
142 2 382
142 2 146
142 2 0
143 1 0
143 1 277
143 1 690
143 1 56
143 1 739
143 1 787
143 1 0
143 1 0
143 1 0
143 1 0
144 2 0
144 2 367
144 2 0
144 2 0
144 2 0
145 2 0
145 2 566
145 2 0
145 2 0
145 2 202
145 2 372
145 2 252
145 2 0
146 2 0
146 2 449
146 2 893
146 2 747
146 2 597
146 2 517
146 2 286
146 2 486
146 2 915
146 2 241
146 2 55
146 2 0
146 2 0
146 2 0
146 2 0
147 1 0
147 1 377
147 1 267
147 1 0
147 1 0
147 1 0
147 1 0
148 1 0
148 1 243
148 1 684
148 1 0
148 1 0
148 1 0
148 1 5
148 1 0
149 1 0
149 1 370
149 1 244
149 1 946
149 1 528
149 1 361
149 1 0
149 1 0
149 1 0
149 1 0
150 2 0
150 2 184
150 2 194
150 2 0
150 2 0
150 2 745
150 2 0
150 2 0
150 2 165
150 2 0
151 2 0
151 2 224
151 2 129
151 2 227
151 2 117
151 2 623
151 2 599
151 2 0
151 2 0
151 2 0
151 2 0
152 2 0
152 2 643
152 2 403
152 2 21
152 2 0
152 2 0
152 2 0
152 2 112
152 2 386
152 2 0
153 1 0
153 1 137
153 1 131
153 1 674
153 1 0
153 1 451
153 1 378
153 1 585
153 1 0
153 1 0
154 2 0
154 2 176
154 2 197
154 2 139
154 2 892
154 2 138
154 2 375
154 2 0
154 2 0
155 1 0
155 1 268
155 1 687
155 1 363
155 1 0
155 1 0
155 1 0
155 1 0
156 2 0
156 2 368
156 2 174
156 2 132
156 2 769
156 2 533
156 2 963
156 2 0
156 2 0
156 2 0
156 2 0
157 1 0
157 1 120
157 1 931
157 1 347
157 1 878
157 1 452
157 1 0
157 1 0
157 1 0
157 1 0
158 2 0
158 2 482
158 2 379
158 2 768
158 2 159
158 2 671
158 2 105
158 2 629
158 2 961
158 2 0
158 2 0
159 1 0
159 1 155
159 1 333
159 1 552
159 1 864
159 1 879
159 1 0
159 1 0
159 1 0
159 1 0
160 1 0
160 1 704
160 1 737
160 1 0
160 1 0
161 1 0
161 1 72
161 1 901
161 1 206
161 1 519
161 1 836
161 1 0
161 1 0
161 1 0
161 1 0
162 2 0
162 2 362
162 2 639
162 2 0
163 2 0
163 2 61
163 2 631
163 2 16
163 2 388
163 2 702
163 2 774
163 2 889
163 2 0
163 2 0
163 2 0
163 2 0
164 1 0
164 1 322
164 1 979
164 1 0
164 1 0
164 1 0
164 1 0
165 1 0
165 1 103
165 1 261
165 1 567
165 1 353
165 1 0
165 1 0
165 1 0
165 1 76
165 1 0
165 1 0
166 2 0
166 2 100
166 2 225
166 2 926
166 2 696
166 2 121
166 2 896
166 2 0
166 2 0
166 2 0
166 2 0
167 2 0
167 2 256
167 2 215
167 2 444
167 2 147
167 2 589
167 2 278
167 2 0
167 2 0
167 2 0
167 2 0
168 1 0
168 1 209
168 1 96
168 1 75
168 1 0
168 1 0
169 1 0
169 1 549
169 1 358
169 1 3
169 1 547
169 1 0
169 1 0
169 1 0
169 1 0
170 2 0
170 2 443
170 2 350
170 2 0
170 2 0
170 2 0
170 2 0
171 2 0
171 2 560
171 2 344
171 2 65
171 2 235
171 2 0
171 2 0
172 2 0
172 2 483
172 2 343
172 2 575
172 2 0
172 2 0
172 2 0
172 2 195
172 2 439
172 2 822
172 2 0
172 2 0
172 2 0
172 2 0
173 1 0
173 1 115
173 1 851
173 1 614
173 1 833
173 1 537
173 1 0
173 1 0
173 1 0
173 1 0
174 1 0
174 1 52
174 1 1
174 1 933
174 1 0
174 1 0
174 1 0
174 1 169
174 1 0
174 1 0
175 2 0
175 2 228
175 2 427
175 2 315
175 2 572
175 2 888
175 2 395
175 2 0
175 2 0
176 2 0
176 2 20
176 2 39
176 2 985
176 2 51
176 2 19
176 2 527
176 2 0
176 2 0
176 2 0
176 2 0
177 2 0
177 2 203
177 2 405
177 2 390
177 2 239
177 2 62
177 2 337
177 2 0
177 2 0
177 2 0
177 2 0
178 2 0
178 2 285
178 2 594
178 2 0
178 2 0
178 2 0
178 2 0
179 2 0
179 2 821
179 2 258
179 2 968
179 2 583
179 2 0
179 2 0
179 2 0
179 2 43
179 2 0
180 1 0
180 1 111
180 1 0
180 1 0
180 1 0
180 1 952
180 1 0
180 1 0
180 1 0
180 1 0
181 2 0
181 2 422
181 2 302
181 2 658
181 2 300
181 2 48
181 2 110
181 2 0
181 2 0
181 2 0
181 2 0
182 1 0
182 1 312
182 1 70
182 1 620
182 1 231
182 1 0
182 1 0
182 1 0
182 1 0
183 2 0
183 2 592
183 2 804
183 2 0
183 2 0
183 2 0
183 2 260
183 2 0
183 2 0
184 1 0
184 1 355
184 1 766
184 1 637
184 1 0
184 1 0
184 1 0
184 1 0
185 1 0
185 1 262
185 1 500
185 1 762
185 1 0
185 1 0
185 1 0
185 1 0
186 1 0
186 1 234
186 1 956
186 1 775
186 1 0
186 1 0
186 1 0
186 1 219
186 1 0
186 1 0
187 1 0
187 1 487
187 1 886
187 1 736
187 1 213
187 1 0
187 1 0
187 1 0
187 1 29
187 1 0
188 1 0
188 1 729
188 1 987
188 1 0
188 1 0
188 1 0
188 1 551
188 1 371
188 1 0
188 1 0
189 1 0
189 1 521
189 1 584
189 1 0
189 1 0
190 1 0
190 1 688
190 1 67
190 1 540
190 1 935
190 1 0
190 1 431
190 1 0
190 1 0
190 1 0
190 1 0
191 1 0
191 1 143
191 1 958
191 1 179
191 1 0
191 1 280
191 1 0
191 1 0
192 2 0
192 2 185
192 2 780
192 2 424
192 2 421
192 2 192
192 2 469
192 2 0
192 2 0
192 2 0
192 2 0
193 1 0
193 1 26
193 1 50
193 1 359
193 1 0
193 1 0
193 1 0
193 1 0
194 2 0
194 2 77
194 2 957
194 2 869
194 2 708
194 2 0
194 2 0
195 1 0
195 1 474
195 1 0
195 1 0
195 1 0
195 1 731
195 1 274
195 1 0
195 1 0
196 2 0
196 2 270
196 2 12
196 2 0
196 2 0
197 1 0
197 1 152
197 1 0
197 1 0
198 2 0
198 2 108
198 2 0
199 1 0
199 1 89
199 1 0
200 1 0
200 1 33
200 1 0
201 1 0
201 1 13
201 1 0
201 1 0
202 1 0
202 1 2
202 1 0
