total cost: 342254
1 2 0
1 2 553
1 2 288
1 2 767
1 2 0
1 2 0
1 2 307
1 2 793
1 2 0
1 2 0
1 2 141
1 2 0
2 2 0
2 2 220
2 2 802
2 2 577
2 2 254
2 2 749
2 2 0
2 2 0
2 2 180
2 2 257
2 2 932
2 2 0
3 1 0
3 1 616
3 1 161
3 1 652
3 1 0
3 1 0
3 1 0
4 1 0
4 1 954
4 1 654
4 1 520
4 1 0
5 2 0
5 2 463
5 2 539
5 2 459
5 2 693
5 2 454
5 2 0
5 2 0
5 2 790
5 2 0
5 2 0
5 2 0
6 2 0
6 2 408
6 2 801
6 2 754
6 2 593
6 2 475
6 2 510
6 2 356
6 2 0
7 1 0
7 1 645
7 1 865
7 1 189
7 1 442
7 1 92
7 1 0
7 1 0
7 1 612
7 1 0
8 2 0
8 2 605
8 2 974
8 2 401
8 2 229
8 2 0
9 2 0
9 2 57
9 2 281
9 2 843
9 2 170
9 2 689
9 2 525
9 2 476
9 2 0
10 2 0
10 2 856
10 2 4
10 2 501
10 2 250
10 2 911
10 2 468
10 2 700
10 2 783
10 2 477
10 2 0
11 2 0
11 2 354
11 2 154
11 2 0
11 2 0
11 2 319
11 2 8
11 2 0
12 2 0
12 2 124
12 2 919
12 2 799
12 2 148
12 2 0
13 2 0
13 2 164
13 2 717
13 2 532
13 2 423
13 2 0
14 1 0
14 1 37
14 1 14
14 1 855
14 1 808
14 1 512
14 1 397
14 1 212
14 1 0
15 1 0
15 1 462
15 1 813
15 1 478
15 1 0
15 1 0
15 1 591
15 1 504
15 1 0
16 1 0
16 1 947
16 1 716
16 1 400
16 1 380
16 1 798
16 1 641
16 1 0
16 1 0
16 1 535
16 1 0
17 2 0
17 2 763
17 2 831
17 2 602
17 2 284
17 2 759
17 2 0
17 2 0
17 2 561
17 2 230
17 2 0
18 2 0
18 2 710
18 2 440
18 2 216
18 2 650
18 2 95
18 2 323
18 2 178
18 2 0
19 2 0
19 2 544
19 2 64
19 2 304
19 2 205
19 2 114
19 2 0
20 1 0
20 1 391
20 1 94
20 1 732
20 1 600
20 1 0
20 1 0
20 1 0
21 1 0
21 1 714
21 1 248
21 1 0
22 1 0
22 1 841
22 1 7
22 1 101
22 1 922
22 1 217
22 1 470
22 1 897
22 1 345
22 1 0
22 1 0
22 1 0
23 1 0
23 1 570
23 1 975
23 1 810
23 1 276
23 1 0
23 1 0
23 1 0
24 1 0
24 1 565
24 1 871
24 1 850
24 1 58
24 1 0
24 1 0
24 1 283
24 1 590
24 1 269
24 1 0
25 2 0
25 2 899
25 2 826
25 2 682
25 2 338
25 2 237
25 2 0
25 2 0
25 2 352
25 2 742
25 2 0
26 1 0
26 1 428
26 1 820
26 1 128
26 1 0
26 1 0
26 1 43
26 1 0
27 1 0
27 1 473
27 1 738
27 1 609
27 1 863
27 1 0
27 1 0
27 1 107
27 1 0
28 1 0
28 1 291
28 1 543
28 1 437
28 1 992
28 1 923
28 1 0
28 1 0
28 1 0
29 2 0
29 2 866
29 2 721
29 2 967
29 2 678
29 2 508
29 2 0
30 2 0
30 2 846
30 2 335
30 2 807
30 2 0
31 2 0
31 2 816
31 2 113
31 2 910
31 2 524
31 2 63
31 2 279
31 2 99
31 2 550
31 2 784
31 2 964
31 2 0
32 2 0
32 2 158
32 2 541
32 2 36
32 2 939
32 2 264
32 2 204
32 2 940
32 2 314
32 2 125
32 2 0
32 2 0
32 2 0
33 1 0
33 1 868
33 1 603
33 1 796
33 1 0
34 1 0
34 1 389
34 1 580
34 1 538
34 1 446
34 1 495
34 1 949
34 1 692
34 1 852
34 1 0
35 2 0
35 2 907
35 2 349
35 2 0
35 2 0
35 2 293
35 2 513
35 2 906
35 2 0
36 1 0
36 1 9
36 1 925
36 1 741
36 1 715
36 1 418
36 1 0
36 1 0
36 1 171
36 1 0
37 1 0
37 1 529
37 1 0
38 1 0
38 1 606
38 1 955
38 1 542
38 1 707
38 1 246
38 1 40
38 1 360
38 1 990
38 1 223
38 1 0
38 1 0
38 1 0
39 1 0
39 1 441
39 1 666
39 1 207
39 1 676
39 1 168
39 1 803
39 1 0
39 1 0
39 1 0
40 2 0
40 2 153
40 2 394
40 2 329
40 2 934
40 2 969
40 2 0
40 2 0
40 2 0
41 1 0
41 1 531
41 1 45
41 1 806
41 1 814
41 1 93
41 1 880
41 1 259
41 1 0
41 1 0
41 1 0
42 2 0
42 2 54
42 2 17
42 2 902
42 2 84
42 2 885
42 2 398
42 2 208
42 2 0
43 1 0
43 1 489
43 1 292
43 1 38
43 1 0
43 1 0
43 1 472
43 1 0
44 2 0
44 2 232
44 2 71
44 2 661
44 2 44
44 2 383
44 2 0
45 2 0
45 2 133
45 2 815
45 2 200
45 2 136
45 2 0
46 1 0
46 1 106
46 1 945
46 1 791
46 1 191
46 1 0
47 1 0
47 1 837
47 1 909
47 1 0
48 1 0
48 1 785
48 1 0
48 1 0
48 1 0
49 2 0
49 2 563
49 2 677
49 2 181
49 2 0
50 2 0
50 2 456
50 2 102
50 2 351
50 2 921
50 2 0
50 2 0
50 2 163
50 2 679
50 2 0
51 2 0
51 2 336
51 2 369
51 2 854
51 2 426
51 2 0
51 2 0
51 2 255
51 2 86
51 2 0
52 1 0
52 1 817
52 1 157
52 1 199
52 1 324
52 1 0
52 1 0
52 1 0
53 1 0
53 1 518
53 1 497
53 1 411
53 1 574
53 1 419
53 1 0
53 1 0
53 1 0
54 2 0
54 2 266
54 2 562
54 2 664
54 2 752
54 2 0
54 2 0
54 2 130
54 2 576
54 2 0
54 2 0
54 2 0
55 1 0
55 1 0
56 2 0
56 2 608
56 2 447
56 2 545
56 2 0
56 2 0
56 2 436
56 2 0
57 1 0
57 1 611
57 1 647
57 1 724
57 1 74
57 1 0
58 2 0
58 2 435
58 2 686
58 2 160
58 2 183
58 2 835
58 2 490
58 2 471
58 2 0
59 2 0
59 2 455
59 2 980
59 2 0
60 1 0
60 1 399
60 1 680
60 1 873
60 1 844
60 1 438
60 1 0
61 2 0
61 2 809
61 2 430
61 2 334
61 2 938
61 2 755
61 2 800
61 2 778
61 2 881
61 2 0
61 2 0
61 2 0
62 2 0
62 2 648
62 2 290
62 2 151
62 2 970
62 2 27
62 2 434
62 2 0
63 2 0
63 2 699
63 2 646
63 2 392
63 2 30
63 2 628
63 2 937
63 2 289
63 2 135
63 2 0
63 2 0
63 2 0
64 2 0
64 2 340
64 2 781
64 2 188
64 2 425
64 2 776
64 2 668
64 2 0
65 1 0
65 1 876
65 1 753
65 1 929
65 1 0
66 1 0
66 1 989
66 1 751
66 1 673
66 1 485
66 1 0
66 1 0
66 1 41
66 1 417
66 1 918
66 1 309
66 1 0
66 1 0
66 1 0
67 2 0
67 2 996
67 2 870
67 2 797
67 2 81
67 2 272
67 2 0
67 2 0
67 2 166
67 2 11
67 2 0
68 2 0
68 2 644
68 2 705
68 2 91
68 2 848
68 2 838
68 2 0
68 2 0
68 2 0
69 1 0
69 1 275
69 1 310
69 1 973
69 1 0
69 1 0
69 1 47
69 1 0
70 2 0
70 2 410
70 2 943
70 2 18
70 2 887
70 2 118
70 2 656
70 2 936
70 2 581
70 2 0
71 2 0
71 2 511
71 2 777
71 2 79
71 2 663
71 2 601
71 2 0
71 2 0
71 2 0
72 2 0
72 2 321
72 2 233
72 2 701
72 2 177
72 2 80
72 2 494
72 2 0
73 1 0
73 1 694
73 1 0
74 1 0
74 1 748
74 1 481
74 1 0
74 1 0
74 1 0
75 1 0
75 1 186
75 1 735
75 1 172
75 1 761
75 1 595
75 1 758
75 1 0
75 1 0
75 1 0
75 1 0
76 1 0
76 1 756
76 1 134
76 1 175
76 1 376
76 1 140
76 1 218
76 1 847
76 1 0
76 1 0
76 1 0
76 1 0
77 1 0
77 1 971
77 1 965
77 1 734
77 1 480
77 1 28
77 1 0
78 2 0
78 2 150
78 2 944
78 2 669
78 2 857
78 2 0
79 2 0
79 2 794
79 2 874
79 2 828
79 2 0
79 2 0
79 2 568
79 2 675
79 2 779
79 2 0
80 2 0
80 2 328
80 2 771
80 2 492
80 2 413
80 2 0
80 2 0
80 2 718
80 2 0
80 2 0
80 2 0
81 1 0
81 1 226
81 1 457
81 1 24
81 1 960
81 1 0
82 2 0
82 2 193
82 2 840
82 2 0
82 2 0
82 2 757
82 2 0
83 1 0
83 1 610
83 1 894
83 1 25
83 1 582
83 1 726
83 1 83
83 1 0
83 1 0
83 1 0
83 1 0
84 2 0
84 2 930
84 2 977
84 2 396
84 2 685
84 2 630
84 2 509
84 2 0
85 1 0
85 1 564
85 1 695
85 1 0
86 1 0
86 1 941
86 1 891
86 1 341
86 1 571
86 1 672
86 1 0
86 1 0
86 1 0
87 1 0
87 1 273
87 1 746
87 1 660
87 1 558
87 1 983
87 1 706
87 1 0
87 1 0
88 1 0
88 1 709
88 1 557
88 1 0
89 2 0
89 2 604
89 2 23
89 2 0
90 2 0
90 2 404
90 2 247
90 2 190
90 2 832
90 2 0
90 2 0
90 2 330
90 2 0
91 2 0
91 2 861
91 2 393
91 2 536
91 2 0
92 2 0
92 2 366
92 2 493
92 2 97
92 2 465
92 2 842
92 2 0
92 2 0
92 2 0
93 1 0
93 1 697
93 1 85
93 1 877
93 1 298
93 1 0
94 2 0
94 2 640
94 2 420
94 2 665
94 2 554
94 2 624
94 2 515
94 2 812
94 2 287
94 2 0
94 2 0
94 2 0
94 2 0
95 1 0
95 1 167
95 1 782
95 1 997
95 1 10
95 1 727
95 1 0
95 1 0
95 1 0
96 1 0
96 1 479
96 1 0
97 1 0
97 1 59
97 1 0
98 2 0
98 2 586
98 2 904
98 2 311
98 2 0
99 2 0
99 2 999
99 2 719
99 2 622
99 2 573
99 2 883
99 2 942
99 2 994
99 2 119
99 2 0
100 1 0
100 1 429
100 1 805
100 1 466
100 1 587
100 1 0
101 2 0
101 2 282
101 2 819
101 2 730
101 2 0
101 2 0
101 2 948
101 2 211
101 2 0
102 2 0
102 2 31
102 2 849
102 2 385
102 2 976
102 2 875
102 2 122
102 2 905
102 2 890
102 2 845
102 2 295
102 2 0
102 2 0
103 1 0
103 1 484
103 1 0
104 1 0
104 1 516
104 1 66
104 1 0
105 2 0
105 2 764
105 2 294
105 2 683
105 2 0
105 2 0
105 2 662
105 2 619
105 2 895
105 2 0
106 2 0
106 2 621
106 2 951
106 2 659
106 2 0
106 2 0
106 2 0
107 2 0
107 2 453
107 2 88
107 2 991
107 2 578
107 2 627
107 2 0
107 2 0
107 2 33
107 2 0
108 1 0
108 1 655
108 1 712
108 1 0
108 1 0
108 1 365
108 1 750
108 1 342
108 1 0
109 1 0
109 1 458
109 1 534
109 1 792
109 1 332
109 1 613
109 1 0
109 1 0
109 1 0
109 1 0
110 2 0
110 2 657
110 2 703
110 2 407
110 2 173
110 2 898
110 2 607
110 2 0
110 2 0
110 2 0
111 2 0
111 2 830
111 2 596
111 2 364
111 2 467
111 2 346
111 2 0
111 2 0
111 2 0
112 2 0
112 2 149
112 2 142
112 2 634
112 2 825
112 2 387
112 2 0
112 2 0
112 2 496
112 2 265
112 2 824
112 2 0
112 2 0
112 2 0
113 2 0
113 2 126
113 2 296
113 2 145
113 2 32
113 2 0
113 2 0
113 2 546
113 2 789
113 2 0
114 1 0
114 1 642
114 1 908
114 1 144
114 1 245
114 1 414
114 1 53
114 1 503
114 1 0
114 1 0
115 2 0
115 2 78
115 2 221
115 2 505
115 2 0
116 2 0
116 2 530
116 2 920
116 2 638
116 2 772
116 2 0
117 1 0
117 1 445
117 1 34
117 1 432
117 1 0
118 1 0
118 1 214
118 1 406
118 1 82
118 1 0
119 2 0
119 2 251
119 2 927
119 2 318
119 2 0
120 1 0
120 1 950
120 1 720
120 1 0
121 2 0
121 2 313
121 2 903
121 2 988
121 2 0
121 2 0
121 2 367
121 2 301
121 2 0
122 1 0
122 1 109
122 1 853
122 1 566
122 1 0
122 1 0
122 1 182
122 1 112
122 1 0
122 1 0
123 1 0
123 1 998
123 1 559
123 1 555
123 1 339
123 1 526
123 1 928
123 1 0
123 1 0
124 1 0
124 1 271
124 1 827
124 1 156
124 1 728
124 1 0
124 1 0
124 1 0
124 1 0
125 1 0
125 1 862
125 1 744
125 1 60
125 1 238
125 1 210
125 1 433
125 1 0
125 1 0
125 1 0
125 1 0
126 1 0
126 1 502
126 1 986
126 1 98
126 1 0
126 1 0
126 1 0
126 1 818
126 1 222
126 1 0
126 1 0
126 1 0
127 1 0
127 1 523
127 1 348
127 1 1000
127 1 69
127 1 165
127 1 0
127 1 0
127 1 0
127 1 0
128 1 0
128 1 42
128 1 615
128 1 327
128 1 617
128 1 381
128 1 0
128 1 0
129 1 0
129 1 488
129 1 320
129 1 187
129 1 725
129 1 0
129 1 0
130 1 0
130 1 240
130 1 249
130 1 0
130 1 0
130 1 0
130 1 811
130 1 317
130 1 0
130 1 0
130 1 0
131 2 0
131 2 653
131 2 448
131 2 196
131 2 872
131 2 377
131 2 0
131 2 0
131 2 740
131 2 0
132 2 0
132 2 670
132 2 698
132 2 35
132 2 253
132 2 760
132 2 651
132 2 0
132 2 0
133 2 0
133 2 409
133 2 743
133 2 860
133 2 236
133 2 104
133 2 46
133 2 461
133 2 90
133 2 0
133 2 0
134 1 0
134 1 823
134 1 498
134 1 548
134 1 0
135 2 0
135 2 384
135 2 382
135 2 0
136 1 0
136 1 15
136 1 116
136 1 152
136 1 0
136 1 0
136 1 0
136 1 0
137 2 0
137 2 127
137 2 626
137 2 0
137 2 0
137 2 0
138 1 0
138 1 514
138 1 690
138 1 123
138 1 834
138 1 0
138 1 0
139 2 0
139 2 402
139 2 733
139 2 636
139 2 0
139 2 0
139 2 995
139 2 786
139 2 0
139 2 0
139 2 0
140 1 0
140 1 917
140 1 839
140 1 6
140 1 912
140 1 0
140 1 0
141 2 0
141 2 588
141 2 201
141 2 415
141 2 0
142 2 0
142 2 412
142 2 372
142 2 0
143 2 0
143 2 681
143 2 598
143 2 326
143 2 331
143 2 373
143 2 0
143 2 0
143 2 0
144 2 0
144 2 722
144 2 981
144 2 723
144 2 362
144 2 0
145 2 0
145 2 765
145 2 68
145 2 0
146 1 0
146 1 982
146 1 368
146 1 914
146 1 73
146 1 263
146 1 0
146 1 0
146 1 0
146 1 305
146 1 0
147 1 0
147 1 374
147 1 788
147 1 522
147 1 0
147 1 0
147 1 0
147 1 202
147 1 0
148 1 0
148 1 773
148 1 635
148 1 464
148 1 632
148 1 0
148 1 0
148 1 0
148 1 0
149 2 0
149 2 277
149 2 916
149 2 56
149 2 162
149 2 633
149 2 984
149 2 579
149 2 829
149 2 0
149 2 0
150 1 0
150 1 22
150 1 316
150 1 978
150 1 972
150 1 0
150 1 0
150 1 0
150 1 0
151 1 0
151 1 913
151 1 0
151 1 0
151 1 0
152 1 0
152 1 449
152 1 460
152 1 0
152 1 0
152 1 195
152 1 993
152 1 506
152 1 0
152 1 0
153 1 0
153 1 450
153 1 303
153 1 959
153 1 308
153 1 49
153 1 704
153 1 386
153 1 0
153 1 0
154 2 0
154 2 357
154 2 713
154 2 795
154 2 0
154 2 0
155 1 0
155 1 243
155 1 884
155 1 867
155 1 0
155 1 0
155 1 0
155 1 5
155 1 569
155 1 0
156 1 0
156 1 625
156 1 224
156 1 198
156 1 966
156 1 859
156 1 882
156 1 299
156 1 0
156 1 0
156 1 0
156 1 0
157 1 0
157 1 370
157 1 244
157 1 567
157 1 528
157 1 361
157 1 0
157 1 0
157 1 0
157 1 0
158 1 0
158 1 0
159 2 0
159 2 745
159 2 0
159 2 0
159 2 556
159 2 499
159 2 0
160 2 0
160 2 184
160 2 893
160 2 747
160 2 674
160 2 517
160 2 0
160 2 0
160 2 0
160 2 87
160 2 0
161 1 0
161 1 643
161 1 0
161 1 0
161 1 325
161 1 267
161 1 0
161 1 0
161 1 0
161 1 0
162 2 0
162 2 137
162 2 131
162 2 176
162 2 618
162 2 0
162 2 0
162 2 0
162 2 0
163 2 0
163 2 451
163 2 252
163 2 915
163 2 0
164 2 0
164 2 155
164 2 333
164 2 552
164 2 241
164 2 0
164 2 0
165 2 0
165 2 924
165 2 597
165 2 549
165 2 197
165 2 286
165 2 55
165 2 0
165 2 0
166 1 0
166 1 268
166 1 486
166 1 599
166 1 0
166 1 0
166 1 0
166 1 0
167 1 0
167 1 684
167 1 194
167 1 623
167 1 117
167 1 878
167 1 0
167 1 0
167 1 0
167 1 0
168 1 0
168 1 416
168 1 507
168 1 900
168 1 649
168 1 491
168 1 242
168 1 146
168 1 0
168 1 0
169 2 0
169 2 120
169 2 21
169 2 851
169 2 931
169 2 358
169 2 696
169 2 519
169 2 0
169 2 0
169 2 0
169 2 0
170 2 0
170 2 482
170 2 379
170 2 159
170 2 671
170 2 105
170 2 961
170 2 629
170 2 0
170 2 0
171 2 0
171 2 72
171 2 901
171 2 667
171 2 96
171 2 76
171 2 75
171 2 0
171 2 0
172 2 0
172 2 297
172 2 0
173 1 0
173 1 737
173 1 639
173 1 0
173 1 0
174 1 0
174 1 322
174 1 979
174 1 0
174 1 0
175 1 0
175 1 61
175 1 946
175 1 631
175 1 353
175 1 443
175 1 427
175 1 0
175 1 0
175 1 0
175 1 0
176 1 0
176 1 103
176 1 215
176 1 256
176 1 962
176 1 858
176 1 0
176 1 0
176 1 0
176 1 0
177 2 0
177 2 100
177 2 378
177 2 280
177 2 169
177 2 0
177 2 0
178 1 0
178 1 770
178 1 422
178 1 0
178 1 0
178 1 0
178 1 209
178 1 0
178 1 0
179 1 0
179 1 129
179 1 227
179 1 347
179 1 225
179 1 879
179 1 0
179 1 0
179 1 0
179 1 0
180 2 0
180 2 953
180 2 691
180 2 174
180 2 306
180 2 589
180 2 278
180 2 787
180 2 0
180 2 0
180 2 0
180 2 0
181 2 0
181 2 711
181 2 560
181 2 0
182 2 0
182 2 483
182 2 343
182 2 452
182 2 206
182 2 585
182 2 836
182 2 3
182 2 547
182 2 0
182 2 0
183 2 0
183 2 52
183 2 768
183 2 533
183 2 963
183 2 739
183 2 65
183 2 431
183 2 0
183 2 0
184 2 0
184 2 115
184 2 821
184 2 258
184 2 926
184 2 0
184 2 0
184 2 0
184 2 0
185 2 0
185 2 344
185 2 0
186 1 0
186 1 228
186 1 350
186 1 0
186 1 0
186 1 0
186 1 0
187 1 0
187 1 952
187 1 0
187 1 0
188 1 0
188 1 403
188 1 312
188 1 687
188 1 139
188 1 892
188 1 138
188 1 0
188 1 0
188 1 0
188 1 0
189 1 0
189 1 20
189 1 132
189 1 769
189 1 0
189 1 0
189 1 0
189 1 108
189 1 0
190 1 0
190 1 203
190 1 363
190 1 614
190 1 833
190 1 300
190 1 0
190 1 0
190 1 0
190 1 0
191 2 0
191 2 261
191 2 388
191 2 736
191 2 766
191 2 637
191 2 0
191 2 0
191 2 0
191 2 0
192 2 0
192 2 285
192 2 121
192 2 896
192 2 231
192 2 0
192 2 0
193 1 0
193 1 111
193 1 487
193 1 933
193 1 0
193 1 0
193 1 0
193 1 864
193 1 375
193 1 0
193 1 0
194 2 0
194 2 16
194 2 702
194 2 774
194 2 315
194 2 888
194 2 0
194 2 0
195 1 0
195 1 592
195 1 575
195 1 0
195 1 0
195 1 0
195 1 89
195 1 439
195 1 0
195 1 0
195 1 0
195 1 0
196 2 0
196 2 70
196 2 302
196 2 48
196 2 658
196 2 537
196 2 731
196 2 620
196 2 0
196 2 0
197 1 0
197 1 355
197 1 444
197 1 147
197 1 26
197 1 0
197 1 0
197 1 0
197 1 0
198 2 0
198 2 262
198 2 0
198 2 0
198 2 0
198 2 260
198 2 110
198 2 0
198 2 0
199 1 0
199 1 1
199 1 0
199 1 0
199 1 0
199 1 219
199 1 0
199 1 0
200 2 0
200 2 804
200 2 886
200 2 500
200 2 0
200 2 0
200 2 0
200 2 594
200 2 551
200 2 395
200 2 0
200 2 0
201 2 0
201 2 234
201 2 405
201 2 239
201 2 390
201 2 0
201 2 0
201 2 0
201 2 822
201 2 0
201 2 0
201 2 0
201 2 0
202 2 0
202 2 62
202 2 968
202 2 729
202 2 337
202 2 935
202 2 0
202 2 0
202 2 0
202 2 0
203 1 0
203 1 213
203 1 775
203 1 0
203 1 0
203 1 0
203 1 29
203 1 0
204 1 0
204 1 688
204 1 67
204 1 540
204 1 583
204 1 0
204 1 0
204 1 0
204 1 0
205 1 0
205 1 143
205 1 889
205 1 0
205 1 0
205 1 0
205 1 0
206 2 0
206 2 584
206 2 371
206 2 0
206 2 0
207 2 0
207 2 192
207 2 762
207 2 469
207 2 527
207 2 572
207 2 235
207 2 0
207 2 0
207 2 0
207 2 0
208 1 0
208 1 424
208 1 0
208 1 0
208 1 0
208 1 521
208 1 0
208 1 0
209 1 0
209 1 185
209 1 958
209 1 987
209 1 0
209 1 0
209 1 0
209 1 2
209 1 0
210 1 0
210 1 956
210 1 179
210 1 985
210 1 0
210 1 0
210 1 0
210 1 0
211 2 0
211 2 780
211 2 421
211 2 51
211 2 957
211 2 869
211 2 274
211 2 0
211 2 0
211 2 0
211 2 0
212 1 0
212 1 50
212 1 39
212 1 359
212 1 0
212 1 0
212 1 0
212 1 0
213 1 0
213 1 474
213 1 0
213 1 0
213 1 0
213 1 77
213 1 708
213 1 0
213 1 0
214 1 0
214 1 19
214 1 270
214 1 0
214 1 0
215 1 0
215 1 13
215 1 12
215 1 0
215 1 0
