total cost: 344028
1 2 0
1 2 553
1 2 288
1 2 767
1 2 0
1 2 0
1 2 616
1 2 180
1 2 257
1 2 932
1 2 0
2 2 0
2 2 220
2 2 802
2 2 577
2 2 408
2 2 801
2 2 0
2 2 0
2 2 307
2 2 790
2 2 0
2 2 0
2 2 141
2 2 0
3 2 0
3 2 539
3 2 462
3 2 813
3 2 693
3 2 754
3 2 974
3 2 716
3 2 525
3 2 0
3 2 0
3 2 0
4 2 0
4 2 645
4 2 865
4 2 189
4 2 428
4 2 0
4 2 0
4 2 793
4 2 654
4 2 652
4 2 504
4 2 0
5 2 0
5 2 605
5 2 856
5 2 593
5 2 602
5 2 284
5 2 759
5 2 0
5 2 0
5 2 612
5 2 520
5 2 0
6 2 0
6 2 463
6 2 354
6 2 442
6 2 710
6 2 717
6 2 94
6 2 732
6 2 600
6 2 0
6 2 0
6 2 0
7 2 0
7 2 254
7 2 57
7 2 843
7 2 423
7 2 798
7 2 468
7 2 380
7 2 205
7 2 114
7 2 0
8 1 0
8 1 281
8 1 532
8 1 489
8 1 440
8 1 391
8 1 304
8 1 476
8 1 0
8 1 0
8 1 0
9 2 0
9 2 954
9 2 154
9 2 37
9 2 283
9 2 919
9 2 475
9 2 0
9 2 0
9 2 0
10 2 0
10 2 170
10 2 400
10 2 689
10 2 749
10 2 8
10 2 535
10 2 401
10 2 0
11 2 0
11 2 459
11 2 454
11 2 124
11 2 229
11 2 510
11 2 356
11 2 0
12 2 0
12 2 4
12 2 911
12 2 899
12 2 831
12 2 338
12 2 975
12 2 570
12 2 810
12 2 276
12 2 0
12 2 0
12 2 0
13 1 0
13 1 947
13 1 250
13 1 237
13 1 58
13 1 0
13 1 0
13 1 319
13 1 561
13 1 799
13 1 0
14 2 0
14 2 763
14 2 826
14 2 922
14 2 101
14 2 543
14 2 437
14 2 992
14 2 923
14 2 0
14 2 0
14 2 0
15 2 0
15 2 501
15 2 850
15 2 871
15 2 36
15 2 264
15 2 63
15 2 99
15 2 807
15 2 293
15 2 0
15 2 0
15 2 0
16 2 0
16 2 478
16 2 816
16 2 863
16 2 609
16 2 0
16 2 0
16 2 544
16 2 641
16 2 477
16 2 0
17 2 0
17 2 164
17 2 92
17 2 216
17 2 161
17 2 650
17 2 0
18 2 0
18 2 565
18 2 473
18 2 868
18 2 910
18 2 524
18 2 279
18 2 921
18 2 876
18 2 753
18 2 0
18 2 0
18 2 0
19 2 0
19 2 841
19 2 7
19 2 133
19 2 707
19 2 246
19 2 40
19 2 990
19 2 844
19 2 223
19 2 0
20 2 0
20 2 682
20 2 531
20 2 806
20 2 814
20 2 93
20 2 945
20 2 880
20 2 345
20 2 0
21 2 0
21 2 291
21 2 542
21 2 266
21 2 399
21 2 680
21 2 873
21 2 897
21 2 815
21 2 360
21 2 0
22 2 0
22 2 846
22 2 335
22 2 608
22 2 0
22 2 0
22 2 742
22 2 0
23 2 0
23 2 820
23 2 925
23 2 9
23 2 324
23 2 648
23 2 0
23 2 0
23 2 591
23 2 0
24 2 0
24 2 866
24 2 741
24 2 418
24 2 84
24 2 709
24 2 323
24 2 208
24 2 0
24 2 0
24 2 0
25 2 0
25 2 128
25 2 715
25 2 54
25 2 107
25 2 721
25 2 664
25 2 0
25 2 0
25 2 590
25 2 0
26 2 0
26 2 158
26 2 541
26 2 939
26 2 204
26 2 563
26 2 964
26 2 940
26 2 314
26 2 784
26 2 0
26 2 0
26 2 0
27 2 0
27 2 389
27 2 580
27 2 538
27 2 446
27 2 232
27 2 855
27 2 808
27 2 512
27 2 397
27 2 692
27 2 0
27 2 0
27 2 0
28 2 0
28 2 113
28 2 456
28 2 102
28 2 351
28 2 785
28 2 0
28 2 0
28 2 230
28 2 0
29 1 0
29 1 738
29 1 796
29 1 644
29 1 447
29 1 0
29 1 0
29 1 714
29 1 949
29 1 852
29 1 0
30 1 0
30 1 14
30 1 666
30 1 207
30 1 168
30 1 71
30 1 44
30 1 383
30 1 545
30 1 0
30 1 0
30 1 0
30 1 0
31 2 0
31 2 907
31 2 349
31 2 969
31 2 803
31 2 0
31 2 0
31 2 0
32 1 0
32 1 17
32 1 902
32 1 425
32 1 0
32 1 0
32 1 171
32 1 0
33 1 0
33 1 529
33 1 603
33 1 934
33 1 676
33 1 513
33 1 472
33 1 906
33 1 0
33 1 0
33 1 0
34 1 0
34 1 700
34 1 217
34 1 783
34 1 470
34 1 508
34 1 967
34 1 436
34 1 0
34 1 0
34 1 0
35 1 0
35 1 606
35 1 955
35 1 809
35 1 45
35 1 430
35 1 977
35 1 396
35 1 581
35 1 936
35 1 630
35 1 1044
35 1 0
35 1 1044
35 1 0
36 2 0
36 2 441
36 2 329
36 2 88
36 2 365
36 2 0
36 2 0
36 2 678
36 2 200
36 2 0
37 2 0
37 2 153
37 2 394
37 2 453
37 2 578
37 2 0
37 2 0
37 2 495
37 2 661
37 2 516
37 2 0
38 2 0
38 2 106
38 2 64
38 2 752
38 2 970
38 2 0
38 2 0
38 2 0
39 2 0
39 2 837
39 2 909
39 2 971
39 2 965
39 2 0
40 2 0
40 2 791
40 2 677
40 2 259
40 2 191
40 2 125
40 2 0
41 2 0
41 2 550
41 2 86
41 2 74
41 2 0
42 2 0
42 2 255
42 2 647
42 2 611
42 2 724
42 2 0
42 2 0
42 2 212
42 2 0
43 2 0
43 2 336
43 2 369
43 2 426
43 2 0
43 2 0
43 2 679
43 2 576
43 2 0
43 2 0
43 2 0
44 2 0
44 2 817
44 2 751
44 2 157
44 2 199
44 2 485
44 2 0
44 2 0
44 2 269
44 2 0
45 2 0
45 2 518
45 2 497
45 2 610
45 2 894
45 2 25
45 2 726
45 2 758
45 2 0
45 2 0
45 2 148
45 2 0
46 2 0
46 2 562
46 2 410
46 2 943
46 2 310
46 2 275
46 2 973
46 2 0
46 2 0
46 2 95
46 2 178
46 2 0
47 2 0
47 2 435
47 2 686
47 2 160
47 2 0
47 2 0
47 2 0
48 2 0
48 2 455
48 2 980
48 2 289
48 2 675
48 2 0
49 2 0
49 2 292
49 2 586
49 2 79
49 2 38
49 2 885
49 2 776
49 2 0
49 2 0
49 2 0
50 2 0
50 2 699
50 2 996
50 2 870
50 2 272
50 2 0
50 2 0
50 2 41
50 2 417
50 2 918
50 2 309
50 2 0
51 2 0
51 2 340
51 2 781
51 2 188
51 2 663
51 2 376
51 2 601
51 2 140
51 2 515
51 2 0
51 2 0
51 2 0
52 2 0
52 2 646
52 2 334
52 2 938
52 2 755
52 2 997
52 2 0
52 2 0
52 2 398
52 2 80
52 2 494
52 2 0
53 2 0
53 2 392
53 2 366
53 2 81
53 2 628
53 2 937
53 2 761
53 2 595
53 2 0
53 2 0
53 2 0
54 2 0
54 2 989
54 2 233
54 2 134
54 2 175
54 2 177
54 2 701
54 2 0
54 2 0
54 2 166
54 2 434
54 2 0
55 2 0
55 2 290
55 2 226
55 2 151
55 2 118
55 2 0
55 2 0
55 2 0
56 2 0
56 2 181
56 2 136
56 2 779
56 2 0
57 2 0
57 2 568
57 2 211
57 2 0
58 2 0
58 2 673
58 2 887
58 2 891
58 2 685
58 2 656
58 2 672
58 2 0
58 2 0
58 2 0
59 1 0
59 1 511
59 1 777
59 1 904
59 1 0
59 1 0
59 1 0
60 2 0
60 2 321
60 2 655
60 2 0
60 2 0
60 2 694
60 2 438
60 2 0
61 2 0
61 2 835
61 2 490
61 2 471
61 2 847
61 2 0
62 2 0
62 2 352
62 2 27
62 2 480
62 2 0
63 2 0
63 2 748
63 2 509
63 2 0
64 1 0
64 1 186
64 1 735
64 1 172
64 1 948
64 1 135
64 1 0
65 1 0
65 1 756
65 1 794
65 1 458
65 1 393
65 1 861
65 1 183
65 1 1003
65 1 0
65 1 1003
65 1 287
65 1 0
65 1 0
65 1 0
66 1 0
66 1 150
66 1 419
66 1 621
66 1 0
66 1 0
66 1 47
66 1 0
67 2 0
67 2 854
67 2 59
67 2 840
67 2 0
67 2 0
67 2 248
67 2 0
67 2 0
67 2 0
68 2 0
68 2 328
68 2 771
68 2 492
68 2 413
68 2 683
68 2 0
68 2 0
68 2 11
68 2 0
69 2 0
69 2 411
69 2 574
69 2 190
69 2 832
69 2 122
69 2 875
69 2 983
69 2 706
69 2 0
69 2 0
70 2 0
70 2 193
70 2 173
70 2 659
70 2 848
70 2 838
70 2 750
70 2 0
70 2 0
70 2 0
71 2 0
71 2 930
71 2 941
71 2 341
71 2 571
71 2 942
71 2 0
71 2 0
71 2 0
72 1 0
72 1 18
72 1 332
72 1 792
72 1 613
72 1 0
72 1 0
72 1 734
72 1 119
72 1 28
72 1 0
73 2 0
73 2 564
73 2 695
73 2 657
73 2 0
73 2 0
73 2 960
73 2 536
73 2 24
73 2 0
74 2 0
74 2 273
74 2 805
74 2 927
74 2 466
74 2 877
74 2 881
74 2 298
74 2 0
75 2 0
75 2 30
75 2 660
75 2 582
75 2 558
75 2 506
75 2 83
75 2 415
75 2 0
75 2 0
76 2 0
76 2 757
76 2 812
76 2 624
76 2 0
77 2 0
77 2 404
77 2 247
77 2 908
77 2 0
77 2 0
77 2 718
77 2 0
77 2 0
77 2 0
78 2 0
78 2 604
78 2 929
78 2 342
78 2 607
78 2 0
79 1 0
79 1 697
79 1 797
79 1 429
79 1 484
79 1 85
79 1 800
79 1 778
79 1 842
79 1 1060
79 1 0
80 2 0
80 2 557
80 2 668
80 2 311
80 2 0
81 2 0
81 2 640
81 2 559
81 2 712
81 2 653
81 2 448
81 2 331
81 2 0
81 2 0
81 2 0
81 2 0
82 2 0
82 2 167
82 2 782
82 2 764
82 2 730
82 2 0
82 2 0
82 2 705
82 2 91
82 2 23
82 2 0
83 2 0
83 2 457
83 2 496
83 2 883
83 2 265
83 2 0
83 2 0
83 2 0
84 2 0
84 2 999
84 2 622
84 2 719
84 2 839
84 2 573
84 2 187
84 2 626
84 2 0
84 2 0
84 2 0
84 2 0
85 2 0
85 2 944
85 2 669
85 2 857
85 2 619
85 2 0
86 2 0
86 2 282
86 2 819
86 2 296
86 2 0
86 2 0
86 2 481
86 2 727
86 2 0
86 2 0
86 2 0
87 2 0
87 2 31
87 2 849
87 2 402
87 2 636
87 2 993
87 2 0
87 2 0
87 2 0
88 1 0
88 1 662
88 1 588
88 1 201
88 1 0
88 1 0
88 1 0
88 1 0
89 1 0
89 1 746
89 1 988
89 1 318
89 1 0
89 1 0
89 1 479
89 1 994
89 1 824
89 1 0
90 2 0
90 2 874
90 2 828
90 2 555
90 2 0
90 2 0
90 2 330
90 2 0
91 2 0
91 2 991
91 2 627
91 2 703
91 2 144
91 2 951
91 2 0
91 2 0
91 2 0
92 2 0
92 2 420
92 2 554
92 2 522
92 2 872
92 2 373
92 2 772
92 2 0
92 2 0
92 2 0
92 2 0
93 2 0
93 2 97
93 2 493
93 2 465
93 2 82
93 2 406
93 2 0
94 2 0
94 2 830
94 2 862
94 2 596
94 2 467
94 2 0
94 2 0
94 2 546
94 2 789
94 2 0
95 1 0
95 1 149
95 1 534
95 1 634
95 1 825
95 1 0
95 1 0
95 1 0
95 1 163
95 1 66
95 1 0
96 1 0
96 1 294
96 1 950
96 1 126
96 1 145
96 1 214
96 1 10
96 1 412
96 1 0
96 1 0
96 1 0
96 1 0
97 2 0
97 2 642
97 2 327
97 2 615
97 2 253
97 2 760
97 2 579
97 2 829
97 2 295
97 2 0
97 2 0
97 2 0
97 2 0
98 2 0
98 2 78
98 2 245
98 2 823
98 2 503
98 2 617
98 2 0
98 2 0
99 2 0
99 2 445
99 2 387
99 2 523
99 2 0
99 2 0
99 2 0
100 2 0
100 2 665
100 2 998
100 2 34
100 2 432
100 2 218
100 2 526
100 2 339
100 2 928
100 2 0
100 2 0
100 2 0
100 2 0
101 2 0
101 2 898
101 2 505
101 2 0
102 2 0
102 2 251
102 2 773
102 2 635
102 2 98
102 2 0
102 2 0
102 2 530
102 2 920
102 2 0
103 2 0
103 2 720
103 2 986
103 2 464
103 2 0
103 2 0
103 2 367
103 2 301
103 2 786
103 2 0
103 2 0
103 2 0
104 2 0
104 2 313
104 2 903
104 2 502
104 2 303
104 2 450
104 2 959
104 2 308
104 2 49
104 2 0
104 2 0
104 2 0
104 2 0
105 2 0
105 2 109
105 2 853
105 2 972
105 2 316
105 2 978
105 2 0
105 2 0
105 2 221
105 2 0
106 2 0
106 2 142
106 2 320
106 2 460
106 2 725
106 2 0
106 2 0
106 2 818
106 2 0
106 2 0
106 2 0
107 2 0
107 2 271
107 2 728
107 2 498
107 2 156
107 2 548
107 2 53
107 2 895
107 2 0
107 2 0
107 2 0
107 2 0
108 2 0
108 2 976
108 2 414
108 2 0
108 2 0
108 2 638
108 2 305
108 2 68
108 2 0
109 2 0
109 2 364
109 2 743
109 2 860
109 2 236
109 2 723
109 2 461
109 2 104
109 2 0
109 2 0
109 2 0
109 2 0
110 2 0
110 2 587
110 2 346
110 2 46
110 2 0
111 2 0
111 2 385
111 2 35
111 2 263
111 2 651
111 2 834
111 2 740
111 2 0
111 2 0
112 2 0
112 2 407
112 2 827
112 2 73
112 2 381
112 2 0
113 2 0
113 2 488
113 2 924
113 2 859
113 2 6
113 2 912
113 2 0
114 2 0
114 2 348
114 2 325
114 2 176
114 2 5
114 2 1000
114 2 0
114 2 0
114 2 0
115 2 0
115 2 42
115 2 914
115 2 123
115 2 0
116 1 0
116 1 240
116 1 196
116 1 0
116 1 0
116 1 0
116 1 811
116 1 317
116 1 0
116 1 0
116 1 0
117 2 0
117 2 32
117 2 60
117 2 433
117 2 242
117 2 667
117 2 146
117 2 0
117 2 0
117 2 0
117 2 0
118 2 0
118 2 670
118 2 698
118 2 244
118 2 567
118 2 361
118 2 353
118 2 443
118 2 0
118 2 0
118 2 0
118 2 0
119 2 0
119 2 409
119 2 384
119 2 238
119 2 900
119 2 491
119 2 0
119 2 0
119 2 0
119 2 0
120 2 0
120 2 69
120 2 569
120 2 913
120 2 87
120 2 0
120 2 0
120 2 0
121 2 0
121 2 744
121 2 625
121 2 981
121 2 507
121 2 649
121 2 378
121 2 599
121 2 0
121 2 0
121 2 0
121 2 0
122 1 0
122 1 15
122 1 377
122 1 326
122 1 116
122 1 0
122 1 0
122 1 0
122 1 0
123 2 0
123 2 127
123 2 995
123 2 222
123 2 0
123 2 0
123 2 0
124 2 0
124 2 514
124 2 916
124 2 56
124 2 162
124 2 962
124 2 633
124 2 795
124 2 0
124 2 0
124 2 0
124 2 0
125 2 0
125 2 917
125 2 210
125 2 382
125 2 90
125 2 76
125 2 0
125 2 0
126 1 0
126 1 681
126 1 598
126 1 979
126 1 0
126 1 0
126 1 0
126 1 0
127 1 0
127 1 722
127 1 224
127 1 129
127 1 117
127 1 623
127 1 486
127 1 0
127 1 0
127 1 0
127 1 0
128 2 0
128 2 765
128 2 0
129 2 0
129 2 982
129 2 953
129 2 984
129 2 890
129 2 905
129 2 0
129 2 0
129 2 0
129 2 0
130 2 0
130 2 374
130 2 788
130 2 137
130 2 556
130 2 499
130 2 0
130 2 0
131 2 0
131 2 22
131 2 884
131 2 867
131 2 618
131 2 0
131 2 0
131 2 182
131 2 0
132 2 0
132 2 277
132 2 690
132 2 357
132 2 691
132 2 589
132 2 278
132 2 787
132 2 739
132 2 0
132 2 0
132 2 0
132 2 0
133 2 0
133 2 202
133 2 372
133 2 882
133 2 0
134 2 0
134 2 566
134 2 0
134 2 0
134 2 195
134 2 632
134 2 386
134 2 0
135 2 0
135 2 449
135 2 893
135 2 747
135 2 597
135 2 517
135 2 286
135 2 915
135 2 552
135 2 252
135 2 0
135 2 0
135 2 0
135 2 0
136 1 0
136 1 243
136 1 684
136 1 0
136 1 0
136 1 0
136 1 0
137 2 0
137 2 370
137 2 733
137 2 528
137 2 946
137 2 963
137 2 427
137 2 0
137 2 0
137 2 0
137 2 0
138 2 0
138 2 184
138 2 194
138 2 0
138 2 0
138 2 745
138 2 0
138 2 0
138 2 165
138 2 0
139 2 0
139 2 643
139 2 674
139 2 197
139 2 21
139 2 0
139 2 0
139 2 0
139 2 0
140 1 0
140 1 966
140 1 227
140 1 878
140 1 0
140 1 0
140 1 0
140 1 130
140 1 0
141 1 0
141 1 198
141 1 416
141 1 100
141 1 549
141 1 363
141 1 0
141 1 0
141 1 0
141 1 0
142 1 0
142 1 155
142 1 267
142 1 0
142 1 0
142 1 0
142 1 0
143 2 0
143 2 131
143 2 249
143 2 268
143 2 333
143 2 0
143 2 0
143 2 0
143 2 0
144 2 0
144 2 368
144 2 174
144 2 132
144 2 769
144 2 533
144 2 105
144 2 961
144 2 0
144 2 0
144 2 0
144 2 0
145 1 0
145 1 120
145 1 931
145 1 347
145 1 358
145 1 0
145 1 0
145 1 0
145 1 451
145 1 55
145 1 0
145 1 0
146 1 0
146 1 482
146 1 379
146 1 768
146 1 159
146 1 671
146 1 629
146 1 952
146 1 0
146 1 0
146 1 0
146 1 0
147 2 0
147 2 704
147 2 737
147 2 858
147 2 0
147 2 0
148 2 0
148 2 72
148 2 901
148 2 206
148 2 519
148 2 879
148 2 836
148 2 585
148 2 0
148 2 0
149 2 0
149 2 362
149 2 639
149 2 75
149 2 0
149 2 0
150 2 0
150 2 322
150 2 241
150 2 375
150 2 0
150 2 0
151 1 0
151 1 61
151 1 631
151 1 16
151 1 388
151 1 702
151 1 0
151 1 0
151 1 0
151 1 0
152 2 0
152 2 103
152 2 261
152 2 736
152 2 766
152 2 0
152 2 0
152 2 0
152 2 112
152 2 845
152 2 0
153 2 0
153 2 770
153 2 302
153 2 687
153 2 614
153 2 833
153 2 0
153 2 0
153 2 0
153 2 0
154 1 0
154 1 299
154 1 169
154 1 0
154 1 0
155 2 0
155 2 256
155 2 215
155 2 355
155 2 147
155 2 889
155 2 0
155 2 0
155 2 0
155 2 0
156 2 0
156 2 297
156 2 315
156 2 888
156 2 0
156 2 0
156 2 0
156 2 0
157 1 0
157 1 711
157 1 560
157 1 65
157 1 0
157 1 0
157 1 0
157 1 0
158 2 0
158 2 483
158 2 343
158 2 575
158 2 0
158 2 0
158 2 0
158 2 152
158 2 0
159 1 0
159 1 115
159 1 821
159 1 452
159 1 926
159 1 0
159 1 0
159 1 0
159 1 43
159 1 0
160 2 0
160 2 52
160 2 258
160 2 62
160 2 405
160 2 696
160 2 121
160 2 3
160 2 864
160 2 0
160 2 0
160 2 0
160 2 0
161 2 0
161 2 344
161 2 822
161 2 0
161 2 0
161 2 0
161 2 0
162 2 0
162 2 228
162 2 350
162 2 0
162 2 0
162 2 0
162 2 0
163 2 0
163 2 403
163 2 851
163 2 892
163 2 139
163 2 138
163 2 110
163 2 0
163 2 0
164 2 0
164 2 20
164 2 444
164 2 306
164 2 39
164 2 527
164 2 572
164 2 0
164 2 0
165 2 0
165 2 203
165 2 234
165 2 239
165 2 390
165 2 337
165 2 935
165 2 0
165 2 0
165 2 0
165 2 0
166 2 0
166 2 285
166 2 594
166 2 0
166 2 0
166 2 0
166 2 0
167 2 0
167 2 225
167 2 968
167 2 537
167 2 658
167 2 300
167 2 48
167 2 731
167 2 0
167 2 0
167 2 0
167 2 0
168 2 0
168 2 111
168 2 933
168 2 0
168 2 0
168 2 0
168 2 713
168 2 774
168 2 235
168 2 0
168 2 0
168 2 0
168 2 0
169 2 0
169 2 422
169 2 312
169 2 896
169 2 620
169 2 231
169 2 0
169 2 0
169 2 0
169 2 0
170 2 0
170 2 70
170 2 67
170 2 540
170 2 583
170 2 584
170 2 371
170 2 0
170 2 0
170 2 0
170 2 0
171 2 0
171 2 592
171 2 804
171 2 637
171 2 0
171 2 0
171 2 0
171 2 547
171 2 0
171 2 0
172 2 0
172 2 439
172 2 551
172 2 395
172 2 0
172 2 0
173 2 0
173 2 280
173 2 260
173 2 0
173 2 0
174 1 0
174 1 1
174 1 886
174 1 500
174 1 762
174 1 0
174 1 0
174 1 0
174 1 29
174 1 0
175 2 0
175 2 487
175 2 185
175 2 958
175 2 51
175 2 50
175 2 192
175 2 0
175 2 0
175 2 0
175 2 0
176 2 0
176 2 262
176 2 987
176 2 0
176 2 0
176 2 0
176 2 219
176 2 0
176 2 0
177 1 0
177 1 729
177 1 775
177 1 0
177 1 0
177 1 0
177 1 431
177 1 77
177 1 0
177 1 0
178 2 0
178 2 213
178 2 780
178 2 421
178 2 469
178 2 0
178 2 0
178 2 0
178 2 0
179 2 0
179 2 688
179 2 474
179 2 179
179 2 359
179 2 0
179 2 0
179 2 0
179 2 0
180 1 0
180 1 143
180 1 985
180 1 424
180 1 0
180 1 521
180 1 957
180 1 869
180 1 0
180 1 0
180 1 0
180 1 0
181 2 0
181 2 956
181 2 26
181 2 0
181 2 0
181 2 0
181 2 274
181 2 708
181 2 0
181 2 0
182 2 0
182 2 19
182 2 270
182 2 0
182 2 0
183 1 0
183 1 209
183 1 96
183 1 12
183 1 0
183 1 0
184 1 0
184 1 108
184 1 0
185 1 0
185 1 89
185 1 0
186 1 0
186 1 33
186 1 0
187 1 0
187 1 13
187 1 0
187 1 0
188 1 0
188 1 2
188 1 0
