total cost: 329197
1 2 0
1 2 553
1 2 288
1 2 767
1 2 0
1 2 0
1 2 307
1 2 793
1 2 0
1 2 0
1 2 141
1 2 0
2 1 0
2 1 220
2 1 802
2 1 577
2 1 254
2 1 0
2 1 0
2 1 180
2 1 257
2 1 932
2 1 0
3 2 0
3 2 616
3 2 161
3 2 652
3 2 0
3 2 0
3 2 0
4 2 0
4 2 954
4 2 654
4 2 520
4 2 0
5 1 0
5 1 463
5 1 539
5 1 459
5 1 693
5 1 454
5 1 0
5 1 0
5 1 790
5 1 0
5 1 0
5 1 0
6 1 0
6 1 408
6 1 801
6 1 754
6 1 593
6 1 475
6 1 510
6 1 356
6 1 0
7 2 0
7 2 645
7 2 865
7 2 189
7 2 442
7 2 92
7 2 710
7 2 717
7 2 0
7 2 0
7 2 0
8 2 0
8 2 605
8 2 974
8 2 401
8 2 229
8 2 0
9 2 0
9 2 57
9 2 843
9 2 170
9 2 749
9 2 689
9 2 525
9 2 476
9 2 0
10 1 0
10 1 281
10 1 423
10 1 532
10 1 544
10 1 798
10 1 380
10 1 0
11 1 0
11 1 856
11 1 4
11 1 501
11 1 250
11 1 911
11 1 468
11 1 700
11 1 0
11 1 0
11 1 230
11 1 0
12 2 0
12 2 354
12 2 154
12 2 0
12 2 0
12 2 319
12 2 8
12 2 0
13 2 0
13 2 124
13 2 919
13 2 799
13 2 148
13 2 0
14 2 0
14 2 164
14 2 391
14 2 440
14 2 216
14 2 650
14 2 0
15 2 0
15 2 37
15 2 14
15 2 855
15 2 808
15 2 512
15 2 397
15 2 212
15 2 0
16 1 0
16 1 462
16 1 813
16 1 478
16 1 0
16 1 0
16 1 612
16 1 535
16 1 0
17 1 0
17 1 947
17 1 716
17 1 400
17 1 641
17 1 171
17 1 742
17 1 0
18 1 0
18 1 763
18 1 831
18 1 602
18 1 284
18 1 759
18 1 0
18 1 0
18 1 591
18 1 504
18 1 0
19 2 0
19 2 714
19 2 248
19 2 0
20 2 0
20 2 283
20 2 590
20 2 269
20 2 0
21 2 0
21 2 841
21 2 543
21 2 101
21 2 783
21 2 470
21 2 217
21 2 897
21 2 345
21 2 880
21 2 0
22 1 0
22 1 975
22 1 570
22 1 810
22 1 276
22 1 0
22 1 0
22 1 0
23 2 0
23 2 565
23 2 871
23 2 850
23 2 58
23 2 237
23 2 0
23 2 0
23 2 304
23 2 205
23 2 114
23 2 0
24 1 0
24 1 428
24 1 820
24 1 54
24 1 732
24 1 600
24 1 0
24 1 0
24 1 0
25 1 0
25 1 489
25 1 741
25 1 107
25 1 0
26 1 0
26 1 899
26 1 826
26 1 922
26 1 45
26 1 806
26 1 873
26 1 0
26 1 0
26 1 0
27 2 0
27 2 64
27 2 967
27 2 678
27 2 0
28 1 0
28 1 682
28 1 531
28 1 106
28 1 815
28 1 360
28 1 990
28 1 223
28 1 0
29 2 0
29 2 291
29 2 7
29 2 992
29 2 437
29 2 508
29 2 0
30 1 0
30 1 846
30 1 473
30 1 293
30 1 0
31 1 0
31 1 866
31 1 9
31 1 721
31 1 923
31 1 436
31 1 0
31 1 0
31 1 0
32 2 0
32 2 128
32 2 925
32 2 715
32 2 418
32 2 292
32 2 208
32 2 38
32 2 0
33 2 0
33 2 264
33 2 910
33 2 524
33 2 63
33 2 807
33 2 0
34 1 0
34 1 816
34 1 863
34 1 868
34 1 609
34 1 0
34 1 0
34 1 561
34 1 0
35 1 0
35 1 158
35 1 541
35 1 36
35 1 204
35 1 563
35 1 964
35 1 940
35 1 314
35 1 0
35 1 0
35 1 0
36 2 0
36 2 939
36 2 338
36 2 945
36 2 791
36 2 259
36 2 191
36 2 125
36 2 0
37 2 0
37 2 389
37 2 580
37 2 538
37 2 446
37 2 495
37 2 949
37 2 692
37 2 852
37 2 0
38 1 0
38 1 113
38 1 529
38 1 738
38 1 907
38 1 349
38 1 0
39 1 0
39 1 279
39 1 99
39 1 785
39 1 0
39 1 0
39 1 0
40 2 0
40 2 17
40 2 178
40 2 323
40 2 885
40 2 0
41 1 0
41 1 441
41 1 666
41 1 232
41 1 676
41 1 969
41 1 803
41 1 66
41 1 0
41 1 0
41 1 0
41 1 0
42 1 0
42 1 606
42 1 955
42 1 542
42 1 707
42 1 246
42 1 40
42 1 2
42 1 694
42 1 844
42 1 0
43 2 0
43 2 335
43 2 608
43 2 513
43 2 906
43 2 47
43 2 472
43 2 0
43 2 0
43 2 0
44 1 0
44 1 153
44 1 394
44 1 603
44 1 207
44 1 168
44 1 516
44 1 0
44 1 0
44 1 0
44 1 0
45 1 0
45 1 477
45 1 41
45 1 136
45 1 200
45 1 0
46 2 0
46 2 133
46 2 399
46 2 680
46 2 748
46 2 166
46 2 11
46 2 27
46 2 0
46 2 0
46 2 0
47 1 0
47 1 550
47 1 784
47 1 86
47 1 0
48 1 0
48 1 677
48 1 0
49 1 0
49 1 837
49 1 909
49 1 0
50 1 0
50 1 352
50 1 0
51 1 0
51 1 163
51 1 679
51 1 0
52 1 0
52 1 456
52 1 102
52 1 351
52 1 0
52 1 0
52 1 255
52 1 980
52 1 74
52 1 724
52 1 0
53 2 0
53 2 921
53 2 876
53 2 753
53 2 0
54 2 0
54 2 336
54 2 369
54 2 854
54 2 426
54 2 0
54 2 0
54 2 130
54 2 576
54 2 0
54 2 0
54 2 0
55 2 0
55 2 817
55 2 157
55 2 199
55 2 324
55 2 648
55 2 290
55 2 0
55 2 0
55 2 0
56 1 0
56 1 796
56 1 644
56 1 329
56 1 453
56 1 88
56 1 71
56 1 44
56 1 0
56 1 0
56 1 0
56 1 0
57 1 0
57 1 435
57 1 686
57 1 160
57 1 183
57 1 835
57 1 490
57 1 471
57 1 0
58 2 0
58 2 518
58 2 497
58 2 574
58 2 419
58 2 976
58 2 669
58 2 0
58 2 0
58 2 0
59 2 0
59 2 266
59 2 562
59 2 752
59 2 410
59 2 151
59 2 485
59 2 965
59 2 971
59 2 24
59 2 0
60 2 0
60 2 611
60 2 647
60 2 455
60 2 0
60 2 0
60 2 0
61 2 0
61 2 664
61 2 310
61 2 970
61 2 734
61 2 480
61 2 28
61 2 0
62 1 0
62 1 93
62 1 568
62 1 0
63 1 0
63 1 809
63 1 930
63 1 771
63 1 492
63 1 413
63 1 0
63 1 0
63 1 95
63 1 398
63 1 0
64 1 0
64 1 699
64 1 646
64 1 392
64 1 30
64 1 628
64 1 937
64 1 0
64 1 0
64 1 0
65 2 0
65 2 340
65 2 781
65 2 188
65 2 425
65 2 776
65 2 668
65 2 0
66 2 0
66 2 989
66 2 751
66 2 673
66 2 226
66 2 887
66 2 0
66 2 0
66 2 94
66 2 0
67 1 0
67 1 996
67 1 697
67 1 870
67 1 81
67 1 289
67 1 211
67 1 0
68 2 0
68 2 902
68 2 84
68 2 709
68 2 757
68 2 0
69 1 0
69 1 814
69 1 430
69 1 977
69 1 396
69 1 438
69 1 581
69 1 434
69 1 0
70 1 0
70 1 275
70 1 973
70 1 0
70 1 0
70 1 181
70 1 918
70 1 309
70 1 0
70 1 0
70 1 0
71 2 0
71 2 943
71 2 941
71 2 685
71 2 936
71 2 656
71 2 630
71 2 0
71 2 0
71 2 0
72 1 0
72 1 511
72 1 777
72 1 79
72 1 663
72 1 0
72 1 0
72 1 43
72 1 0
73 2 0
73 2 233
73 2 134
73 2 175
73 2 420
73 2 376
73 2 601
73 2 140
73 2 515
73 2 0
73 2 0
73 2 0
74 1 0
74 1 321
74 1 861
74 1 393
74 1 457
74 1 119
74 1 0
74 1 0
74 1 0
75 1 0
75 1 756
75 1 794
75 1 874
75 1 655
75 1 0
75 1 0
75 1 33
75 1 675
75 1 779
75 1 0
75 1 0
75 1 0
76 2 0
76 2 193
76 2 840
76 2 929
76 2 705
76 2 0
76 2 0
76 2 0
77 2 0
77 2 328
77 2 755
77 2 997
77 2 493
77 2 778
77 2 881
77 2 842
77 2 0
77 2 0
77 2 0
78 2 0
78 2 186
78 2 484
78 2 172
78 2 761
78 2 595
78 2 758
78 2 587
78 2 0
79 2 0
79 2 411
79 2 404
79 2 0
79 2 0
79 2 150
79 2 944
79 2 857
79 2 0
80 2 0
80 2 610
80 2 894
80 2 25
80 2 582
80 2 726
80 2 83
80 2 415
80 2 201
80 2 0
80 2 0
80 2 0
80 2 0
81 1 0
81 1 447
81 1 545
81 1 383
81 1 604
81 1 0
81 1 0
81 1 0
82 1 0
82 1 934
82 1 991
82 1 578
82 1 0
82 1 0
82 1 417
82 1 135
82 1 0
82 1 0
82 1 0
83 2 0
83 2 564
83 2 695
83 2 657
83 2 173
83 2 848
83 2 0
83 2 0
83 2 0
84 2 0
84 2 273
84 2 797
84 2 805
84 2 466
84 2 0
85 2 0
85 2 18
85 2 891
85 2 341
85 2 571
85 2 672
85 2 0
85 2 0
85 2 0
86 2 0
86 2 177
86 2 701
86 2 218
86 2 80
86 2 494
86 2 311
86 2 0
86 2 0
86 2 0
87 2 0
87 2 960
87 2 536
87 2 0
88 2 0
88 2 366
88 2 938
88 2 800
88 2 97
88 2 465
88 2 0
88 2 0
88 2 0
89 2 0
89 2 85
89 2 877
89 2 298
89 2 0
90 1 0
90 1 0
91 2 0
91 2 718
91 2 0
91 2 0
91 2 0
92 2 0
92 2 640
92 2 665
92 2 554
92 2 624
92 2 904
92 2 812
92 2 287
92 2 0
92 2 0
92 2 0
93 1 0
93 1 334
93 1 782
93 1 764
93 1 819
93 1 0
93 1 0
93 1 557
93 1 847
93 1 0
94 1 0
94 1 167
94 1 313
94 1 927
94 1 318
94 1 0
94 1 0
94 1 481
94 1 509
94 1 0
95 2 0
95 2 59
95 2 838
95 2 342
95 2 750
95 2 0
96 2 0
96 2 586
96 2 330
96 2 0
97 1 0
97 1 999
97 1 719
97 1 622
97 1 573
97 1 883
97 1 942
97 1 994
97 1 824
97 1 0
97 1 0
97 1 0
97 1 0
98 1 0
98 1 118
98 1 496
98 1 301
98 1 127
98 1 0
98 1 0
98 1 0
99 1 0
99 1 429
99 1 988
99 1 272
99 1 0
99 1 0
99 1 948
99 1 0
100 1 0
100 1 31
100 1 746
100 1 660
100 1 558
100 1 983
100 1 706
100 1 0
100 1 0
101 2 0
101 2 282
101 2 126
101 2 730
101 2 0
101 2 0
101 2 662
101 2 112
101 2 0
102 1 0
102 1 735
102 1 402
102 1 588
102 1 993
102 1 0
102 1 0
102 1 0
102 1 0
103 1 0
103 1 247
103 1 190
103 1 832
103 1 122
103 1 905
103 1 890
103 1 0
103 1 0
103 1 0
103 1 0
104 2 0
104 2 621
104 2 951
104 2 659
104 2 91
104 2 23
104 2 0
105 1 0
105 1 458
105 1 534
105 1 792
105 1 332
105 1 613
105 1 0
105 1 0
105 1 0
105 1 479
105 1 265
105 1 0
105 1 0
105 1 0
106 1 0
106 1 830
106 1 596
106 1 683
106 1 0
106 1 0
106 1 661
106 1 0
106 1 0
106 1 0
107 2 0
107 2 149
107 2 142
107 2 634
107 2 825
107 2 387
107 2 0
107 2 0
107 2 607
107 2 789
107 2 0
108 1 0
108 1 294
108 1 950
108 1 467
108 1 10
108 1 0
108 1 0
108 1 0
109 2 0
109 2 642
109 2 908
109 2 144
109 2 245
109 2 414
109 2 53
109 2 619
109 2 895
109 2 0
109 2 0
109 2 0
109 2 0
110 1 0
110 1 365
110 1 898
110 1 0
110 1 0
110 1 0
111 2 0
111 2 78
111 2 627
111 2 546
111 2 182
111 2 0
112 2 0
112 2 445
112 2 638
112 2 920
112 2 0
113 1 0
113 1 214
113 1 0
113 1 0
113 1 530
113 1 165
113 1 0
114 1 0
114 1 251
114 1 720
114 1 346
114 1 461
114 1 90
114 1 0
114 1 0
115 1 0
115 1 828
115 1 0
115 1 0
115 1 367
115 1 412
115 1 0
116 2 0
116 2 712
116 2 653
116 2 448
116 2 681
116 2 0
116 2 0
116 2 727
116 2 0
116 2 0
116 2 0
117 1 0
117 1 109
117 1 853
117 1 566
117 1 0
117 1 0
117 1 221
117 1 0
118 2 0
118 2 998
118 2 559
118 2 555
118 2 34
118 2 432
118 2 339
118 2 928
118 2 0
118 2 0
119 1 0
119 1 703
119 1 407
119 1 505
119 1 0
119 1 0
120 2 0
120 2 296
120 2 145
120 2 32
120 2 0
120 2 0
120 2 82
120 2 0
121 2 0
121 2 862
121 2 744
121 2 917
121 2 839
121 2 6
121 2 89
121 2 0
122 2 0
122 2 849
122 2 670
122 2 615
122 2 327
122 2 617
122 2 381
122 2 0
122 2 0
123 2 0
123 2 502
123 2 986
123 2 98
123 2 0
123 2 0
123 2 818
123 2 222
123 2 0
123 2 0
123 2 0
124 2 0
124 2 364
124 2 743
124 2 860
124 2 236
124 2 104
124 2 46
124 2 0
125 2 0
125 2 385
125 2 253
125 2 651
125 2 834
125 2 0
126 1 0
126 1 488
126 1 320
126 1 0
126 1 0
126 1 523
126 1 1000
126 1 913
126 1 0
126 1 0
126 1 0
126 1 0
127 1 0
127 1 42
127 1 698
127 1 35
127 1 263
127 1 760
127 1 297
127 1 845
127 1 295
127 1 0
127 1 0
127 1 0
127 1 0
128 1 0
128 1 271
128 1 827
128 1 156
128 1 728
128 1 0
128 1 0
128 1 0
128 1 0
129 1 0
129 1 240
129 1 15
129 1 0
129 1 0
129 1 875
129 1 506
129 1 0
130 1 0
130 1 348
130 1 5
130 1 978
130 1 325
130 1 0
130 1 0
130 1 0
130 1 0
131 2 0
131 2 406
131 2 912
131 2 0
132 2 0
132 2 187
132 2 725
132 2 0
132 2 0
132 2 811
132 2 772
132 2 0
133 2 0
133 2 409
133 2 384
133 2 382
133 2 0
134 1 0
134 1 903
134 1 722
134 1 981
134 1 723
134 1 433
134 1 0
134 1 0
134 1 0
134 1 0
135 1 0
135 1 823
135 1 498
135 1 548
135 1 503
135 1 0
135 1 0
136 1 0
136 1 514
136 1 690
136 1 123
136 1 73
136 1 740
136 1 0
136 1 0
136 1 0
136 1 0
137 2 0
137 2 995
137 2 786
137 2 0
137 2 0
137 2 0
138 1 0
138 1 69
138 1 765
138 1 68
138 1 0
138 1 0
139 1 0
139 1 982
139 1 368
139 1 914
139 1 579
139 1 984
139 1 829
139 1 0
139 1 0
139 1 0
139 1 0
140 2 0
140 2 374
140 2 788
140 2 131
140 2 249
140 2 522
140 2 0
140 2 0
140 2 0
140 2 305
140 2 0
141 1 0
141 1 773
141 1 635
141 1 464
141 1 632
141 1 0
141 1 0
141 1 0
141 1 0
142 2 0
142 2 277
142 2 916
142 2 56
142 2 162
142 2 633
142 2 795
142 2 713
142 2 0
142 2 0
143 1 0
143 1 22
143 1 316
143 1 972
143 1 267
143 1 0
143 1 0
143 1 0
143 1 626
143 1 0
143 1 0
143 1 0
144 1 0
144 1 377
144 1 872
144 1 331
144 1 326
144 1 373
144 1 0
144 1 0
144 1 0
144 1 0
145 2 0
145 2 449
145 2 460
145 2 0
145 2 0
145 2 372
145 2 55
145 2 252
145 2 915
145 2 0
146 1 0
146 1 450
146 1 303
146 1 959
146 1 308
146 1 49
146 1 704
146 1 386
146 1 0
146 1 0
147 1 0
147 1 116
147 1 526
147 1 979
147 1 0
147 1 0
147 1 0
147 1 0
148 2 0
148 2 357
148 2 195
148 2 737
148 2 0
148 2 0
149 1 0
149 1 60
149 1 859
149 1 924
149 1 0
149 1 0
149 1 0
149 1 317
149 1 0
149 1 0
149 1 0
150 1 0
150 1 625
150 1 224
150 1 238
150 1 966
150 1 210
150 1 0
150 1 0
150 1 0
150 1 0
151 2 0
151 2 243
151 2 884
151 2 0
151 2 0
151 2 202
151 2 0
152 2 0
152 2 196
152 2 598
152 2 137
152 2 556
152 2 499
152 2 0
152 2 0
153 2 0
153 2 184
153 2 893
153 2 747
153 2 674
153 2 517
153 2 0
153 2 0
153 2 0
153 2 87
153 2 0
153 2 0
153 2 0
154 2 0
154 2 733
154 2 636
154 2 244
154 2 567
154 2 0
154 2 0
154 2 0
154 2 0
155 1 0
155 1 643
155 1 0
155 1 0
155 1 0
156 1 0
156 1 370
156 1 61
156 1 528
156 1 361
156 1 353
156 1 0
156 1 0
156 1 0
156 1 0
157 1 0
157 1 176
157 1 867
157 1 618
157 1 0
157 1 0
157 1 0
157 1 0
158 2 0
158 2 745
158 2 0
158 2 0
158 2 569
158 2 0
159 1 0
159 1 198
159 1 507
159 1 129
159 1 649
159 1 491
159 1 299
159 1 882
159 1 0
159 1 0
160 2 0
160 2 155
160 2 333
160 2 552
160 2 241
160 2 0
160 2 0
161 1 0
161 1 268
161 1 197
161 1 286
161 1 0
161 1 0
162 1 0
162 1 684
162 1 120
162 1 597
162 1 623
162 1 117
162 1 0
162 1 0
162 1 0
162 1 0
163 2 0
163 2 416
163 2 900
163 2 242
163 2 667
163 2 76
163 2 146
163 2 0
163 2 0
163 2 0
163 2 0
164 1 0
164 1 482
164 1 72
164 1 901
164 1 952
164 1 629
164 1 0
164 1 0
164 1 0
164 1 0
165 1 0
165 1 194
165 1 403
165 1 21
165 1 139
165 1 260
165 1 219
165 1 0
165 1 0
166 2 0
166 2 451
166 2 378
166 2 0
167 2 0
167 2 362
167 2 639
167 2 961
167 2 0
167 2 0
168 2 0
168 2 103
168 2 946
168 2 631
168 2 443
168 2 427
168 2 963
168 2 344
168 2 858
168 2 0
168 2 0
169 2 0
169 2 100
169 2 878
169 2 280
169 2 169
169 2 0
169 2 0
170 1 0
170 1 770
170 1 422
170 1 0
170 1 0
170 1 0
170 1 322
170 1 0
170 1 0
171 2 0
171 2 256
171 2 215
171 2 691
171 2 306
171 2 962
171 2 739
171 2 0
171 2 0
171 2 0
171 2 0
172 1 0
172 1 486
172 1 599
172 1 3
172 1 879
172 1 836
172 1 0
172 1 0
172 1 0
172 1 0
173 2 0
173 2 209
173 2 75
173 2 0
174 1 0
174 1 671
174 1 105
174 1 228
174 1 350
174 1 0
174 1 0
174 1 0
174 1 0
175 1 0
175 1 549
175 1 931
175 1 363
175 1 892
175 1 138
175 1 0
175 1 0
175 1 0
175 1 0
176 2 0
176 2 379
176 2 768
176 2 533
176 2 0
176 2 0
176 2 0
176 2 0
177 2 0
177 2 953
177 2 174
177 2 355
177 2 769
177 2 278
177 2 787
177 2 65
177 2 0
177 2 0
177 2 0
177 2 0
178 1 0
178 1 711
178 1 560
178 1 439
178 1 0
178 1 0
179 1 0
179 1 227
179 1 347
179 1 115
179 1 225
179 1 0
179 1 0
179 1 0
179 1 96
179 1 585
179 1 0
179 1 0
180 2 0
180 2 483
180 2 343
180 2 452
180 2 206
180 2 285
180 2 0
180 2 0
180 2 0
180 2 0
181 1 0
181 1 52
181 1 575
181 1 0
181 1 0
181 1 0
181 1 152
181 1 0
182 2 0
182 2 203
182 2 926
182 2 519
182 2 696
182 2 896
182 2 547
182 2 0
182 2 0
182 2 0
182 2 0
183 2 0
183 2 261
183 2 388
183 2 736
183 2 766
183 2 637
183 2 0
183 2 0
183 2 0
183 2 0
184 1 0
184 1 20
184 1 132
184 1 444
184 1 147
184 1 0
184 1 0
184 1 0
184 1 29
184 1 0
185 1 0
185 1 821
185 1 258
185 1 62
185 1 405
185 1 0
185 1 0
185 1 0
185 1 0
186 1 0
186 1 111
186 1 933
186 1 0
186 1 0
186 1 0
186 1 864
186 1 375
186 1 110
186 1 0
186 1 0
187 2 0
187 2 312
187 2 302
187 2 851
187 2 358
187 2 121
187 2 0
187 2 0
187 2 0
187 2 0
188 1 0
188 1 70
188 1 67
188 1 658
188 1 833
188 1 0
188 1 0
188 1 0
188 1 0
189 1 0
189 1 16
189 1 702
189 1 774
189 1 315
189 1 888
189 1 0
189 1 0
190 1 0
190 1 592
190 1 1
190 1 0
190 1 0
190 1 0
190 1 108
190 1 0
190 1 0
190 1 0
191 2 0
191 2 804
191 2 487
191 2 0
191 2 0
191 2 0
191 2 0
192 1 0
192 1 234
192 1 239
192 1 968
192 1 337
192 1 0
192 1 0
192 1 0
192 1 594
192 1 0
192 1 0
193 1 0
193 1 262
193 1 213
193 1 0
193 1 0
194 2 0
194 2 729
194 2 390
194 2 584
194 2 0
194 2 0
195 2 0
195 2 159
195 2 822
195 2 551
195 2 0
195 2 0
195 2 0
195 2 0
196 2 0
196 2 687
196 2 537
196 2 300
196 2 48
196 2 620
196 2 231
196 2 0
196 2 0
196 2 0
196 2 0
197 1 0
197 1 886
197 1 500
197 1 987
197 1 762
197 1 0
197 1 0
197 1 0
197 1 431
197 1 0
197 1 0
198 2 0
198 2 775
198 2 424
198 2 935
198 2 583
198 2 731
198 2 0
198 2 0
198 2 0
198 2 0
199 2 0
199 2 589
199 2 39
199 2 359
199 2 889
199 2 0
199 2 0
199 2 0
199 2 0
200 1 0
200 1 688
200 1 540
200 1 421
200 1 0
200 1 0
200 1 0
200 1 0
201 1 0
201 1 143
201 1 26
201 1 235
201 1 527
201 1 0
201 1 0
201 1 0
201 1 0
202 1 0
202 1 614
202 1 192
202 1 0
202 1 0
202 1 0
202 1 0
203 2 0
203 2 185
203 2 780
203 2 50
203 2 572
203 2 469
203 2 395
203 2 869
203 2 0
203 2 0
204 2 0
204 2 956
204 2 179
204 2 958
204 2 51
204 2 957
204 2 274
204 2 0
204 2 0
205 2 0
205 2 19
205 2 521
205 2 77
205 2 0
205 2 0
205 2 0
205 2 0
206 1 0
206 1 474
206 1 985
206 1 0
206 1 0
206 1 0
206 1 708
206 1 371
206 1 0
206 1 0
207 1 0
207 1 270
207 1 12
207 1 0
207 1 0
208 1 0
208 1 13
208 1 0
208 1 0
