total cost: 335844
1 2 0
1 2 553
1 2 288
1 2 767
1 2 0
1 2 0
1 2 307
1 2 793
1 2 0
1 2 0
1 2 141
1 2 0
2 2 0
2 2 220
2 2 802
2 2 577
2 2 254
2 2 170
2 2 749
2 2 0
2 2 0
2 2 654
2 2 520
2 2 0
3 1 0
3 1 463
3 1 539
3 1 462
3 1 693
3 1 0
4 2 0
4 2 801
4 2 754
4 2 593
4 2 974
4 2 716
4 2 525
4 2 476
4 2 0
5 2 0
5 2 616
5 2 180
5 2 319
5 2 423
5 2 932
5 2 257
5 2 0
5 2 0
5 2 0
6 2 0
6 2 645
6 2 865
6 2 189
6 2 442
6 2 92
6 2 717
6 2 532
6 2 0
6 2 0
6 2 0
7 2 0
7 2 408
7 2 947
7 2 602
7 2 284
7 2 171
7 2 742
7 2 0
8 2 0
8 2 281
8 2 57
8 2 954
8 2 161
8 2 652
8 2 591
8 2 504
8 2 0
9 2 0
9 2 605
9 2 856
9 2 689
9 2 798
9 2 544
9 2 380
9 2 205
9 2 114
9 2 0
10 1 0
10 1 354
10 1 0
11 1 0
11 1 843
11 1 391
11 1 440
11 1 710
11 1 0
11 1 0
11 1 790
11 1 0
12 2 0
12 2 459
12 2 154
12 2 0
12 2 0
12 2 124
12 2 401
12 2 535
12 2 0
13 1 0
13 1 37
13 1 389
13 1 855
13 1 808
13 1 512
13 1 397
13 1 212
13 1 0
14 2 0
14 2 454
14 2 283
14 2 919
14 2 475
14 2 799
14 2 0
15 2 0
15 2 4
15 2 250
15 2 911
15 2 899
15 2 826
15 2 468
15 2 783
15 2 470
15 2 477
15 2 0
16 1 0
16 1 813
16 1 473
16 1 738
16 1 863
16 1 0
16 1 0
16 1 164
16 1 304
16 1 0
17 2 0
17 2 478
17 2 975
17 2 570
17 2 510
17 2 356
17 2 229
17 2 8
17 2 0
18 2 0
18 2 763
18 2 831
18 2 237
18 2 850
18 2 58
18 2 0
18 2 0
18 2 612
18 2 590
18 2 269
18 2 0
19 2 0
19 2 501
19 2 400
19 2 101
19 2 922
19 2 217
19 2 897
19 2 345
19 2 880
19 2 259
19 2 0
19 2 0
19 2 0
20 2 0
20 2 714
20 2 248
20 2 0
21 1 0
21 1 565
21 1 871
21 1 541
21 1 158
21 1 338
21 1 759
21 1 791
21 1 964
21 1 0
21 1 0
21 1 0
22 1 0
22 1 841
22 1 7
22 1 543
22 1 437
22 1 992
22 1 923
22 1 436
22 1 0
22 1 0
22 1 0
23 1 0
23 1 428
23 1 820
23 1 54
23 1 741
23 1 0
23 1 0
23 1 561
23 1 230
23 1 148
23 1 0
24 2 0
24 2 291
24 2 542
24 2 707
24 2 246
24 2 40
24 2 815
24 2 360
24 2 990
24 2 0
24 2 0
24 2 0
25 1 0
25 1 682
25 1 531
25 1 806
25 1 814
25 1 93
25 1 945
25 1 677
25 1 314
25 1 0
25 1 0
25 1 0
26 2 0
26 2 846
26 2 609
26 2 807
26 2 0
27 1 0
27 1 489
27 1 216
27 1 418
27 1 292
27 1 208
27 1 0
27 1 0
27 1 0
28 1 0
28 1 866
28 1 128
28 1 107
28 1 9
28 1 721
28 1 600
28 1 0
28 1 0
28 1 0
29 1 0
29 1 264
29 1 910
29 1 524
29 1 0
29 1 0
29 1 0
30 1 0
30 1 816
30 1 113
30 1 868
30 1 907
30 1 0
30 1 0
30 1 63
30 1 99
30 1 293
30 1 0
31 1 0
31 1 14
31 1 538
31 1 446
31 1 580
31 1 232
31 1 495
31 1 969
31 1 852
31 1 692
31 1 0
31 1 0
32 2 0
32 2 939
32 2 36
32 2 204
32 2 563
32 2 940
32 2 784
32 2 276
32 2 0
33 2 0
33 2 64
33 2 700
33 2 106
33 2 641
33 2 678
33 2 967
33 2 0
34 1 0
34 1 17
34 1 925
34 1 732
34 1 178
34 1 323
34 1 885
34 1 0
35 1 0
35 1 529
35 1 603
35 1 796
35 1 0
36 1 0
36 1 441
36 1 666
36 1 207
36 1 168
36 1 803
36 1 0
36 1 0
36 1 0
37 2 0
37 2 606
37 2 955
37 2 562
37 2 266
37 2 399
37 2 680
37 2 873
37 2 844
37 2 438
37 2 0
38 2 0
38 2 335
38 2 349
38 2 0
38 2 0
38 2 810
38 2 191
38 2 125
38 2 0
39 2 0
39 2 153
39 2 394
39 2 453
39 2 88
39 2 78
39 2 71
39 2 44
39 2 383
39 2 0
39 2 0
39 2 0
40 2 0
40 2 715
40 2 188
40 2 781
40 2 425
40 2 84
40 2 709
40 2 776
40 2 668
40 2 0
40 2 0
40 2 0
41 1 0
41 1 279
41 1 921
41 1 876
41 1 753
41 1 929
41 1 0
41 1 0
41 1 0
42 1 0
42 1 133
42 1 752
42 1 664
42 1 0
42 1 0
42 1 472
42 1 785
42 1 0
42 1 0
42 1 0
43 1 0
43 1 949
43 1 0
44 2 0
44 2 650
44 2 398
44 2 0
45 1 0
45 1 837
45 1 909
45 1 0
46 1 0
46 1 550
46 1 86
46 1 0
47 1 0
47 1 508
47 1 970
47 1 27
47 1 434
47 1 0
48 2 0
48 2 456
48 2 102
48 2 610
48 2 574
48 2 419
48 2 621
48 2 944
48 2 669
48 2 0
48 2 0
48 2 0
49 1 0
49 1 255
49 1 647
49 1 611
49 1 724
49 1 74
49 1 0
49 1 0
49 1 0
50 2 0
50 2 45
50 2 809
50 2 430
50 2 334
50 2 755
50 2 800
50 2 778
50 2 0
50 2 0
50 2 0
51 2 0
51 2 336
51 2 369
51 2 854
51 2 426
51 2 0
51 2 0
51 2 679
51 2 576
51 2 0
51 2 0
51 2 0
52 2 0
52 2 817
52 2 157
52 2 199
52 2 410
52 2 290
52 2 0
52 2 0
52 2 0
53 1 0
53 1 0
54 1 0
54 1 0
55 2 0
55 2 608
55 2 447
55 2 545
55 2 0
55 2 0
55 2 0
56 2 0
56 2 435
56 2 686
56 2 160
56 2 0
56 2 0
56 2 0
57 1 0
57 1 351
57 1 150
57 1 455
57 1 980
57 1 289
57 1 0
57 1 0
57 1 0
58 2 0
58 2 513
58 2 906
58 2 604
58 2 0
59 2 0
59 2 352
59 2 200
59 2 223
59 2 0
60 1 0
60 1 324
60 1 226
60 1 485
60 1 151
60 1 965
60 1 971
60 1 24
60 1 0
61 2 0
61 2 518
61 2 564
61 2 644
61 2 705
61 2 91
61 2 0
61 2 0
61 2 0
62 2 0
62 2 163
62 2 47
62 2 0
63 1 0
63 1 41
63 1 417
63 1 918
63 1 0
63 1 0
63 1 0
64 2 0
64 2 648
64 2 861
64 2 393
64 2 457
64 2 734
64 2 480
64 2 0
64 2 0
64 2 0
65 1 0
65 1 699
65 1 996
65 1 697
65 1 81
65 1 628
65 1 937
65 1 211
65 1 761
65 1 595
65 1 0
65 1 0
65 1 0
65 1 0
66 2 0
66 2 340
66 2 756
66 2 134
66 2 175
66 2 376
66 2 601
66 2 140
66 2 515
66 2 0
66 2 0
66 2 0
67 2 0
67 2 646
67 2 392
67 2 366
67 2 0
67 2 0
67 2 130
67 2 0
67 2 0
67 2 0
68 2 0
68 2 989
68 2 751
68 2 458
68 2 622
68 2 573
68 2 0
68 2 0
68 2 166
68 2 11
68 2 0
69 2 0
69 2 902
69 2 38
69 2 757
69 2 0
70 2 0
70 2 275
70 2 771
70 2 977
70 2 396
70 2 694
70 2 136
70 2 779
70 2 0
70 2 0
70 2 0
71 1 0
71 1 497
71 1 404
71 1 0
71 1 0
71 1 181
71 1 675
71 1 309
71 1 0
71 1 0
71 1 0
72 2 0
72 2 673
72 2 887
72 2 341
72 2 973
72 2 118
72 2 0
72 2 0
72 2 95
72 2 0
73 1 0
73 1 943
73 1 941
73 1 310
73 1 685
73 1 0
73 1 0
73 1 568
73 1 135
73 1 0
74 1 0
74 1 511
74 1 777
74 1 663
74 1 0
74 1 0
74 1 835
74 1 490
74 1 471
74 1 0
75 1 0
75 1 233
75 1 794
75 1 874
75 1 828
75 1 0
75 1 0
75 1 748
75 1 936
75 1 630
75 1 0
76 2 0
76 2 321
76 2 655
76 2 34
76 2 0
76 2 0
76 2 0
77 2 0
77 2 186
77 2 735
77 2 172
77 2 948
77 2 0
78 2 0
78 2 193
78 2 840
78 2 0
78 2 0
78 2 94
78 2 80
78 2 0
79 2 0
79 2 328
79 2 492
79 2 413
79 2 509
79 2 581
79 2 0
80 1 0
80 1 676
80 1 661
80 1 516
80 1 0
80 1 0
80 1 0
81 2 0
81 2 411
81 2 247
81 2 190
81 2 0
81 2 0
81 2 183
81 2 960
81 2 119
81 2 0
82 2 0
82 2 930
82 2 764
82 2 819
82 2 730
82 2 0
82 2 0
82 2 718
82 2 0
82 2 0
82 2 0
83 2 0
83 2 329
83 2 991
83 2 578
83 2 627
83 2 0
83 2 0
83 2 43
83 2 481
83 2 0
84 2 0
84 2 273
84 2 894
84 2 25
84 2 582
84 2 726
84 2 758
84 2 587
84 2 0
85 2 0
85 2 18
85 2 332
85 2 792
85 2 613
85 2 995
85 2 0
85 2 0
85 2 0
86 1 0
86 1 934
86 1 59
86 1 0
87 2 0
87 2 30
87 2 805
87 2 466
87 2 484
87 2 0
88 1 0
88 1 177
88 1 701
88 1 218
88 1 494
88 1 904
88 1 812
88 1 624
88 1 0
88 1 0
88 1 0
88 1 0
89 1 0
89 1 85
89 1 97
89 1 493
89 1 465
89 1 881
89 1 0
89 1 0
89 1 0
90 2 0
90 2 640
90 2 420
90 2 554
90 2 998
90 2 79
90 2 586
90 2 557
90 2 847
90 2 0
90 2 0
90 2 0
90 2 0
91 1 0
91 1 167
91 1 938
91 1 0
91 1 0
91 1 479
91 1 0
92 2 0
92 2 870
92 2 272
92 2 0
92 2 0
92 2 330
92 2 311
92 2 0
92 2 0
92 2 0
93 1 0
93 1 999
93 1 891
93 1 282
93 1 126
93 1 683
93 1 0
93 1 0
93 1 877
93 1 298
93 1 0
94 2 0
94 2 797
94 2 988
94 2 927
94 2 318
94 2 346
94 2 461
94 2 46
94 2 104
94 2 0
94 2 0
95 1 0
95 1 695
95 1 0
96 1 0
96 1 429
96 1 746
96 1 660
96 1 875
96 1 122
96 1 983
96 1 558
96 1 706
96 1 0
96 1 0
97 2 0
97 2 31
97 2 849
97 2 832
97 2 976
97 2 619
97 2 53
97 2 503
97 2 0
97 2 0
97 2 0
97 2 0
98 1 0
98 1 173
98 1 0
99 2 0
99 2 838
99 2 848
99 2 750
99 2 0
99 2 0
99 2 0
100 1 0
100 1 656
100 1 727
100 1 0
100 1 0
100 1 0
101 1 0
101 1 23
101 1 0
102 1 0
102 1 365
102 1 0
103 2 0
103 2 496
103 2 994
103 2 942
103 2 883
103 2 0
104 2 0
104 2 782
104 2 830
104 2 596
104 2 997
104 2 214
104 2 0
104 2 0
104 2 662
104 2 857
104 2 0
105 1 0
105 1 0
106 1 0
106 1 0
107 2 0
107 2 657
107 2 703
107 2 407
107 2 951
107 2 0
107 2 0
107 2 342
107 2 789
107 2 0
108 2 0
108 2 149
108 2 534
108 2 320
108 2 460
108 2 725
108 2 0
108 2 0
108 2 546
108 2 607
108 2 0
109 1 0
109 1 294
109 1 950
109 1 467
109 1 842
109 1 10
109 1 0
109 1 0
109 1 0
109 1 0
110 1 0
110 1 642
110 1 908
110 1 728
110 1 498
110 1 823
110 1 0
110 1 0
110 1 0
110 1 28
110 1 0
111 2 0
111 2 530
111 2 920
111 2 638
111 2 772
111 2 0
112 1 0
112 1 445
112 1 387
112 1 348
112 1 0
112 1 0
112 1 66
112 1 0
113 2 0
113 2 665
113 2 559
113 2 555
113 2 432
113 2 339
113 2 526
113 2 928
113 2 0
113 2 0
114 1 0
114 1 659
114 1 144
114 1 245
114 1 740
114 1 0
114 1 0
114 1 0
114 1 0
115 2 0
115 2 898
115 2 505
115 2 0
116 1 0
116 1 251
116 1 720
116 1 0
117 2 0
117 2 367
117 2 301
117 2 626
117 2 0
117 2 0
117 2 0
118 2 0
118 2 414
118 2 221
118 2 182
118 2 0
119 1 0
119 1 571
119 1 672
119 1 265
119 1 0
119 1 0
119 1 0
120 1 0
120 1 313
120 1 903
120 1 0
120 1 0
120 1 536
120 1 1000
120 1 0
121 1 0
121 1 109
121 1 853
121 1 825
121 1 0
121 1 0
121 1 287
121 1 0
121 1 0
121 1 0
122 1 0
122 1 719
122 1 839
122 1 60
122 1 859
122 1 6
122 1 89
122 1 433
122 1 0
122 1 0
122 1 0
122 1 0
123 1 0
123 1 712
123 1 653
123 1 448
123 1 681
123 1 0
123 1 0
123 1 0
123 1 0
124 2 0
124 2 142
124 2 634
124 2 972
124 2 316
124 2 978
124 2 325
124 2 5
124 2 0
124 2 0
124 2 0
124 2 0
125 1 0
125 1 296
125 1 0
125 1 0
125 1 82
125 1 406
125 1 824
125 1 412
125 1 1040
125 1 0
125 1 1040
125 1 0
126 1 0
126 1 862
126 1 744
126 1 364
126 1 145
126 1 917
126 1 0
126 1 0
126 1 0
126 1 0
127 2 0
127 2 502
127 2 986
127 2 98
127 2 0
127 2 0
127 2 818
127 2 786
127 2 0
127 2 0
127 2 0
128 2 0
128 2 271
128 2 615
128 2 327
128 2 617
128 2 381
128 2 0
129 2 0
129 2 385
129 2 253
129 2 651
129 2 834
129 2 895
129 2 0
130 1 0
130 1 523
130 1 0
131 2 0
131 2 488
131 2 187
131 2 745
131 2 0
131 2 0
131 2 202
131 2 0
132 2 0
132 2 42
132 2 698
132 2 35
132 2 263
132 2 760
132 2 579
132 2 984
132 2 829
132 2 295
132 2 0
132 2 0
133 1 0
133 1 240
133 1 249
133 1 0
133 1 0
133 1 0
133 1 811
133 1 317
133 1 0
133 1 0
133 1 0
134 1 0
134 1 670
134 1 690
134 1 123
134 1 156
134 1 548
134 1 0
134 1 0
135 1 0
135 1 409
135 1 743
135 1 860
135 1 723
135 1 236
135 1 912
135 1 0
135 1 0
135 1 0
135 1 0
136 1 0
136 1 32
136 1 382
136 1 90
136 1 0
136 1 0
137 1 0
137 1 384
137 1 981
137 1 72
137 1 308
137 1 105
137 1 671
137 1 961
137 1 0
137 1 0
137 1 0
137 1 0
138 1 0
138 1 15
138 1 522
138 1 499
138 1 979
138 1 0
138 1 0
138 1 0
138 1 0
139 1 0
139 1 127
139 1 222
139 1 0
139 1 0
139 1 0
140 2 0
140 2 514
140 2 914
140 2 827
140 2 73
140 2 0
141 1 0
141 1 402
141 1 733
141 1 636
141 1 83
141 1 0
141 1 0
141 1 0
141 1 0
142 2 0
142 2 69
142 2 765
142 2 913
142 2 0
142 2 0
142 2 0
143 2 0
143 2 588
143 2 415
143 2 632
143 2 0
144 2 0
144 2 722
144 2 625
144 2 238
144 2 416
144 2 900
144 2 491
144 2 299
144 2 882
144 2 0
144 2 0
145 2 0
145 2 982
145 2 368
145 2 357
145 2 713
145 2 795
145 2 0
145 2 0
145 2 0
145 2 0
146 2 0
146 2 374
146 2 788
146 2 196
146 2 872
146 2 377
146 2 0
146 2 0
146 2 305
146 2 68
146 2 0
147 2 0
147 2 22
147 2 867
147 2 566
147 2 0
147 2 0
147 2 195
147 2 905
147 2 845
147 2 0
148 2 0
148 2 773
148 2 635
148 2 464
148 2 303
148 2 959
148 2 0
148 2 0
148 2 0
148 2 0
149 2 0
149 2 277
149 2 916
149 2 56
149 2 162
149 2 962
149 2 633
149 2 0
149 2 0
150 1 0
150 1 449
150 1 893
150 1 747
150 1 674
150 1 517
150 1 486
150 1 286
150 1 915
150 1 0
150 1 0
150 1 0
150 1 0
151 2 0
151 2 372
151 2 252
151 2 241
151 2 0
152 2 0
152 2 450
152 2 201
152 2 49
152 2 704
152 2 386
152 2 0
152 2 0
153 1 0
153 1 116
153 1 373
153 1 556
153 1 0
153 1 0
154 2 0
154 2 506
154 2 890
154 2 858
154 2 0
154 2 0
155 2 0
155 2 243
155 2 120
155 2 0
155 2 0
155 2 165
155 2 87
155 2 0
156 1 0
156 1 598
156 1 137
156 1 326
156 1 176
156 1 0
156 1 0
156 1 0
156 1 0
157 2 0
157 2 184
157 2 194
157 2 597
157 2 623
157 2 117
157 2 0
157 2 0
157 2 0
157 2 0
158 1 0
158 1 224
158 1 507
158 1 129
158 1 649
158 1 878
158 1 378
158 1 0
158 1 0
158 1 0
158 1 0
159 1 0
159 1 370
159 1 244
159 1 567
159 1 528
159 1 361
159 1 0
159 1 0
159 1 0
159 1 0
160 1 0
160 1 643
160 1 0
160 1 0
160 1 331
160 1 155
160 1 0
160 1 0
160 1 0
160 1 0
161 2 0
161 2 569
161 2 152
161 2 0
162 2 0
162 2 884
162 2 618
162 2 0
162 2 0
162 2 362
162 2 667
162 2 242
162 2 146
162 2 0
163 2 0
163 2 198
163 2 966
163 2 924
163 2 549
163 2 552
163 2 55
163 2 451
163 2 0
163 2 0
163 2 0
163 2 0
164 2 0
164 2 131
164 2 268
164 2 21
164 2 139
164 2 260
164 2 892
164 2 138
164 2 0
164 2 0
164 2 0
164 2 0
165 1 0
165 1 267
165 1 197
165 1 219
165 1 0
165 1 0
166 2 0
166 2 684
166 2 302
166 2 687
166 2 614
166 2 833
166 2 537
166 2 731
166 2 620
166 2 0
166 2 0
166 2 0
166 2 0
167 1 0
167 1 210
167 1 901
167 1 629
167 1 952
167 1 0
167 1 0
167 1 0
167 1 0
168 2 0
168 2 482
168 2 379
168 2 768
168 2 159
168 2 285
168 2 206
168 2 879
168 2 0
168 2 0
168 2 0
168 2 0
169 1 0
169 1 333
169 1 363
169 1 599
169 1 836
169 1 585
169 1 0
169 1 0
170 1 0
170 1 993
170 1 737
170 1 0
170 1 0
170 1 0
170 1 0
171 1 0
171 1 322
171 1 0
171 1 0
172 1 0
172 1 61
172 1 946
172 1 631
172 1 353
172 1 443
172 1 963
172 1 0
172 1 0
172 1 0
172 1 0
173 2 0
173 2 297
173 2 0
174 2 0
174 2 103
174 2 261
174 2 769
174 2 533
174 2 427
174 2 228
174 2 350
174 2 0
174 2 0
174 2 0
174 2 0
175 2 0
175 2 100
175 2 347
175 2 225
175 2 358
175 2 696
175 2 3
175 2 896
175 2 0
175 2 0
175 2 0
175 2 0
176 2 0
176 2 770
176 2 851
176 2 931
176 2 375
176 2 0
176 2 0
176 2 0
176 2 0
177 1 0
177 1 209
177 1 639
177 1 75
177 1 0
177 1 0
178 1 0
178 1 256
178 1 691
178 1 174
178 1 306
178 1 0
178 1 0
178 1 0
178 1 76
178 1 0
178 1 0
179 1 0
179 1 953
179 1 20
179 1 215
179 1 278
179 1 0
179 1 0
179 1 0
179 1 0
180 1 0
180 1 711
180 1 739
180 1 787
180 1 0
180 1 0
181 2 0
181 2 227
181 2 203
181 2 115
181 2 452
181 2 343
181 2 0
181 2 0
181 2 0
181 2 0
182 2 0
182 2 169
182 2 864
182 2 547
182 2 0
182 2 0
183 1 0
183 1 560
183 1 344
183 1 65
183 1 0
183 1 0
184 2 0
184 2 483
184 2 821
184 2 258
184 2 62
184 2 121
184 2 519
184 2 280
184 2 0
184 2 0
184 2 0
184 2 0
185 2 0
185 2 52
185 2 575
185 2 933
185 2 1
185 2 521
185 2 0
185 2 0
185 2 0
185 2 0
186 1 0
186 1 403
186 1 422
186 1 658
186 1 239
186 1 337
186 1 0
186 1 0
186 1 0
186 1 0
187 2 0
187 2 111
187 2 487
187 2 0
187 2 0
187 2 0
187 2 112
187 2 439
187 2 822
187 2 0
187 2 0
187 2 0
187 2 0
188 2 0
188 2 312
188 2 70
188 2 300
188 2 583
188 2 935
188 2 584
188 2 371
188 2 0
188 2 0
188 2 0
188 2 0
189 2 0
189 2 16
189 2 388
189 2 766
189 2 0
189 2 0
189 2 0
189 2 108
189 2 0
190 1 0
190 1 926
190 1 405
190 1 390
190 1 0
190 1 0
190 1 0
190 1 96
190 1 0
190 1 0
191 1 0
191 1 592
191 1 0
191 1 0
191 1 0
191 1 33
191 1 0
191 1 0
191 1 0
192 1 0
192 1 804
192 1 886
192 1 0
192 1 0
192 1 0
192 1 29
192 1 594
192 1 0
192 1 0
193 1 0
193 1 637
193 1 736
193 1 500
193 1 762
193 1 0
193 1 0
193 1 0
193 1 2
193 1 0
194 2 0
194 2 234
194 2 688
194 2 968
194 2 48
194 2 110
194 2 270
194 2 0
194 2 0
195 1 0
195 1 729
195 1 775
195 1 0
195 1 0
195 1 0
195 1 702
195 1 315
195 1 888
195 1 0
195 1 0
196 2 0
196 2 444
196 2 132
196 2 147
196 2 26
196 2 889
196 2 0
196 2 0
196 2 0
196 2 0
197 2 0
197 2 355
197 2 589
197 2 39
197 2 359
197 2 572
197 2 395
197 2 0
197 2 0
197 2 0
197 2 0
198 1 0
198 1 262
198 1 780
198 1 0
198 1 0
198 1 0
198 1 774
198 1 235
198 1 0
198 1 0
199 1 0
199 1 143
199 1 985
199 1 958
199 1 51
199 1 0
199 1 0
199 1 0
199 1 431
199 1 0
199 1 0
200 1 0
200 1 67
200 1 540
200 1 987
200 1 0
200 1 0
200 1 0
200 1 551
200 1 0
200 1 0
201 2 0
201 2 185
201 2 424
201 2 213
201 2 421
201 2 192
201 2 527
201 2 0
201 2 0
201 2 0
201 2 0
202 2 0
202 2 956
202 2 474
202 2 179
202 2 50
202 2 469
202 2 0
202 2 0
203 1 0
203 1 77
203 1 19
203 1 0
203 1 0
203 1 0
203 1 0
204 1 0
204 1 957
204 1 869
204 1 708
204 1 0
204 1 0
205 1 0
205 1 274
205 1 0
205 1 0
205 1 0
205 1 0
206 1 0
206 1 231
206 1 12
206 1 0
206 1 0
207 1 0
207 1 13
207 1 0
207 1 0
