total cost: 335704
1 2 0
1 2 553
1 2 288
1 2 767
1 2 0
1 2 0
1 2 307
1 2 793
1 2 0
1 2 0
1 2 141
1 2 0
2 2 0
2 2 220
2 2 802
2 2 577
2 2 254
2 2 170
2 2 749
2 2 0
2 2 0
2 2 654
2 2 520
2 2 0
3 2 0
3 2 801
3 2 754
3 2 593
3 2 475
3 2 510
3 2 356
3 2 0
4 2 0
4 2 463
4 2 539
4 2 154
4 2 693
4 2 0
4 2 0
4 2 180
4 2 257
4 2 0
5 1 0
5 1 616
5 1 161
5 1 652
5 1 0
5 1 0
5 1 0
6 2 0
6 2 408
6 2 974
6 2 716
6 2 525
6 2 476
6 2 0
7 2 0
7 2 645
7 2 865
7 2 189
7 2 442
7 2 92
7 2 717
7 2 532
7 2 0
7 2 0
7 2 0
8 2 0
8 2 281
8 2 57
8 2 710
8 2 423
8 2 544
8 2 380
8 2 0
9 2 0
9 2 605
9 2 947
9 2 501
9 2 831
9 2 602
9 2 401
9 2 229
9 2 919
9 2 799
9 2 0
9 2 0
9 2 0
10 1 0
10 1 354
10 1 954
10 1 459
10 1 454
10 1 0
10 1 0
10 1 790
10 1 0
10 1 0
10 1 0
11 2 0
11 2 856
11 2 763
11 2 899
11 2 911
11 2 400
11 2 468
11 2 700
11 2 783
11 2 477
11 2 0
12 2 0
12 2 843
12 2 689
12 2 798
12 2 641
12 2 171
12 2 742
12 2 0
13 2 0
13 2 319
13 2 164
13 2 391
13 2 440
13 2 0
14 1 0
14 1 124
14 1 535
14 1 8
14 1 0
15 2 0
15 2 37
15 2 14
15 2 855
15 2 808
15 2 512
15 2 397
15 2 212
15 2 0
16 1 0
16 1 462
16 1 813
16 1 478
16 1 975
16 1 0
16 1 0
16 1 932
16 1 352
16 1 205
16 1 114
16 1 0
17 1 0
17 1 4
17 1 250
17 1 237
17 1 58
17 1 0
17 1 0
17 1 612
17 1 590
17 1 269
17 1 0
18 1 0
18 1 283
18 1 714
18 1 148
18 1 0
19 1 0
19 1 591
19 1 504
19 1 0
20 1 0
20 1 841
20 1 7
20 1 101
20 1 922
20 1 217
20 1 470
20 1 897
20 1 345
20 1 0
20 1 0
20 1 0
21 1 0
21 1 284
21 1 826
21 1 759
21 1 570
21 1 0
21 1 0
21 1 230
21 1 0
22 2 0
22 2 565
22 2 871
22 2 850
22 2 541
22 2 36
22 2 264
22 2 99
22 2 63
22 2 807
22 2 0
23 1 0
23 1 428
23 1 820
23 1 54
23 1 741
23 1 0
23 1 0
23 1 304
23 1 967
23 1 0
24 1 0
24 1 489
24 1 216
24 1 418
24 1 292
24 1 208
24 1 0
25 2 0
25 2 682
25 2 543
25 2 437
25 2 992
25 2 923
25 2 436
25 2 970
25 2 0
25 2 0
25 2 0
26 1 0
26 1 291
26 1 542
26 1 707
26 1 246
26 1 40
26 1 360
26 1 0
26 1 0
26 1 0
27 2 0
27 2 846
27 2 473
27 2 293
27 2 0
28 2 0
28 2 107
28 2 721
28 2 600
28 2 732
28 2 0
29 1 0
29 1 866
29 1 9
29 1 837
29 1 0
29 1 0
29 1 0
30 2 0
30 2 128
30 2 925
30 2 715
30 2 323
30 2 178
30 2 885
30 2 0
31 1 0
31 1 816
31 1 863
31 1 868
31 1 609
31 1 0
31 1 0
31 1 64
31 1 678
31 1 815
31 1 508
31 1 0
32 2 0
32 2 158
32 2 338
32 2 531
32 2 806
32 2 873
32 2 990
32 2 223
32 2 844
32 2 0
33 1 0
33 1 389
33 1 580
33 1 538
33 1 446
33 1 495
33 1 949
33 1 692
33 1 852
33 1 0
34 1 0
34 1 113
34 1 910
34 1 529
34 1 907
34 1 349
34 1 0
35 1 0
35 1 939
35 1 791
35 1 945
35 1 259
35 1 191
35 1 125
35 1 0
36 2 0
36 2 738
36 2 796
36 2 644
36 2 608
36 2 447
36 2 545
36 2 0
36 2 0
36 2 0
37 2 0
37 2 279
37 2 524
37 2 255
37 2 980
37 2 74
37 2 724
37 2 0
38 2 0
38 2 17
38 2 902
38 2 425
38 2 776
38 2 668
38 2 0
38 2 0
38 2 0
39 2 0
39 2 810
39 2 784
39 2 964
39 2 0
40 2 0
40 2 561
40 2 276
40 2 86
40 2 0
41 1 0
41 1 606
41 1 955
41 1 562
41 1 266
41 1 399
41 1 680
41 1 748
41 1 166
41 1 27
41 1 0
41 1 0
41 1 0
41 1 0
42 2 0
42 2 441
42 2 666
42 2 207
42 2 168
42 2 803
42 2 516
42 2 44
42 2 383
42 2 0
42 2 0
42 2 0
43 1 0
43 1 335
43 1 969
43 1 906
43 1 513
43 1 472
43 1 0
44 2 0
44 2 153
44 2 394
44 2 603
44 2 676
44 2 71
44 2 661
44 2 66
44 2 0
44 2 0
44 2 0
45 2 0
45 2 232
45 2 546
45 2 0
46 2 0
46 2 133
46 2 752
46 2 664
46 2 0
46 2 0
46 2 650
46 2 0
47 2 0
47 2 106
47 2 93
47 2 880
47 2 136
47 2 694
47 2 200
47 2 0
48 1 0
48 1 785
48 1 0
48 1 0
48 1 0
49 1 0
49 1 677
49 1 940
49 1 314
49 1 0
50 2 0
50 2 550
50 2 0
51 1 0
51 1 204
51 1 392
51 1 563
51 1 181
51 1 417
51 1 918
51 1 0
51 1 0
51 1 0
52 2 0
52 2 248
52 2 0
53 1 0
53 1 456
53 1 102
53 1 610
53 1 574
53 1 419
53 1 621
53 1 0
53 1 0
53 1 0
54 2 0
54 2 921
54 2 351
54 2 455
54 2 0
54 2 0
54 2 0
55 2 0
55 2 45
55 2 809
55 2 930
55 2 771
55 2 492
55 2 977
55 2 396
55 2 685
55 2 936
55 2 0
55 2 0
55 2 0
56 1 0
56 1 336
56 1 369
56 1 854
56 1 0
56 1 0
56 1 909
56 1 0
57 2 0
57 2 679
57 2 576
57 2 0
57 2 0
57 2 0
58 2 0
58 2 817
58 2 157
58 2 199
58 2 324
58 2 648
58 2 290
58 2 0
58 2 0
58 2 0
59 2 0
59 2 435
59 2 686
59 2 160
59 2 0
59 2 0
59 2 0
60 2 0
60 2 163
60 2 47
60 2 0
61 1 0
61 1 518
61 1 497
61 1 404
61 1 0
61 1 0
61 1 611
61 1 647
61 1 289
61 1 135
61 1 0
61 1 0
61 1 0
62 2 0
62 2 130
62 2 0
62 2 0
62 2 0
63 1 0
63 1 41
63 1 568
63 1 675
63 1 309
63 1 0
63 1 0
63 1 0
64 2 0
64 2 699
64 2 996
64 2 870
64 2 272
64 2 0
64 2 0
64 2 95
64 2 398
64 2 0
65 1 0
65 1 646
65 1 334
65 1 938
65 1 755
65 1 0
65 1 0
65 1 876
65 1 753
65 1 929
65 1 0
66 2 0
66 2 340
66 2 781
66 2 188
66 2 84
66 2 709
66 2 757
66 2 0
66 2 0
66 2 0
67 1 0
67 1 989
67 1 751
67 1 673
67 1 485
67 1 0
67 1 0
67 1 94
67 1 0
68 1 0
68 1 814
68 1 430
68 1 438
68 1 581
68 1 509
68 1 630
68 1 0
68 1 0
68 1 0
69 2 0
69 2 275
69 2 310
69 2 973
69 2 118
69 2 0
69 2 0
69 2 11
69 2 0
70 1 0
70 1 410
70 1 943
70 1 18
70 1 887
70 1 734
70 1 971
70 1 965
70 1 480
70 1 0
70 1 0
71 1 0
71 1 511
71 1 777
71 1 79
71 1 663
71 1 0
71 1 0
71 1 835
71 1 490
71 1 471
71 1 0
72 2 0
72 2 233
72 2 134
72 2 175
72 2 420
72 2 376
72 2 601
72 2 140
72 2 515
72 2 0
72 2 0
72 2 0
73 2 0
73 2 321
73 2 861
73 2 393
73 2 457
73 2 119
73 2 28
73 2 0
74 1 0
74 1 186
74 1 628
74 1 937
74 1 211
74 1 761
74 1 595
74 1 0
75 1 0
75 1 756
75 1 794
75 1 874
75 1 655
75 1 0
75 1 0
75 1 43
75 1 0
76 1 0
76 1 193
76 1 426
76 1 0
76 1 0
76 1 33
76 1 779
76 1 0
77 1 0
77 1 328
77 1 282
77 1 413
77 1 10
77 1 727
77 1 0
77 1 0
77 1 0
78 2 0
78 2 150
78 2 944
78 2 669
78 2 857
78 2 0
79 2 0
79 2 226
79 2 151
79 2 960
79 2 536
79 2 0
80 2 0
80 2 411
80 2 247
80 2 190
80 2 0
80 2 0
80 2 183
80 2 80
80 2 494
80 2 0
81 1 0
81 1 329
81 1 453
81 1 88
81 1 578
81 1 0
81 1 0
81 1 38
81 1 0
82 1 0
82 1 941
82 1 891
82 1 341
82 1 571
82 1 883
82 1 942
82 1 994
82 1 824
82 1 0
82 1 0
82 1 0
82 1 0
83 1 0
83 1 564
83 1 59
83 1 0
84 1 0
84 1 273
84 1 746
84 1 894
84 1 25
84 1 726
84 1 758
84 1 0
84 1 0
84 1 0
84 1 0
85 1 0
85 1 934
85 1 991
85 1 78
85 1 0
85 1 0
85 1 0
86 1 0
86 1 30
86 1 429
86 1 735
86 1 466
86 1 587
86 1 0
87 2 0
87 2 177
87 2 701
87 2 218
87 2 432
87 2 847
87 2 812
87 2 0
87 2 0
87 2 0
88 1 0
88 1 0
89 1 0
89 1 0
90 2 0
90 2 718
90 2 0
90 2 0
90 2 0
91 2 0
91 2 840
91 2 0
91 2 0
91 2 604
91 2 91
91 2 0
92 1 0
92 1 557
92 1 0
93 1 0
93 1 434
93 1 481
93 1 0
94 1 0
94 1 366
94 1 81
94 1 85
94 1 800
94 1 778
94 1 0
94 1 0
94 1 311
94 1 0
94 1 0
94 1 0
95 1 0
95 1 640
95 1 998
95 1 554
95 1 15
95 1 624
95 1 904
95 1 0
95 1 0
95 1 0
95 1 0
96 1 0
96 1 697
96 1 805
96 1 927
96 1 318
96 1 0
96 1 0
96 1 705
96 1 0
97 1 0
97 1 167
97 1 782
97 1 997
97 1 493
97 1 97
97 1 465
97 1 0
97 1 0
97 1 0
97 1 24
97 1 0
98 2 0
98 2 695
98 2 657
98 2 703
98 2 0
98 2 0
98 2 586
98 2 330
98 2 287
98 2 0
98 2 0
98 2 0
99 1 0
99 1 999
99 1 719
99 1 622
99 1 573
99 1 839
99 1 6
99 1 89
99 1 0
99 1 0
100 1 0
100 1 797
100 1 988
100 1 484
100 1 172
100 1 948
100 1 706
100 1 983
100 1 0
100 1 0
101 2 0
101 2 764
101 2 819
101 2 730
101 2 0
101 2 0
101 2 173
101 2 848
101 2 838
101 2 342
101 2 607
101 2 0
102 2 0
102 2 31
102 2 849
102 2 660
102 2 582
102 2 875
102 2 122
102 2 905
102 2 890
102 2 845
102 2 295
102 2 0
102 2 0
103 1 0
103 1 656
103 1 672
103 1 265
103 1 0
103 1 0
103 1 0
104 2 0
104 2 23
104 2 750
104 2 182
104 2 0
105 2 0
105 2 365
105 2 659
105 2 951
105 2 221
105 2 0
105 2 0
105 2 0
106 2 0
106 2 496
106 2 406
106 2 0
107 2 0
107 2 458
107 2 534
107 2 792
107 2 332
107 2 613
107 2 995
107 2 0
107 2 0
107 2 0
108 1 0
108 1 830
108 1 596
108 1 364
108 1 0
108 1 0
108 1 877
108 1 881
108 1 298
108 1 0
109 2 0
109 2 149
109 2 142
109 2 634
109 2 825
109 2 387
109 2 0
109 2 0
109 2 662
109 2 112
109 2 0
110 1 0
110 1 294
110 1 950
110 1 467
110 1 842
110 1 0
111 2 0
111 2 126
111 2 296
111 2 145
111 2 32
111 2 0
111 2 0
111 2 530
111 2 920
111 2 638
111 2 0
112 1 0
112 1 642
112 1 908
112 1 144
112 1 245
112 1 823
112 1 503
112 1 381
112 1 617
112 1 0
112 1 0
112 1 0
112 1 0
113 1 0
113 1 665
113 1 559
113 1 555
113 1 34
113 1 339
113 1 0
113 1 0
113 1 0
113 1 0
114 1 0
114 1 445
114 1 348
114 1 1000
114 1 913
114 1 0
114 1 0
114 1 0
114 1 0
115 1 0
115 1 214
115 1 683
115 1 82
115 1 202
115 1 104
115 1 46
115 1 0
115 1 0
116 2 0
116 2 251
116 2 720
116 2 346
116 2 461
116 2 90
116 2 0
117 2 0
117 2 414
117 2 53
117 2 619
117 2 895
117 2 0
118 2 0
118 2 828
118 2 0
118 2 0
118 2 898
118 2 789
118 2 0
119 2 0
119 2 313
119 2 903
119 2 0
119 2 0
119 2 976
119 2 558
119 2 506
119 2 0
119 2 0
119 2 0
120 2 0
120 2 109
120 2 853
120 2 972
120 2 978
120 2 316
120 2 0
120 2 0
120 2 479
120 2 0
121 2 0
121 2 627
121 2 982
121 2 728
121 2 498
121 2 156
121 2 0
121 2 0
121 2 0
121 2 0
122 1 0
122 1 712
122 1 653
122 1 448
122 1 681
122 1 0
122 1 0
122 1 0
122 1 0
123 2 0
123 2 271
123 2 615
123 2 327
123 2 740
123 2 505
123 2 0
123 2 0
123 2 0
124 1 0
124 1 862
124 1 744
124 1 743
124 1 860
124 1 723
124 1 236
124 1 0
124 1 0
124 1 0
124 1 0
125 1 0
125 1 502
125 1 986
125 1 98
125 1 0
125 1 0
125 1 0
125 1 818
125 1 301
125 1 0
125 1 0
125 1 0
126 2 0
126 2 407
126 2 827
126 2 73
126 2 548
126 2 0
127 1 0
127 1 385
127 1 832
127 1 253
127 1 651
127 1 834
127 1 0
127 1 0
128 2 0
128 2 488
128 2 320
128 2 187
128 2 725
128 2 0
128 2 0
128 2 165
128 2 305
128 2 0
129 1 0
129 1 42
129 1 698
129 1 35
129 1 263
129 1 760
129 1 579
129 1 984
129 1 829
129 1 0
129 1 0
130 2 0
130 2 240
130 2 249
130 2 522
130 2 0
130 2 0
130 2 811
130 2 772
130 2 0
131 2 0
131 2 670
131 2 690
131 2 123
131 2 0
132 2 0
132 2 409
132 2 384
132 2 382
132 2 0
133 1 0
133 1 523
133 1 0
134 2 0
134 2 127
134 2 626
134 2 0
134 2 0
134 2 0
135 1 0
135 1 514
135 1 914
135 1 357
135 1 297
135 1 0
135 1 0
136 2 0
136 2 402
136 2 733
136 2 636
136 2 83
136 2 0
136 2 0
136 2 412
136 2 0
137 1 0
137 1 917
137 1 60
137 1 912
137 1 0
137 1 0
138 1 0
138 1 722
138 1 981
138 1 72
138 1 308
138 1 105
138 1 671
138 1 961
138 1 0
138 1 0
138 1 0
138 1 0
139 2 0
139 2 69
139 2 765
139 2 68
139 2 0
140 2 0
140 2 374
140 2 788
140 2 131
140 2 196
140 2 872
140 2 331
140 2 326
140 2 0
140 2 0
140 2 0
140 2 0
141 2 0
141 2 22
141 2 325
141 2 566
141 2 0
141 2 0
141 2 222
141 2 0
141 2 0
141 2 0
142 2 0
142 2 773
142 2 464
142 2 635
142 2 632
142 2 415
142 2 201
142 2 0
142 2 0
143 1 0
143 1 277
143 1 916
143 1 56
143 1 162
143 1 633
143 1 795
143 1 0
143 1 0
143 1 0
143 1 0
144 2 0
144 2 786
144 2 0
144 2 0
144 2 0
145 1 0
145 1 588
145 1 993
145 1 0
146 2 0
146 2 377
146 2 373
146 2 317
146 2 0
146 2 0
146 2 0
147 2 0
147 2 449
147 2 460
147 2 893
147 2 597
147 2 549
147 2 286
147 2 486
147 2 915
147 2 252
147 2 241
147 2 55
147 2 0
147 2 0
148 2 0
148 2 372
148 2 882
148 2 0
149 1 0
149 1 450
149 1 303
149 1 959
149 1 49
149 1 704
149 1 737
149 1 386
149 1 0
149 1 0
150 1 0
150 1 116
150 1 526
150 1 979
150 1 0
150 1 0
150 1 0
150 1 0
151 1 0
151 1 5
151 1 867
151 1 267
151 1 0
151 1 0
151 1 0
151 1 0
152 2 0
152 2 243
152 2 120
152 2 0
152 2 0
152 2 367
152 2 0
152 2 0
152 2 0
153 2 0
153 2 625
153 2 224
153 2 238
153 2 966
153 2 859
153 2 491
153 2 299
153 2 0
153 2 0
153 2 0
153 2 0
154 2 0
154 2 370
154 2 244
154 2 567
154 2 528
154 2 361
154 2 353
154 2 443
154 2 0
154 2 0
154 2 0
154 2 0
155 1 0
155 1 0
156 2 0
156 2 745
156 2 0
156 2 0
156 2 556
156 2 928
156 2 0
157 1 0
157 1 184
157 1 194
157 1 747
157 1 0
157 1 0
157 1 0
157 1 195
157 1 0
158 2 0
158 2 643
158 2 884
158 2 0
158 2 0
158 2 362
158 2 242
158 2 433
158 2 146
158 2 0
159 1 0
159 1 598
159 1 137
159 1 176
159 1 0
159 1 0
159 1 0
159 1 87
159 1 0
160 1 0
160 1 198
160 1 507
160 1 129
160 1 649
160 1 169
160 1 378
160 1 0
160 1 0
161 2 0
161 2 155
161 2 618
161 2 0
161 2 0
161 2 0
162 2 0
162 2 924
162 2 623
162 2 117
162 2 280
162 2 0
162 2 0
163 2 0
163 2 268
163 2 674
163 2 333
163 2 569
163 2 499
163 2 0
163 2 0
164 1 0
164 1 684
164 1 422
164 1 21
164 1 197
164 1 687
164 1 0
164 1 0
164 1 0
164 1 0
165 2 0
165 2 368
165 2 953
165 2 691
165 2 306
165 2 589
165 2 278
165 2 787
165 2 0
165 2 0
165 2 0
165 2 0
166 1 0
166 1 416
166 1 900
166 1 210
166 1 667
166 1 96
166 1 76
166 1 75
166 1 0
166 1 0
167 1 0
167 1 482
167 1 379
167 1 768
167 1 159
167 1 629
167 1 952
167 1 0
167 1 0
167 1 0
167 1 0
168 1 0
168 1 451
168 1 0
169 1 0
169 1 61
169 1 946
169 1 631
169 1 427
169 1 963
169 1 739
169 1 0
169 1 0
169 1 0
169 1 0
170 1 0
170 1 103
170 1 215
170 1 256
170 1 962
170 1 858
170 1 0
170 1 0
170 1 0
170 1 0
171 2 0
171 2 517
171 2 347
171 2 878
171 2 206
171 2 585
171 2 879
171 2 836
171 2 3
171 2 0
171 2 0
172 2 0
172 2 100
172 2 227
172 2 452
172 2 285
172 2 0
172 2 0
172 2 0
172 2 0
173 1 0
173 1 770
173 1 403
173 1 0
173 1 0
173 1 0
173 1 552
173 1 375
173 1 138
173 1 0
173 1 0
174 2 0
174 2 322
174 2 0
175 2 0
175 2 639
175 2 0
176 2 0
176 2 711
176 2 560
176 2 713
176 2 0
176 2 0
177 1 0
177 1 901
177 1 343
177 1 0
177 1 0
178 2 0
178 2 483
178 2 821
178 2 258
178 2 926
178 2 0
178 2 0
178 2 0
178 2 0
179 2 0
179 2 52
179 2 533
179 2 769
179 2 344
179 2 439
179 2 0
179 2 0
179 2 0
179 2 0
180 2 0
180 2 115
180 2 225
180 2 358
180 2 696
180 2 519
180 2 121
180 2 896
180 2 547
180 2 0
180 2 0
180 2 0
180 2 0
181 1 0
181 1 228
181 1 350
181 1 0
181 1 0
181 1 0
181 1 0
182 2 0
182 2 20
182 2 174
182 2 444
182 2 147
182 2 26
182 2 889
182 2 0
182 2 0
182 2 0
182 2 0
183 2 0
183 2 203
183 2 931
183 2 851
183 2 363
183 2 892
183 2 139
183 2 260
183 2 110
183 2 0
183 2 0
184 2 0
184 2 261
184 2 388
184 2 736
184 2 766
184 2 637
184 2 0
184 2 0
184 2 0
184 2 0
185 2 0
185 2 599
185 2 864
185 2 231
185 2 620
185 2 0
185 2 0
186 1 0
186 1 111
186 1 933
186 1 0
186 1 0
186 1 0
186 1 209
186 1 0
186 1 0
187 2 0
187 2 312
187 2 302
187 2 833
187 2 658
187 2 537
187 2 337
187 2 731
187 2 0
187 2 0
187 2 0
187 2 0
188 2 0
188 2 16
188 2 262
188 2 0
188 2 0
188 2 0
188 2 152
188 2 0
189 1 0
189 1 70
189 1 67
189 1 300
189 1 239
189 1 0
189 1 0
189 1 0
189 1 0
190 1 0
190 1 592
190 1 575
190 1 0
190 1 0
190 1 0
190 1 219
190 1 0
190 1 0
191 2 0
191 2 1
191 2 804
191 2 0
191 2 0
191 2 0
191 2 108
191 2 594
191 2 0
191 2 0
192 1 0
192 1 487
192 1 775
192 1 390
192 1 62
192 1 405
192 1 0
192 1 0
192 1 0
192 1 0
193 1 0
193 1 234
193 1 688
193 1 968
193 1 935
193 1 0
193 1 0
193 1 0
193 1 0
194 2 0
194 2 355
194 2 132
194 2 39
194 2 359
194 2 235
194 2 572
194 2 0
194 2 0
194 2 0
194 2 0
195 1 0
195 1 729
195 1 424
195 1 583
195 1 421
195 1 0
195 1 0
195 1 0
195 1 0
196 1 0
196 1 213
196 1 888
196 1 315
196 1 0
196 1 0
197 1 0
197 1 65
197 1 774
197 1 702
197 1 0
197 1 0
198 2 0
198 2 822
198 2 0
198 2 0
198 2 0
198 2 0
199 2 0
199 2 886
199 2 500
199 2 987
199 2 762
199 2 192
199 2 469
199 2 527
199 2 0
199 2 0
199 2 0
199 2 0
200 1 0
200 1 614
200 1 48
200 1 584
200 1 0
200 1 0
200 1 0
200 1 0
201 2 0
201 2 551
201 2 395
201 2 371
201 2 0
201 2 0
202 1 0
202 1 521
202 1 0
202 1 0
203 1 0
203 1 143
203 1 985
203 1 958
203 1 51
203 1 0
203 1 0
203 1 0
203 1 431
203 1 0
203 1 0
204 1 0
204 1 185
204 1 780
204 1 179
204 1 0
204 1 0
204 1 0
204 1 29
204 1 0
205 2 0
205 2 956
205 2 474
205 2 19
205 2 957
205 2 0
205 2 0
205 2 0
205 2 0
206 1 0
206 1 540
206 1 50
206 1 0
206 1 0
206 1 0
206 1 77
206 1 12
206 1 0
206 1 0
207 1 0
207 1 869
207 1 708
207 1 274
207 1 0
207 1 0
208 1 0
208 1 270
208 1 0
208 1 0
209 1 0
209 1 13
209 1 0
209 1 0
210 1 0
210 1 2
210 1 0
