total cost: 338693
1 2 0
1 2 553
1 2 288
1 2 767
1 2 0
1 2 0
1 2 616
1 2 180
1 2 257
1 2 932
1 2 0
2 2 0
2 2 220
2 2 802
2 2 577
2 2 408
2 2 801
2 2 0
2 2 0
2 2 307
2 2 790
2 2 0
2 2 0
2 2 141
2 2 0
3 1 0
3 1 539
3 1 462
3 1 813
3 1 693
3 1 754
3 1 974
3 1 0
3 1 0
3 1 793
3 1 654
3 1 0
4 2 0
4 2 645
4 2 865
4 2 189
4 2 428
4 2 0
4 2 0
4 2 652
4 2 591
4 2 520
4 2 0
5 1 0
5 1 605
5 1 856
5 1 947
5 1 593
5 1 602
5 1 716
5 1 525
5 1 8
5 1 476
5 1 205
5 1 0
5 1 0
5 1 0
6 1 0
6 1 463
6 1 354
6 1 442
6 1 710
6 1 717
6 1 94
6 1 0
6 1 0
6 1 0
7 1 0
7 1 254
7 1 57
7 1 843
7 1 423
7 1 798
7 1 468
7 1 380
7 1 0
7 1 0
7 1 0
8 1 0
8 1 281
8 1 532
8 1 489
8 1 440
8 1 391
8 1 304
8 1 114
8 1 0
8 1 0
8 1 0
9 2 0
9 2 954
9 2 154
9 2 37
9 2 283
9 2 919
9 2 475
9 2 0
9 2 0
9 2 0
10 2 0
10 2 170
10 2 400
10 2 689
10 2 749
10 2 229
10 2 510
10 2 356
10 2 0
11 1 0
11 1 459
11 1 454
11 1 124
11 1 401
11 1 535
11 1 799
11 1 0
12 1 0
12 1 4
12 1 911
12 1 899
12 1 831
12 1 939
12 1 0
12 1 0
12 1 319
12 1 561
12 1 230
12 1 0
13 1 0
13 1 763
13 1 250
13 1 826
13 1 922
13 1 101
13 1 783
13 1 217
13 1 0
13 1 0
13 1 504
13 1 732
13 1 0
14 2 0
14 2 501
14 2 682
14 2 338
14 2 237
14 2 759
14 2 0
14 2 0
14 2 714
14 2 293
14 2 0
15 1 0
15 1 478
15 1 473
15 1 863
15 1 609
15 1 0
15 1 0
15 1 544
15 1 641
15 1 477
15 1 0
16 2 0
16 2 841
16 2 7
16 2 543
16 2 992
16 2 437
16 2 40
16 2 246
16 2 990
16 2 844
16 2 0
16 2 0
16 2 0
17 2 0
17 2 570
17 2 264
17 2 810
17 2 276
17 2 784
17 2 86
17 2 0
17 2 0
17 2 0
18 2 0
18 2 284
18 2 58
18 2 204
18 2 563
18 2 964
18 2 940
18 2 314
18 2 191
18 2 0
19 1 0
19 1 975
19 1 742
19 1 0
20 2 0
20 2 565
20 2 850
20 2 871
20 2 910
20 2 36
20 2 524
20 2 63
20 2 807
20 2 0
20 2 0
20 2 0
21 2 0
21 2 164
21 2 721
21 2 107
21 2 600
21 2 650
21 2 885
21 2 0
22 2 0
22 2 291
22 2 542
22 2 707
22 2 399
22 2 680
22 2 873
22 2 360
22 2 897
22 2 815
22 2 0
22 2 0
22 2 0
23 2 0
23 2 846
23 2 335
23 2 608
23 2 0
23 2 0
23 2 612
23 2 590
23 2 0
24 1 0
24 1 128
24 1 925
24 1 9
24 1 741
24 1 0
24 1 0
24 1 171
24 1 0
25 1 0
25 1 816
25 1 113
25 1 868
25 1 907
25 1 0
25 1 0
25 1 92
25 1 216
25 1 95
25 1 323
25 1 0
26 2 0
26 2 866
26 2 54
26 2 418
26 2 84
26 2 709
26 2 776
26 2 668
26 2 0
26 2 0
26 2 0
27 1 0
27 1 820
27 1 188
27 1 781
27 1 177
27 1 686
27 1 0
27 1 0
27 1 148
27 1 0
28 2 0
28 2 389
28 2 580
28 2 538
28 2 446
28 2 232
28 2 855
28 2 808
28 2 512
28 2 397
28 2 692
28 2 0
28 2 0
28 2 0
29 1 0
29 1 738
29 1 796
29 1 644
29 1 447
29 1 0
29 1 0
29 1 99
29 1 785
29 1 0
29 1 0
29 1 0
30 2 0
30 2 158
30 2 541
30 2 611
30 2 647
30 2 255
30 2 455
30 2 0
30 2 0
30 2 967
30 2 0
31 1 0
31 1 17
31 1 715
31 1 902
31 1 425
31 1 0
31 1 0
31 1 161
31 1 178
31 1 0
32 1 0
32 1 529
32 1 603
32 1 349
32 1 279
32 1 0
32 1 0
32 1 678
32 1 923
32 1 436
32 1 0
33 1 0
33 1 606
33 1 955
33 1 562
33 1 266
33 1 752
33 1 664
33 1 0
33 1 0
33 1 352
33 1 508
33 1 0
34 1 0
34 1 153
34 1 394
34 1 666
34 1 441
34 1 207
34 1 168
34 1 0
34 1 0
34 1 949
34 1 852
34 1 0
35 2 0
35 2 531
35 2 45
35 2 806
35 2 814
35 2 93
35 2 945
35 2 880
35 2 345
35 2 0
36 2 0
36 2 14
36 2 329
36 2 676
36 2 71
36 2 44
36 2 383
36 2 545
36 2 906
36 2 0
37 1 0
37 1 133
37 1 290
37 1 0
37 1 0
37 1 472
37 1 513
37 1 0
37 1 0
37 1 0
38 2 0
38 2 700
38 2 470
38 2 106
38 2 791
38 2 259
38 2 125
38 2 0
39 1 0
39 1 495
39 1 969
39 1 803
39 1 516
39 1 0
40 1 0
40 1 64
40 1 648
40 1 324
40 1 971
40 1 965
40 1 734
40 1 480
40 1 0
40 1 0
40 1 0
41 2 0
41 2 837
41 2 909
41 2 960
41 2 24
41 2 0
42 2 0
42 2 456
42 2 996
42 2 699
42 2 392
42 2 677
42 2 181
42 2 918
42 2 0
42 2 0
42 2 0
43 2 0
43 2 336
43 2 102
43 2 921
43 2 351
43 2 0
43 2 0
43 2 679
43 2 753
43 2 0
44 2 0
44 2 817
44 2 751
44 2 157
44 2 410
44 2 485
44 2 151
44 2 0
44 2 0
44 2 212
44 2 0
45 2 0
45 2 518
45 2 497
45 2 610
45 2 574
45 2 419
45 2 150
45 2 621
45 2 0
45 2 0
45 2 269
45 2 0
46 2 0
46 2 435
46 2 160
46 2 861
46 2 457
46 2 119
46 2 28
46 2 630
46 2 0
46 2 0
46 2 0
47 2 0
47 2 369
47 2 426
47 2 0
47 2 0
47 2 980
47 2 724
47 2 74
47 2 0
47 2 0
47 2 0
48 2 0
48 2 199
48 2 887
48 2 310
48 2 275
48 2 970
48 2 581
48 2 936
48 2 509
48 2 0
49 2 0
49 2 576
49 2 0
49 2 0
49 2 0
50 2 0
50 2 41
50 2 417
50 2 779
50 2 0
50 2 0
50 2 0
51 1 0
51 1 809
51 1 930
51 1 771
51 1 492
51 1 413
51 1 0
51 1 0
51 1 550
51 1 0
52 2 0
52 2 340
52 2 756
52 2 134
52 2 175
52 2 376
52 2 601
52 2 140
52 2 515
52 2 0
52 2 0
52 2 0
53 2 0
53 2 292
53 2 586
53 2 79
53 2 208
53 2 494
53 2 812
53 2 0
53 2 0
53 2 0
54 1 0
54 1 646
54 1 334
54 1 938
54 1 755
54 1 0
54 1 0
54 1 876
54 1 929
54 1 91
54 1 0
55 1 0
55 1 989
55 1 233
55 1 794
55 1 874
55 1 0
55 1 0
55 1 398
55 1 80
55 1 490
55 1 835
55 1 0
56 2 0
56 2 568
56 2 289
56 2 675
56 2 309
56 2 0
56 2 0
56 2 0
57 1 0
57 1 136
57 1 694
57 1 438
57 1 223
57 1 0
58 2 0
58 2 248
58 2 200
58 2 0
59 2 0
59 2 673
59 2 458
59 2 792
59 2 613
59 2 523
59 2 348
59 2 0
59 2 0
59 2 166
59 2 0
60 1 0
60 1 943
60 1 941
60 1 282
60 1 977
60 1 685
60 1 0
60 1 0
60 1 47
60 1 0
61 1 0
61 1 511
61 1 777
61 1 663
61 1 0
61 1 0
61 1 748
61 1 481
61 1 434
61 1 0
61 1 0
61 1 0
62 2 0
62 2 854
62 2 59
62 2 840
62 2 0
62 2 0
62 2 163
62 2 604
62 2 0
63 1 0
63 1 430
63 1 764
63 1 997
63 1 800
63 1 778
63 1 0
63 1 0
63 1 43
63 1 0
64 1 0
64 1 328
64 1 126
64 1 0
64 1 0
64 1 183
64 1 701
64 1 471
64 1 847
64 1 0
64 1 0
64 1 0
65 2 0
65 2 321
65 2 655
65 2 0
65 2 0
65 2 718
65 2 0
65 2 0
65 2 0
66 1 0
66 1 411
66 1 404
66 1 0
66 1 0
66 1 757
66 1 311
66 1 0
66 1 0
66 1 0
67 1 0
67 1 226
67 1 973
67 1 0
67 1 0
67 1 38
67 1 287
67 1 0
67 1 0
67 1 0
68 1 0
68 1 18
68 1 332
68 1 622
68 1 573
68 1 942
68 1 0
68 1 0
68 1 0
68 1 0
69 2 0
69 2 564
69 2 695
69 2 657
69 2 0
69 2 0
69 2 396
69 2 656
69 2 672
69 2 727
69 2 0
69 2 0
69 2 0
70 1 0
70 1 273
70 1 746
70 1 25
70 1 894
70 1 172
70 1 628
70 1 937
70 1 211
70 1 761
70 1 0
70 1 0
70 1 0
70 1 0
71 2 0
71 2 934
71 2 453
71 2 88
71 2 578
71 2 365
71 2 0
71 2 0
71 2 27
71 2 11
71 2 0
72 2 0
72 2 30
72 2 429
72 2 466
72 2 484
72 2 948
72 2 135
72 2 0
72 2 0
72 2 0
73 1 0
73 1 697
73 1 272
73 1 0
73 1 0
73 1 85
73 1 493
73 1 881
73 1 298
73 1 0
74 2 0
74 2 640
74 2 554
74 2 559
74 2 555
74 2 34
74 2 432
74 2 526
74 2 339
74 2 0
74 2 0
74 2 0
74 2 0
75 2 0
75 2 366
75 2 805
75 2 735
75 2 758
75 2 595
75 2 587
75 2 0
76 2 0
76 2 81
76 2 186
76 2 877
76 2 0
77 1 0
77 1 167
77 1 830
77 1 0
77 1 0
77 1 193
77 1 659
77 1 848
77 1 838
77 1 750
77 1 342
77 1 0
77 1 0
78 1 0
78 1 870
78 1 988
78 1 927
78 1 318
78 1 0
78 1 0
78 1 705
78 1 23
78 1 607
78 1 0
79 2 0
79 2 999
79 2 891
79 2 730
79 2 819
79 2 0
79 2 0
79 2 118
79 2 496
79 2 883
79 2 265
79 2 0
79 2 0
79 2 0
80 1 0
80 1 797
80 1 720
80 1 97
80 1 683
80 1 0
80 1 0
80 1 944
80 1 669
80 1 857
80 1 0
81 1 0
81 1 341
81 1 719
81 1 839
81 1 145
81 1 0
81 1 0
81 1 661
81 1 182
81 1 0
82 2 0
82 2 31
82 2 849
82 2 660
82 2 582
82 2 726
82 2 201
82 2 0
82 2 0
82 2 0
82 2 0
83 1 0
83 1 393
83 1 488
83 1 187
83 1 786
83 1 0
83 1 0
83 1 0
83 1 0
84 2 0
84 2 173
84 2 951
84 2 245
84 2 53
84 2 619
84 2 895
84 2 0
84 2 0
84 2 0
84 2 0
85 1 0
85 1 247
85 1 908
85 1 728
85 1 498
85 1 0
85 1 0
85 1 0
85 1 662
85 1 0
86 2 0
86 2 991
86 2 627
86 2 703
86 2 144
86 2 823
86 2 0
86 2 0
86 2 0
86 2 0
87 1 0
87 1 782
87 1 862
87 1 596
87 1 467
87 1 0
87 1 0
87 1 557
87 1 624
87 1 0
88 1 0
88 1 420
88 1 998
88 1 522
88 1 872
88 1 331
88 1 326
88 1 373
88 1 0
88 1 0
88 1 0
88 1 0
89 1 0
89 1 149
89 1 534
89 1 634
89 1 825
89 1 0
89 1 0
89 1 0
89 1 546
89 1 789
89 1 0
90 1 0
90 1 294
90 1 950
90 1 465
90 1 214
90 1 0
90 1 0
90 1 479
90 1 0
90 1 0
90 1 0
91 1 0
91 1 642
91 1 327
91 1 615
91 1 253
91 1 651
91 1 0
91 1 0
91 1 0
91 1 0
92 1 0
92 1 218
92 1 116
92 1 928
92 1 0
92 1 0
92 1 0
92 1 0
93 1 0
93 1 78
93 1 414
93 1 740
93 1 617
93 1 0
93 1 0
93 1 0
93 1 0
94 2 0
94 2 842
94 2 82
94 2 824
94 2 0
94 2 0
94 2 0
95 2 0
95 2 445
95 2 387
95 2 1000
95 2 69
95 2 165
95 2 0
95 2 0
95 2 0
96 2 0
96 2 665
96 2 712
96 2 653
96 2 0
96 2 0
96 2 10
96 2 346
96 2 0
97 2 0
97 2 898
97 2 706
97 2 983
97 2 0
98 2 0
98 2 251
98 2 773
98 2 98
98 2 635
98 2 632
98 2 711
98 2 0
98 2 0
98 2 0
98 2 0
99 2 0
99 2 536
99 2 301
99 2 626
99 2 0
99 2 0
99 2 0
100 1 0
100 1 904
100 1 322
100 1 499
100 1 0
100 1 0
101 2 0
101 2 571
101 2 6
101 2 912
101 2 104
101 2 461
101 2 90
101 2 0
101 2 0
102 1 0
102 1 828
102 1 448
102 1 598
102 1 681
102 1 0
102 1 0
102 1 0
102 1 0
103 2 0
103 2 313
103 2 903
103 2 0
103 2 0
103 2 190
103 2 122
103 2 875
103 2 558
103 2 506
103 2 83
103 2 0
103 2 0
104 2 0
104 2 976
104 2 832
104 2 263
104 2 905
104 2 890
104 2 579
104 2 829
104 2 0
104 2 0
105 1 0
105 1 109
105 1 853
105 1 972
105 1 316
105 1 0
105 1 0
105 1 0
105 1 530
105 1 772
105 1 0
106 2 0
106 2 296
106 2 0
106 2 0
106 2 367
106 2 222
106 2 0
106 2 0
106 2 0
107 1 0
107 1 142
107 1 460
107 1 320
107 1 0
107 1 0
107 1 0
107 1 818
107 1 0
107 1 0
107 1 0
108 1 0
108 1 502
108 1 986
108 1 0
108 1 0
108 1 994
108 1 127
108 1 0
109 1 0
109 1 271
109 1 827
109 1 156
109 1 73
109 1 548
109 1 503
109 1 0
109 1 0
109 1 0
109 1 0
110 2 0
110 2 920
110 2 317
110 2 0
110 2 0
110 2 0
111 2 0
111 2 364
111 2 743
111 2 860
111 2 723
111 2 236
111 2 46
111 2 382
111 2 0
111 2 0
111 2 0
111 2 0
112 1 0
112 1 638
112 1 556
112 1 0
112 1 0
112 1 0
113 2 0
113 2 385
113 2 402
113 2 636
113 2 415
113 2 49
113 2 704
113 2 386
113 2 0
113 2 0
114 2 0
114 2 407
114 2 505
114 2 0
115 2 0
115 2 42
115 2 698
115 2 35
115 2 760
115 2 834
115 2 381
115 2 0
115 2 0
116 2 0
116 2 240
116 2 196
116 2 377
116 2 0
116 2 0
116 2 811
116 2 305
116 2 68
116 2 0
117 2 0
117 2 406
117 2 412
117 2 372
117 2 0
117 2 0
117 2 0
118 2 0
118 2 32
118 2 60
118 2 89
118 2 882
118 2 0
119 1 0
119 1 670
119 1 914
119 1 123
119 1 0
119 1 0
120 2 0
120 2 409
120 2 981
120 2 507
120 2 649
120 2 491
120 2 433
120 2 242
120 2 0
120 2 0
120 2 0
120 2 0
121 1 0
121 1 744
121 1 625
121 1 384
121 1 303
121 1 464
121 1 0
121 1 0
121 1 0
121 1 0
122 1 0
122 1 15
122 1 995
122 1 0
122 1 0
123 1 0
123 1 514
123 1 916
123 1 56
123 1 162
123 1 962
123 1 0
123 1 0
123 1 0
123 1 0
124 2 0
124 2 917
124 2 859
124 2 299
124 2 378
124 2 585
124 2 0
124 2 0
125 1 0
125 1 588
125 1 993
125 1 0
125 1 0
125 1 0
126 1 0
126 1 722
126 1 224
126 1 238
126 1 416
126 1 900
126 1 0
126 1 0
126 1 0
126 1 0
127 2 0
127 2 765
127 2 913
127 2 87
127 2 0
127 2 0
127 2 0
128 1 0
128 1 982
128 1 953
128 1 633
128 1 984
128 1 845
128 1 0
128 1 0
129 2 0
129 2 374
129 2 788
129 2 137
129 2 978
129 2 867
129 2 0
129 2 0
129 2 0
129 2 0
130 2 0
130 2 22
130 2 884
130 2 618
130 2 0
130 2 0
130 2 330
130 2 0
131 2 0
131 2 277
131 2 690
131 2 357
131 2 691
131 2 589
131 2 278
131 2 787
131 2 739
131 2 0
131 2 0
131 2 0
131 2 0
132 2 0
132 2 221
132 2 112
132 2 0
133 1 0
133 1 449
133 1 893
133 1 747
133 1 597
133 1 517
133 1 286
133 1 486
133 1 915
133 1 0
133 1 0
133 1 0
133 1 0
134 1 0
134 1 566
134 1 0
134 1 0
134 1 5
134 1 0
135 1 0
135 1 725
135 1 0
135 1 0
135 1 202
135 1 146
135 1 76
135 1 0
135 1 0
136 1 0
136 1 243
136 1 684
136 1 0
136 1 0
136 1 0
136 1 0
137 2 0
137 2 370
137 2 244
137 2 946
137 2 528
137 2 361
137 2 353
137 2 0
137 2 0
137 2 0
137 2 0
138 2 0
138 2 450
138 2 308
138 2 105
138 2 961
138 2 629
138 2 75
138 2 0
138 2 0
139 2 0
139 2 184
139 2 194
139 2 924
139 2 623
139 2 0
139 2 0
139 2 0
139 2 130
139 2 0
140 2 0
140 2 733
140 2 631
140 2 533
140 2 769
140 2 0
140 2 0
140 2 0
140 2 0
141 1 0
141 1 643
141 1 0
141 1 0
141 1 325
141 1 267
141 1 0
141 1 0
141 1 0
141 1 0
142 1 0
142 1 176
142 1 674
142 1 0
142 1 0
143 2 0
143 2 966
143 2 227
143 2 117
143 2 206
143 2 519
143 2 121
143 2 0
143 2 0
143 2 0
143 2 0
144 2 0
144 2 198
144 2 129
144 2 878
144 2 452
144 2 285
144 2 952
144 2 0
144 2 0
144 2 0
144 2 0
145 1 0
145 1 0
146 2 0
146 2 745
146 2 0
146 2 0
146 2 569
146 2 0
147 2 0
147 2 131
147 2 249
147 2 268
147 2 21
147 2 0
147 2 0
147 2 0
147 2 0
148 2 0
148 2 368
148 2 20
148 2 174
148 2 147
148 2 26
148 2 889
148 2 774
148 2 0
148 2 0
148 2 0
148 2 0
149 2 0
149 2 210
149 2 159
149 2 671
149 2 639
149 2 737
149 2 858
149 2 0
149 2 0
150 1 0
150 1 120
150 1 403
150 1 851
150 1 931
150 1 0
150 1 0
150 1 0
150 1 451
150 1 252
150 1 0
150 1 0
151 1 0
151 1 482
151 1 379
151 1 343
151 1 0
151 1 0
151 1 0
151 1 55
151 1 0
152 2 0
152 2 333
152 2 155
152 2 552
152 2 599
152 2 836
152 2 0
152 2 0
153 2 0
153 2 72
153 2 901
153 2 959
153 2 667
153 2 362
153 2 96
153 2 0
153 2 0
154 1 0
154 1 103
154 1 215
154 1 256
154 1 567
154 1 0
154 1 0
154 1 0
154 1 66
154 1 0
155 2 0
155 2 770
155 2 422
155 2 302
155 2 197
155 2 0
155 2 0
155 2 0
155 2 0
156 2 0
156 2 61
156 2 768
156 2 575
156 2 637
156 2 0
156 2 0
156 2 0
156 2 0
157 2 0
157 2 100
157 2 347
157 2 358
157 2 225
157 2 696
157 2 879
157 2 0
157 2 0
157 2 0
157 2 0
158 2 0
158 2 241
158 2 375
158 2 892
158 2 0
158 2 0
159 2 0
159 2 549
159 2 687
159 2 833
159 2 537
159 2 731
159 2 620
159 2 0
159 2 0
160 1 0
160 1 443
160 1 963
160 1 427
160 1 0
160 1 0
160 1 0
160 1 0
161 1 0
161 1 979
161 1 0
161 1 0
161 1 0
161 1 0
162 2 0
162 2 560
162 2 344
162 2 65
162 2 0
162 2 0
163 2 0
163 2 483
163 2 821
163 2 258
163 2 405
163 2 896
163 2 3
163 2 0
163 2 0
163 2 0
163 2 0
164 2 0
164 2 297
164 2 795
164 2 295
164 2 0
164 2 0
165 2 0
165 2 115
165 2 926
165 2 62
165 2 390
165 2 337
165 2 0
165 2 0
165 2 0
165 2 0
166 1 0
166 1 52
166 1 804
166 1 0
166 1 0
166 1 0
166 1 713
166 1 702
166 1 888
166 1 0
166 1 0
167 1 0
167 1 228
167 1 350
167 1 594
167 1 551
167 1 0
167 1 0
167 1 0
167 1 0
168 2 0
168 2 203
168 2 234
168 2 239
168 2 935
168 2 583
168 2 300
168 2 48
168 2 0
168 2 0
168 2 0
168 2 0
169 2 0
169 2 261
169 2 886
169 2 766
169 2 388
169 2 736
169 2 572
169 2 527
169 2 235
169 2 0
169 2 0
169 2 0
169 2 0
170 1 0
170 1 864
170 1 138
170 1 110
170 1 0
170 1 0
171 2 0
171 2 111
171 2 933
171 2 500
171 2 762
171 2 421
171 2 192
171 2 469
171 2 0
171 2 0
171 2 0
171 2 0
172 2 0
172 2 312
172 2 658
172 2 968
172 2 584
172 2 371
172 2 0
172 2 0
172 2 0
172 2 0
173 2 0
173 2 16
173 2 444
173 2 132
173 2 39
173 2 359
173 2 0
173 2 0
173 2 0
173 2 0
174 1 0
174 1 592
174 1 1
174 1 213
174 1 0
174 1 0
175 2 0
175 2 355
175 2 306
175 2 50
175 2 19
175 2 957
175 2 869
175 2 0
175 2 0
175 2 0
175 2 0
176 1 0
176 1 363
176 1 614
176 1 139
176 1 0
176 1 0
176 1 0
176 1 0
177 1 0
177 1 70
177 1 67
177 1 540
177 1 0
177 1 0
177 1 0
177 1 547
177 1 0
177 1 0
178 2 0
178 2 439
178 2 315
178 2 822
178 2 0
178 2 0
178 2 0
178 2 0
179 2 0
179 2 280
179 2 260
179 2 0
179 2 0
180 2 0
180 2 262
180 2 987
180 2 0
180 2 0
180 2 0
180 2 219
180 2 0
180 2 0
181 1 0
181 1 487
181 1 185
181 1 958
181 1 51
181 1 0
181 1 521
181 1 0
181 1 0
181 1 0
181 1 0
182 2 0
182 2 729
182 2 985
182 2 77
182 2 708
182 2 0
182 2 0
182 2 0
182 2 0
183 1 0
183 1 431
183 1 395
183 1 0
183 1 0
183 1 0
183 1 0
184 2 0
184 2 270
184 2 231
184 2 0
184 2 0
184 2 0
184 2 0
185 2 0
185 2 775
185 2 179
185 2 274
185 2 0
185 2 0
185 2 0
185 2 0
186 2 0
186 2 688
186 2 474
186 2 0
186 2 0
186 2 0
186 2 209
186 2 169
186 2 12
186 2 0
186 2 0
187 1 0
187 1 143
187 1 780
187 1 424
187 1 0
187 1 195
187 1 0
187 1 0
187 1 0
188 2 0
188 2 956
188 2 0
188 2 0
188 2 0
188 2 152
188 2 0
189 2 0
189 2 108
189 2 0
190 1 0
190 1 33
190 1 0
191 2 0
191 2 29
191 2 0
192 1 0
192 1 13
192 1 0
192 1 0
193 1 0
193 1 2
193 1 0
