total cost: 339274
1 2 0
1 2 553
1 2 288
1 2 767
1 2 0
1 2 0
1 2 307
1 2 793
1 2 0
1 2 0
1 2 141
1 2 0
2 1 0
2 1 220
2 1 802
2 1 577
2 1 254
2 1 0
2 1 0
2 1 616
2 1 180
2 1 257
2 1 932
2 1 0
2 1 0
2 1 0
3 1 0
3 1 801
3 1 754
3 1 593
3 1 475
3 1 510
3 1 356
3 1 0
4 1 0
4 1 463
4 1 539
4 1 0
5 1 0
5 1 954
5 1 161
5 1 652
5 1 0
5 1 0
5 1 0
6 2 0
6 2 790
6 2 0
6 2 0
6 2 654
6 2 0
7 1 0
7 1 645
7 1 865
7 1 189
7 1 0
7 1 0
7 1 612
7 1 0
8 2 0
8 2 605
8 2 974
8 2 716
8 2 525
8 2 476
8 2 0
9 1 0
9 1 408
9 1 947
9 1 401
9 1 229
9 1 535
9 1 0
9 1 0
9 1 0
10 2 0
10 2 57
10 2 281
10 2 843
10 2 170
10 2 749
10 2 423
10 2 717
10 2 0
11 2 0
11 2 856
11 2 763
11 2 831
11 2 602
11 2 911
11 2 468
11 2 700
11 2 783
11 2 477
11 2 0
12 2 0
12 2 354
12 2 442
12 2 710
12 2 532
12 2 304
12 2 205
12 2 114
12 2 0
13 1 0
13 1 459
13 1 693
13 1 454
13 1 0
14 1 0
14 1 319
14 1 689
14 1 798
14 1 544
14 1 0
15 1 0
15 1 164
15 1 391
15 1 440
15 1 216
15 1 650
15 1 600
15 1 0
15 1 0
15 1 0
16 2 0
16 2 37
16 2 14
16 2 855
16 2 808
16 2 512
16 2 397
16 2 212
16 2 0
17 2 0
17 2 154
17 2 0
17 2 0
17 2 124
17 2 919
17 2 799
17 2 148
17 2 0
18 2 0
18 2 462
18 2 813
18 2 473
18 2 609
18 2 293
18 2 0
19 2 0
19 2 8
19 2 561
19 2 520
19 2 504
19 2 0
20 2 0
20 2 4
20 2 250
20 2 899
20 2 826
20 2 922
20 2 217
20 2 470
20 2 897
20 2 345
20 2 0
20 2 0
20 2 0
21 2 0
21 2 501
21 2 400
21 2 682
21 2 284
21 2 759
21 2 0
21 2 0
21 2 283
21 2 590
21 2 0
22 1 0
22 1 478
22 1 975
22 1 570
22 1 810
22 1 276
22 1 0
22 1 0
22 1 0
23 1 0
23 1 92
23 1 591
23 1 230
23 1 0
24 1 0
24 1 565
24 1 871
24 1 850
24 1 58
24 1 0
24 1 0
24 1 714
24 1 807
24 1 0
25 2 0
25 2 841
25 2 7
25 2 101
25 2 543
25 2 437
25 2 992
25 2 923
25 2 436
25 2 0
25 2 0
25 2 0
26 2 0
26 2 428
26 2 820
26 2 715
26 2 741
26 2 107
26 2 0
26 2 0
26 2 352
26 2 742
26 2 0
27 2 0
27 2 489
27 2 732
27 2 94
27 2 0
28 2 0
28 2 291
28 2 866
28 2 128
28 2 9
28 2 324
28 2 648
28 2 0
28 2 0
28 2 0
29 1 0
29 1 846
29 1 335
29 1 0
29 1 0
29 1 641
29 1 508
29 1 815
29 1 0
30 1 0
30 1 264
30 1 910
30 1 524
30 1 63
30 1 0
31 2 0
31 2 816
31 2 863
31 2 868
31 2 907
31 2 349
31 2 0
31 2 0
31 2 380
31 2 0
32 1 0
32 1 158
32 1 237
32 1 338
32 1 939
32 1 0
32 1 0
32 1 171
32 1 0
33 2 0
33 2 389
33 2 580
33 2 538
33 2 446
33 2 495
33 2 949
33 2 692
33 2 852
33 2 0
34 2 0
34 2 113
34 2 529
34 2 738
34 2 608
34 2 513
34 2 906
34 2 545
34 2 0
34 2 0
34 2 0
35 1 0
35 1 54
35 1 925
35 1 418
35 1 902
35 1 84
35 1 885
35 1 323
35 1 178
35 1 0
36 1 0
36 1 721
36 1 967
36 1 678
36 1 0
37 2 0
37 2 279
37 2 99
37 2 785
37 2 472
37 2 679
37 2 0
38 2 0
38 2 36
38 2 541
38 2 204
38 2 563
38 2 964
38 2 940
38 2 314
38 2 125
38 2 191
38 2 0
39 1 0
39 1 17
39 1 511
39 1 425
39 1 776
39 1 668
39 1 0
39 1 0
39 1 0
40 1 0
40 1 441
40 1 666
40 1 232
40 1 676
40 1 168
40 1 803
40 1 0
40 1 0
40 1 0
41 1 0
41 1 606
41 1 955
41 1 542
41 1 266
41 1 707
41 1 246
41 1 40
41 1 990
41 1 873
41 1 0
41 1 0
41 1 0
42 2 0
42 2 106
42 2 64
42 2 945
42 2 880
42 2 259
42 2 0
43 1 0
43 1 153
43 1 394
43 1 603
43 1 447
43 1 705
43 1 0
43 1 0
43 1 269
43 1 0
44 2 0
44 2 531
44 2 45
44 2 806
44 2 814
44 2 93
44 2 136
44 2 41
44 2 0
45 1 0
45 1 133
45 1 399
45 1 680
45 1 360
45 1 694
45 1 844
45 1 223
45 1 0
46 1 0
46 1 791
46 1 677
46 1 784
46 1 86
46 1 0
47 2 0
47 2 837
47 2 909
47 2 0
48 1 0
48 1 550
48 1 0
49 1 0
49 1 456
49 1 102
49 1 610
49 1 574
49 1 419
49 1 621
49 1 0
49 1 0
49 1 0
50 2 0
50 2 255
50 2 647
50 2 611
50 2 455
50 2 0
50 2 0
50 2 0
51 2 0
51 2 921
51 2 351
51 2 576
51 2 0
51 2 0
51 2 0
52 2 0
52 2 336
52 2 369
52 2 854
52 2 426
52 2 0
52 2 0
52 2 248
52 2 200
52 2 0
53 2 0
53 2 817
53 2 157
53 2 199
53 2 410
53 2 290
53 2 0
53 2 0
53 2 0
54 1 0
54 1 796
54 1 564
54 1 644
54 1 929
54 1 0
54 1 0
54 1 0
55 2 0
55 2 435
55 2 686
55 2 160
55 2 0
55 2 0
55 2 0
56 1 0
56 1 518
56 1 497
56 1 404
56 1 0
56 1 0
56 1 163
56 1 47
56 1 0
57 1 0
57 1 562
57 1 943
57 1 18
57 1 485
57 1 226
57 1 151
57 1 752
57 1 664
57 1 0
57 1 0
57 1 0
58 1 0
58 1 980
58 1 724
58 1 74
58 1 0
59 2 0
59 2 809
59 2 930
59 2 771
59 2 492
59 2 413
59 2 0
59 2 0
59 2 969
59 2 44
59 2 516
59 2 0
60 2 0
60 2 292
60 2 208
60 2 38
60 2 0
61 1 0
61 1 699
61 1 646
61 1 392
61 1 30
61 1 628
61 1 937
61 1 0
61 1 0
61 1 0
62 2 0
62 2 340
62 2 781
62 2 188
62 2 709
62 2 757
62 2 0
62 2 0
62 2 0
63 2 0
63 2 398
63 2 80
63 2 311
63 2 490
63 2 0
64 2 0
64 2 876
64 2 753
64 2 838
64 2 342
64 2 0
65 2 0
65 2 989
65 2 751
65 2 673
65 2 861
65 2 393
65 2 965
65 2 971
65 2 734
65 2 970
65 2 0
65 2 0
65 2 0
66 2 0
66 2 996
66 2 697
66 2 870
66 2 366
66 2 85
66 2 0
66 2 0
66 2 166
66 2 27
66 2 434
66 2 0
67 2 0
67 2 181
67 2 417
67 2 918
67 2 309
67 2 0
67 2 0
67 2 0
68 1 0
68 1 275
68 1 310
68 1 973
68 1 0
68 1 0
68 1 95
68 1 0
69 1 0
69 1 568
69 1 289
69 1 675
69 1 0
69 1 0
69 1 0
70 1 0
70 1 321
70 1 233
70 1 701
70 1 177
70 1 494
70 1 0
71 2 0
71 2 835
71 2 471
71 2 0
72 1 0
72 1 207
72 1 453
72 1 88
72 1 78
72 1 71
72 1 661
72 1 0
72 1 0
72 1 0
73 1 0
73 1 130
73 1 0
74 1 0
74 1 748
74 1 581
74 1 509
74 1 630
74 1 0
75 1 0
75 1 186
75 1 735
75 1 172
75 1 761
75 1 595
75 1 758
75 1 1082
75 1 0
75 1 1082
75 1 0
76 1 0
76 1 756
76 1 134
76 1 420
76 1 175
76 1 376
76 1 601
76 1 140
76 1 515
76 1 1057
76 1 0
76 1 1057
76 1 0
77 1 0
77 1 150
77 1 944
77 1 669
77 1 857
77 1 0
78 2 0
78 2 794
78 2 458
78 2 332
78 2 613
78 2 995
78 2 0
78 2 0
78 2 11
78 2 0
79 2 0
79 2 430
79 2 334
79 2 938
79 2 755
79 2 997
79 2 493
79 2 778
79 2 0
79 2 0
79 2 0
80 2 0
80 2 328
80 2 282
80 2 977
80 2 396
80 2 685
80 2 936
80 2 656
80 2 0
80 2 0
80 2 0
81 1 0
81 1 193
81 1 840
81 1 0
82 2 0
82 2 183
82 2 218
82 2 432
82 2 847
82 2 812
82 2 0
82 2 0
82 2 0
83 1 0
83 1 411
83 1 247
83 1 190
83 1 0
83 1 0
83 1 960
83 1 119
83 1 28
83 1 0
84 2 0
84 2 934
84 2 991
84 2 578
84 2 365
84 2 383
84 2 0
84 2 0
84 2 0
85 1 0
85 1 329
85 1 23
85 1 91
85 1 0
86 2 0
86 2 438
86 2 481
86 2 479
86 2 0
87 2 0
87 2 941
87 2 999
87 2 887
87 2 891
87 2 571
87 2 883
87 2 942
87 2 994
87 2 824
87 2 0
87 2 0
87 2 0
87 2 0
88 2 0
88 2 273
88 2 797
88 2 429
88 2 484
88 2 211
88 2 948
88 2 135
88 2 0
88 2 0
88 2 0
89 1 0
89 1 0
90 2 0
90 2 718
90 2 0
90 2 0
90 2 0
91 1 0
91 1 604
91 1 182
91 1 0
92 1 0
92 1 557
92 1 0
93 2 0
93 2 330
93 2 0
94 2 0
94 2 480
94 2 24
94 2 536
94 2 0
95 1 0
95 1 640
95 1 777
95 1 998
95 1 554
95 1 0
95 1 0
95 1 43
95 1 779
95 1 0
95 1 0
95 1 0
96 1 0
96 1 167
96 1 782
96 1 764
96 1 819
96 1 0
96 1 0
96 1 33
96 1 881
96 1 298
96 1 0
96 1 0
96 1 0
97 2 0
97 2 695
97 2 657
97 2 703
97 2 0
97 2 0
97 2 586
97 2 624
97 2 287
97 2 0
97 2 0
97 2 0
98 2 0
98 2 81
98 2 272
98 2 0
98 2 0
98 2 79
98 2 904
98 2 0
99 2 0
99 2 59
99 2 659
99 2 173
99 2 848
99 2 750
99 2 789
99 2 0
100 1 0
100 1 31
100 1 25
100 1 894
100 1 582
100 1 726
100 1 83
100 1 0
100 1 0
100 1 0
100 1 0
101 2 0
101 2 663
101 2 555
101 2 34
101 2 339
101 2 526
101 2 928
101 2 0
101 2 0
102 2 0
102 2 341
102 2 719
102 2 622
102 2 573
102 2 301
102 2 127
102 2 626
102 2 0
102 2 0
102 2 0
102 2 0
103 1 0
103 1 118
103 1 0
103 1 0
103 1 457
103 1 0
104 2 0
104 2 746
104 2 849
104 2 385
104 2 832
104 2 122
104 2 983
104 2 558
104 2 706
104 2 1006
104 2 0
105 1 0
105 1 874
105 1 828
105 1 0
105 1 0
105 1 877
105 1 0
106 2 0
106 2 655
106 2 712
106 2 653
106 2 0
106 2 0
106 2 662
106 2 112
106 2 0
107 1 0
107 1 800
107 1 97
107 1 465
107 1 0
107 1 0
107 1 66
107 1 607
107 1 0
108 1 0
108 1 830
108 1 0
108 1 0
108 1 951
108 1 144
108 1 245
108 1 53
108 1 619
108 1 895
108 1 0
108 1 0
108 1 0
108 1 0
109 1 0
109 1 149
109 1 792
109 1 320
109 1 460
109 1 0
109 1 0
109 1 0
109 1 496
109 1 265
109 1 0
109 1 0
109 1 0
110 1 0
110 1 294
110 1 950
110 1 927
110 1 318
110 1 0
110 1 0
110 1 546
110 1 0
111 2 0
111 2 660
111 2 402
111 2 733
111 2 636
111 2 0
111 2 0
111 2 530
111 2 920
111 2 0
112 2 0
112 2 126
112 2 730
112 2 0
112 2 0
112 2 842
112 2 0
113 1 0
113 1 642
113 1 908
113 1 728
113 1 498
113 1 548
113 1 503
113 1 381
113 1 617
113 1 0
113 1 0
113 1 0
113 1 0
114 1 0
114 1 665
114 1 559
114 1 15
114 1 322
114 1 499
114 1 0
114 1 0
115 2 0
115 2 445
115 2 387
115 2 348
115 2 765
115 2 0
115 2 0
115 2 0
116 2 0
116 2 10
116 2 727
116 2 0
116 2 0
116 2 0
117 1 0
117 1 805
117 1 988
117 1 466
117 1 587
117 1 588
117 1 0
117 1 0
117 1 0
117 1 0
118 2 0
118 2 214
118 2 683
118 2 672
118 2 82
118 2 0
119 1 0
119 1 251
119 1 720
119 1 346
119 1 461
119 1 46
119 1 104
119 1 0
119 1 0
120 2 0
120 2 414
120 2 505
120 2 0
121 2 0
121 2 313
121 2 903
121 2 0
121 2 0
121 2 898
121 2 0
122 1 0
122 1 596
122 1 467
122 1 860
122 1 236
122 1 0
122 1 0
122 1 0
122 1 0
123 2 0
123 2 109
123 2 853
123 2 825
123 2 972
123 2 316
123 2 0
123 2 0
123 2 367
123 2 412
123 2 0
124 2 0
124 2 627
124 2 982
124 2 827
124 2 0
124 2 0
124 2 221
124 2 0
125 2 0
125 2 142
125 2 634
125 2 566
125 2 176
125 2 978
125 2 325
125 2 5
125 2 0
125 2 0
125 2 0
125 2 0
126 2 0
126 2 296
126 2 145
126 2 0
126 2 0
126 2 818
126 2 786
126 2 0
126 2 0
126 2 0
127 2 0
127 2 534
127 2 449
127 2 924
127 2 0
127 2 0
127 2 165
127 2 1000
127 2 68
127 2 0
128 2 0
128 2 862
128 2 744
128 2 917
128 2 839
128 2 6
128 2 89
128 2 0
129 2 0
129 2 502
129 2 986
129 2 98
129 2 0
129 2 0
129 2 638
129 2 772
129 2 317
129 2 0
129 2 0
129 2 0
130 2 0
130 2 364
130 2 743
130 2 382
130 2 90
130 2 0
131 1 0
131 1 407
131 1 271
131 1 615
131 1 740
131 1 0
131 1 0
131 1 0
131 1 0
132 1 0
132 1 488
132 1 725
132 1 0
133 2 0
133 2 42
133 2 327
133 2 123
133 2 156
133 2 823
133 2 0
134 2 0
134 2 976
134 2 0
134 2 0
134 2 875
134 2 905
134 2 0
135 2 0
135 2 240
135 2 249
135 2 0
135 2 0
135 2 406
135 2 912
135 2 0
136 2 0
136 2 32
136 2 60
136 2 0
137 1 0
137 1 187
137 1 859
137 1 882
137 1 299
137 1 491
137 1 433
137 1 0
137 1 0
138 2 0
138 2 670
138 2 698
138 2 35
138 2 253
138 2 760
138 2 651
138 2 0
138 2 0
139 1 0
139 1 409
139 1 384
139 1 723
139 1 210
139 1 242
139 1 0
139 1 0
139 1 0
139 1 0
140 1 0
140 1 523
140 1 0
140 1 0
140 1 69
140 1 305
140 1 0
141 2 0
141 2 448
141 2 196
141 2 131
141 2 522
141 2 872
141 2 331
141 2 326
141 2 373
141 2 0
141 2 0
141 2 0
141 2 0
142 2 0
142 2 514
142 2 914
142 2 357
142 2 834
142 2 263
142 2 890
142 2 845
142 2 295
142 2 829
142 2 0
142 2 0
143 2 0
143 2 722
143 2 981
143 2 72
143 2 308
143 2 105
143 2 671
143 2 961
143 2 629
143 2 0
143 2 0
144 1 0
144 1 374
144 1 788
144 1 377
144 1 681
144 1 116
144 1 0
144 1 0
144 1 0
144 1 0
145 1 0
145 1 22
145 1 884
145 1 867
145 1 0
145 1 0
145 1 0
145 1 222
145 1 0
145 1 0
145 1 0
146 1 0
146 1 73
146 1 579
146 1 984
146 1 713
146 1 0
146 1 0
147 2 0
147 2 773
147 2 464
147 2 635
147 2 632
147 2 415
147 2 201
147 2 0
147 2 0
147 2 0
147 2 0
148 1 0
148 1 277
148 1 916
148 1 56
148 1 162
148 1 962
148 1 633
148 1 0
148 1 0
148 1 0
148 1 0
149 1 0
149 1 690
149 1 256
149 1 795
149 1 0
149 1 0
150 1 0
150 1 811
150 1 913
150 1 1025
150 1 0
150 1 1025
150 1 0
151 1 0
151 1 372
151 1 0
151 1 0
151 1 0
152 1 0
152 1 450
152 1 303
152 1 959
152 1 49
152 1 704
152 1 737
152 1 386
152 1 0
152 1 0
153 2 0
153 2 506
153 2 993
153 2 0
154 1 0
154 1 243
154 1 120
154 1 0
154 1 0
154 1 0
154 1 202
154 1 0
155 1 0
155 1 625
155 1 224
155 1 238
155 1 507
155 1 649
155 1 0
155 1 0
155 1 0
155 1 0
156 1 0
156 1 370
156 1 244
156 1 567
156 1 528
156 1 361
156 1 0
156 1 0
156 1 0
156 1 0
157 1 0
157 1 0
158 2 0
158 2 745
158 2 55
158 2 0
158 2 0
158 2 0
159 2 0
159 2 598
159 2 137
159 2 569
159 2 0
160 2 0
160 2 184
160 2 893
160 2 747
160 2 674
160 2 517
160 2 0
160 2 0
160 2 0
160 2 87
160 2 0
161 2 0
161 2 643
161 2 0
161 2 0
161 2 556
161 2 979
161 2 0
161 2 0
161 2 0
162 2 0
162 2 966
162 2 416
162 2 900
162 2 117
162 2 378
162 2 280
162 2 0
162 2 0
162 2 0
162 2 0
163 1 0
163 1 198
163 1 129
163 1 227
163 1 878
163 1 206
163 1 0
163 1 0
163 1 0
163 1 0
164 2 0
164 2 451
164 2 915
164 2 252
164 2 0
165 2 0
165 2 155
165 2 618
165 2 0
165 2 0
165 2 0
166 2 0
166 2 267
166 2 197
166 2 286
166 2 552
166 2 241
166 2 0
166 2 0
167 1 0
167 1 268
167 1 549
167 1 486
167 1 0
167 1 0
167 1 0
167 1 0
168 1 0
168 1 684
168 1 194
168 1 347
168 1 225
168 1 358
168 1 0
168 1 0
168 1 0
168 1 0
169 2 0
169 2 368
169 2 953
169 2 691
169 2 306
169 2 589
169 2 278
169 2 787
169 2 0
169 2 0
169 2 0
169 2 0
170 1 0
170 1 482
170 1 379
170 1 768
170 1 159
170 1 952
170 1 75
170 1 0
170 1 0
171 2 0
171 2 362
171 2 667
171 2 146
171 2 0
172 1 0
172 1 333
172 1 0
172 1 0
173 1 0
173 1 297
173 1 858
173 1 0
173 1 0
174 1 0
174 1 61
174 1 946
174 1 631
174 1 353
174 1 443
174 1 427
174 1 0
174 1 0
174 1 0
174 1 0
175 1 0
175 1 195
175 1 639
175 1 0
175 1 0
176 1 0
176 1 103
176 1 261
176 1 769
176 1 533
176 1 963
176 1 0
176 1 0
176 1 0
176 1 0
177 2 0
177 2 100
177 2 623
177 2 599
177 2 836
177 2 879
177 2 585
177 2 0
177 2 0
178 2 0
178 2 770
178 2 422
178 2 21
178 2 363
178 2 892
178 2 0
178 2 0
178 2 0
178 2 0
179 2 0
179 2 597
179 2 403
179 2 851
179 2 931
179 2 375
179 2 138
179 2 139
179 2 0
179 2 0
180 2 0
180 2 209
180 2 96
180 2 76
180 2 0
180 2 0
181 1 0
181 1 901
181 1 343
181 1 285
181 1 0
181 1 0
181 1 0
181 1 0
182 2 0
182 2 711
182 2 739
182 2 65
182 2 0
182 2 0
183 2 0
183 2 560
183 2 344
183 2 439
183 2 0
183 2 0
183 2 0
183 2 0
184 1 0
184 1 483
184 1 821
184 1 452
184 1 926
184 1 0
184 1 0
184 1 0
184 1 0
185 2 0
185 2 52
185 2 575
185 2 804
185 2 637
185 2 0
185 2 0
185 2 0
185 2 0
186 2 0
186 2 115
186 2 258
186 2 592
186 2 62
186 2 896
186 2 3
186 2 547
186 2 0
186 2 0
186 2 0
186 2 0
187 2 0
187 2 215
187 2 174
187 2 132
187 2 147
187 2 774
187 2 702
187 2 315
187 2 888
187 2 0
187 2 0
188 2 0
188 2 228
188 2 350
188 2 0
188 2 0
188 2 0
188 2 0
189 1 0
189 1 20
189 1 444
189 1 16
189 1 0
189 1 0
189 1 0
189 1 169
189 1 0
189 1 0
190 1 0
190 1 203
190 1 234
190 1 405
190 1 239
190 1 337
190 1 0
190 1 0
190 1 0
190 1 0
191 1 0
191 1 111
191 1 933
191 1 1
191 1 766
191 1 736
191 1 0
191 1 0
191 1 0
191 1 0
192 2 0
192 2 312
192 2 302
192 2 687
192 2 833
192 2 300
192 2 537
192 2 731
192 2 620
192 2 0
192 2 0
192 2 0
192 2 0
193 1 0
193 1 355
193 1 388
193 1 572
193 1 527
193 1 0
193 1 0
194 2 0
194 2 519
194 2 696
194 2 121
194 2 270
194 2 584
194 2 0
194 2 0
194 2 0
194 2 0
195 2 0
195 2 70
195 2 67
195 2 658
195 2 583
195 2 935
195 2 371
195 2 0
195 2 0
196 1 0
196 1 864
196 1 110
196 1 231
196 1 0
196 1 0
197 1 0
197 1 260
197 1 219
197 1 0
197 1 0
198 2 0
198 2 262
198 2 213
198 2 594
198 2 551
198 2 395
198 2 0
198 2 0
198 2 0
198 2 0
199 2 0
199 2 487
199 2 500
199 2 987
199 2 762
199 2 0
199 2 0
199 2 0
199 2 822
199 2 0
199 2 0
199 2 0
199 2 0
200 1 0
200 1 729
200 1 390
200 1 421
200 1 0
200 1 0
200 1 0
200 1 431
200 1 0
200 1 0
201 2 0
201 2 968
201 2 775
201 2 192
201 2 469
201 2 19
201 2 957
201 2 0
201 2 0
201 2 0
201 2 0
202 2 0
202 2 886
202 2 143
202 2 26
202 2 39
202 2 889
202 2 0
202 2 0
202 2 0
202 2 0
203 1 0
203 1 614
203 1 48
203 1 13
203 1 0
203 1 0
204 1 0
204 1 688
204 1 179
204 1 958
204 1 0
204 1 521
204 1 235
204 1 0
204 1 0
204 1 0
204 1 0
205 2 0
205 2 185
205 2 985
205 2 51
205 2 50
205 2 359
205 2 0
205 2 0
205 2 0
205 2 0
206 2 0
206 2 780
206 2 424
206 2 869
206 2 77
206 2 0
206 2 0
207 2 0
207 2 956
207 2 474
207 2 708
207 2 274
207 2 0
207 2 0
208 1 0
208 1 540
208 1 0
208 1 152
208 1 0
208 1 0
209 1 0
209 1 108
209 1 12
209 1 0
209 1 0
210 1 0
210 1 29
210 1 0
211 1 0
211 1 2
211 1 0
