total cost: 295315
1 2 0
1 2 553
1 2 288
1 2 767
1 2 0
1 2 0
1 2 307
1 2 793
1 2 0
1 2 0
1 2 141
1 2 0
2 2 0
2 2 220
2 2 802
2 2 577
2 2 254
2 2 749
2 2 0
2 2 0
2 2 180
2 2 257
2 2 932
2 2 0
3 2 0
3 2 616
3 2 161
3 2 652
3 2 0
3 2 0
3 2 0
4 1 0
4 1 954
4 1 654
4 1 520
4 1 0
6 2 0
6 2 408
6 2 801
6 2 754
6 2 593
6 2 475
6 2 510
6 2 356
6 2 0
7 2 0
7 2 645
7 2 865
7 2 189
7 2 442
7 2 92
7 2 710
7 2 717
7 2 0
7 2 0
7 2 0
8 2 0
8 2 605
8 2 974
8 2 401
8 2 229
8 2 0
9 2 0
9 2 57
9 2 843
9 2 170
9 2 689
9 2 525
9 2 476
9 2 0
10 1 0
10 1 281
10 1 423
10 1 532
10 1 544
10 1 798
10 1 380
10 1 0
11 2 0
11 2 856
11 2 4
11 2 501
11 2 250
11 2 911
11 2 468
11 2 700
11 2 783
11 2 477
11 2 0
13 1 0
13 1 319
13 1 716
13 1 0
14 1 0
14 1 164
14 1 391
14 1 440
14 1 216
14 1 650
14 1 0
15 2 0
15 2 124
15 2 919
15 2 799
15 2 148
15 2 0
17 2 0
17 2 947
17 2 400
17 2 682
17 2 826
17 2 641
17 2 171
17 2 742
17 2 0
18 2 0
18 2 763
18 2 831
18 2 759
18 2 237
18 2 0
18 2 0
18 2 283
18 2 590
18 2 269
18 2 0
19 1 0
19 1 602
19 1 939
19 1 975
19 1 810
19 1 276
19 1 0
20 1 0
20 1 591
20 1 504
20 1 0
21 1 0
21 1 714
21 1 248
21 1 0
22 1 0
22 1 841
22 1 543
22 1 101
22 1 531
22 1 217
22 1 470
22 1 897
22 1 0
22 1 0
22 1 0
23 2 0
23 2 565
23 2 850
23 2 58
23 2 871
23 2 36
23 2 264
23 2 99
23 2 63
23 2 807
23 2 0
25 2 0
25 2 284
25 2 338
25 2 791
25 2 945
25 2 191
25 2 259
25 2 125
25 2 0
26 2 0
26 2 489
26 2 741
26 2 107
26 2 0
27 2 0
27 2 304
27 2 205
27 2 114
27 2 508
27 2 0
28 1 0
28 1 899
28 1 922
28 1 45
28 1 806
28 1 814
28 1 93
28 1 880
28 1 345
28 1 136
28 1 200
28 1 1037
28 1 0
28 1 1037
28 1 0
29 2 0
29 2 64
29 2 967
29 2 678
29 2 0
8517 1 0
8517 1 0
31 1 0
31 1 846
31 1 473
31 1 293
31 1 0
8558 1 0
8558 1 0
33 1 0
33 1 128
33 1 925
33 1 715
33 1 418
33 1 292
33 1 208
33 1 38
33 1 0
34 1 0
34 1 816
34 1 863
34 1 868
34 1 609
34 1 0
34 1 0
34 1 561
34 1 0
35 2 0
35 2 158
35 2 541
35 2 204
35 2 563
35 2 964
35 2 940
35 2 314
35 2 0
36 2 0
36 2 389
36 2 580
36 2 441
36 2 855
36 2 232
36 2 808
36 2 512
36 2 397
36 2 212
36 2 0
37 2 0
37 2 113
37 2 910
37 2 529
37 2 349
37 2 0
37 2 0
37 2 352
37 2 0
40 1 0
40 1 17
40 1 178
40 1 323
40 1 885
40 1 0
41 2 0
41 2 606
41 2 955
41 2 542
41 2 707
41 2 246
41 2 40
41 2 360
41 2 990
41 2 223
41 2 844
41 2 0
9797 1 0
9797 1 0
43 1 0
43 1 153
43 1 394
43 1 666
43 1 207
43 1 676
43 1 168
43 1 0
43 1 0
43 1 472
43 1 785
43 1 0
43 1 0
43 1 0
44 1 0
44 1 133
44 1 664
44 1 752
44 1 0
44 1 0
44 1 0
45 1 0
45 1 106
45 1 815
45 1 29
45 1 0
46 1 0
46 1 677
46 1 181
46 1 0
47 1 0
47 1 837
47 1 909
47 1 0
48 1 0
48 1 784
48 1 86
48 1 0
49 1 0
49 1 550
49 1 0
8124 1 0
8124 1 0
51 1 0
51 1 921
51 1 351
51 1 0
51 1 0
51 1 163
51 1 679
51 1 0
52 1 0
52 1 336
52 1 369
52 1 854
52 1 0
52 1 0
52 1 435
52 1 835
52 1 0
53 2 0
53 2 817
53 2 157
53 2 199
53 2 324
53 2 648
53 2 290
53 2 0
53 2 0
53 2 0
54 1 0
54 1 518
54 1 497
54 1 411
54 1 404
54 1 0
54 1 0
54 1 130
54 1 576
54 1 0
55 2 0
55 2 266
55 2 562
55 2 275
55 2 310
55 2 748
55 2 166
55 2 27
55 2 0
55 2 0
55 2 0
56 1 0
56 1 611
56 1 647
56 1 455
56 1 0
57 1 0
57 1 95
57 1 398
57 1 0
58 2 0
58 2 41
58 2 417
58 2 918
58 2 309
58 2 0
58 2 0
58 2 0
60 2 0
60 2 809
60 2 430
60 2 334
60 2 938
60 2 755
60 2 800
60 2 778
60 2 881
60 2 0
60 2 0
60 2 0
61 2 0
61 2 969
61 2 803
61 2 516
61 2 0
63 2 0
63 2 340
63 2 781
63 2 188
63 2 425
63 2 776
63 2 668
63 2 0
64 1 0
64 1 876
64 1 753
64 1 0
65 2 0
65 2 989
65 2 751
65 2 673
65 2 485
65 2 226
65 2 0
65 2 0
65 2 94
65 2 0
66 2 0
66 2 996
66 2 697
66 2 870
66 2 81
66 2 289
66 2 211
66 2 0
67 1 0
67 1 970
67 1 734
67 1 965
67 1 480
67 1 0
68 2 0
68 2 160
68 2 233
68 2 686
68 2 183
68 2 490
68 2 471
68 2 0
69 1 0
69 1 644
69 1 329
69 1 453
69 1 78
69 1 71
69 1 44
69 1 383
69 1 0
69 1 0
69 1 0
69 1 0
70 1 0
70 1 902
70 1 84
70 1 709
70 1 757
70 1 0
70 1 0
70 1 0
71 2 0
71 2 151
71 2 973
71 2 118
71 2 656
71 2 936
71 2 0
71 2 0
71 2 0
72 1 0
72 1 873
72 1 581
72 1 479
72 1 630
72 1 0
73 2 0
73 2 568
73 2 675
73 2 779
73 2 0
74 2 0
74 2 447
74 2 929
74 2 705
74 2 91
74 2 0
74 2 0
74 2 0
75 2 0
75 2 511
75 2 777
75 2 79
75 2 663
75 2 601
75 2 0
75 2 0
75 2 11
75 2 434
75 2 0
76 2 0
76 2 410
76 2 999
76 2 887
76 2 341
76 2 571
76 2 672
76 2 0
76 2 0
76 2 0
78 1 0
78 1 321
78 1 134
78 1 177
78 1 701
78 1 80
78 1 494
78 1 0
78 1 0
79 1 0
79 1 186
79 1 484
79 1 172
79 1 761
79 1 595
79 1 758
79 1 0
79 1 0
79 1 0
79 1 0
8924 1 0
8924 1 0
82 1 0
82 1 150
82 1 193
82 1 840
82 1 0
82 1 0
82 1 47
82 1 0
84 2 0
84 2 930
84 2 764
84 2 819
84 2 730
84 2 0
84 2 0
84 2 718
84 2 0
84 2 0
84 2 0
85 2 0
85 2 18
85 2 332
85 2 458
85 2 393
85 2 861
85 2 119
85 2 496
85 2 824
85 2 942
85 2 0
85 2 0
85 2 0
85 2 0
86 2 0
86 2 564
86 2 695
86 2 657
86 2 703
86 2 0
86 2 0
86 2 43
86 2 135
86 2 0
87 2 0
87 2 273
87 2 797
87 2 805
87 2 466
87 2 587
87 2 0
88 2 0
88 2 934
88 2 88
88 2 578
88 2 365
88 2 23
88 2 0
88 2 0
88 2 0
89 2 0
89 2 604
89 2 182
89 2 0
90 2 0
90 2 557
90 2 0
91 1 0
91 1 366
91 1 0
91 1 0
91 1 330
91 1 0
92 2 0
92 2 426
92 2 59
92 2 173
92 2 659
92 2 848
92 2 838
92 2 750
92 2 342
92 2 0
93 1 0
93 1 640
93 1 420
93 1 665
93 1 554
93 1 624
93 1 515
93 1 812
93 1 0
93 1 0
93 1 0
93 1 0
94 2 0
94 2 167
94 2 782
94 2 997
94 2 493
94 2 97
94 2 465
94 2 842
94 2 0
94 2 0
94 2 0
95 2 0
95 2 586
95 2 904
95 2 311
95 2 0
95 2 0
95 2 0
96 1 0
96 1 85
96 1 298
96 1 0
97 1 0
97 1 429
97 1 894
97 1 25
97 1 582
97 1 726
97 1 83
97 1 0
97 1 0
97 1 0
97 1 0
98 1 0
98 1 948
98 1 0
99 1 0
99 1 31
99 1 746
99 1 660
99 1 558
99 1 983
99 1 706
99 1 0
99 1 0
103 1 0
103 1 247
103 1 190
103 1 832
103 1 0
103 1 0
103 1 661
103 1 66
103 1 0
104 1 0
104 1 874
104 1 828
104 1 0
104 1 0
104 1 33
104 1 0
105 2 0
105 2 272
105 2 313
105 2 0
105 2 0
105 2 655
105 2 34
105 2 339
105 2 0
105 2 0
105 2 28
105 2 0
106 1 0
106 1 991
106 1 627
106 1 407
106 1 951
106 1 414
106 1 245
106 1 0
106 1 0
106 1 0
106 1 0
107 1 0
107 1 830
107 1 126
107 1 596
107 1 683
107 1 0
107 1 0
107 1 546
107 1 789
107 1 0
108 1 0
108 1 149
108 1 534
108 1 792
108 1 613
108 1 488
108 1 187
108 1 0
108 1 0
108 1 0
108 1 607
108 1 0
109 1 0
109 1 891
109 1 296
109 1 0
109 1 0
109 1 530
109 1 920
109 1 638
109 1 772
109 1 0
109 1 0
109 1 0
109 1 0
110 1 0
110 1 294
110 1 950
110 1 927
110 1 318
110 1 0
110 1 0
110 1 10
110 1 727
110 1 265
110 1 0
111 1 0
111 1 642
111 1 908
111 1 144
111 1 53
111 1 619
111 1 895
111 1 0
111 1 0
111 1 0
111 1 0
113 1 0
113 1 251
113 1 988
113 1 588
113 1 201
113 1 415
113 1 0
113 1 0
115 2 0
115 2 536
115 2 0
119 1 0
119 1 109
119 1 853
119 1 825
119 1 0
119 1 0
119 1 367
119 1 301
119 1 626
119 1 0
119 1 0
119 1 0
120 1 0
120 1 998
120 1 559
120 1 555
120 1 432
120 1 526
120 1 116
120 1 928
120 1 0
120 1 0
121 2 0
121 2 271
121 2 827
121 2 156
121 2 728
121 2 823
121 2 0
121 2 0
121 2 0
122 2 0
122 2 142
122 2 634
122 2 566
122 2 972
122 2 978
122 2 0
122 2 0
122 2 0
123 1 0
123 1 976
123 1 875
123 1 122
123 1 905
123 1 890
123 1 845
123 1 295
123 1 0
123 1 0
123 1 0
123 1 0
126 1 0
126 1 849
126 1 670
126 1 615
126 1 327
126 1 617
126 1 381
126 1 0
126 1 0
127 1 0
127 1 364
127 1 743
127 1 860
127 1 236
127 1 104
127 1 0
127 1 0
127 1 0
127 1 0
129 1 0
129 1 467
129 1 409
129 1 46
129 1 382
129 1 0
129 1 0
130 1 0
130 1 385
130 1 35
130 1 253
130 1 760
130 1 651
130 1 0
130 1 0
132 2 0
132 2 523
132 2 1000
132 2 69
132 2 165
132 2 305
132 2 0
133 1 0
133 1 42
133 1 698
133 1 263
133 1 297
133 1 579
133 1 829
133 1 0
133 1 0
135 2 0
135 2 32
135 2 917
135 2 912
135 2 0
140 2 0
140 2 127
140 2 372
140 2 0
141 1 0
141 1 982
141 1 123
141 1 914
141 1 834
141 1 0
141 1 0
143 1 0
143 1 320
143 1 460
143 1 725
143 1 0
143 1 0
143 1 0
143 1 221
143 1 506
143 1 0
143 1 0
145 1 0
145 1 986
145 1 635
145 1 0
145 1 0
145 1 0
145 1 195
145 1 993
145 1 0
146 2 0
146 2 690
146 2 916
146 2 56
146 2 162
146 2 633
146 2 984
146 2 795
146 2 0
146 2 0
148 2 0
148 2 449
148 2 194
148 2 893
148 2 597
148 2 549
148 2 286
148 2 486
148 2 915
148 2 252
148 2 241
148 2 0
148 2 0
149 1 0
149 1 450
149 1 464
149 1 632
149 1 737
149 1 704
149 1 386
149 1 0
149 1 0
150 1 0
150 1 357
150 1 713
150 1 0
150 1 0
152 1 0
152 1 625
152 1 224
152 1 238
152 1 966
152 1 859
152 1 0
152 1 0
152 1 0
152 1 0
153 2 0
153 2 370
153 2 61
153 2 528
153 2 567
153 2 361
153 2 858
153 2 560
153 2 0
153 2 0
156 1 0
156 1 184
156 1 747
156 1 674
156 1 0
156 1 0
156 1 0
156 1 0
157 1 0
157 1 0
158 2 0
158 2 745
158 2 0
158 2 0
158 2 913
158 2 87
158 2 0
159 1 0
159 1 884
159 1 0
159 1 0
159 1 362
159 1 49
159 1 0
159 1 0
160 1 0
160 1 643
160 1 0
160 1 0
160 1 723
160 1 433
160 1 242
160 1 667
160 1 0
160 1 0
160 1 0
160 1 0
161 2 0
161 2 981
161 2 507
161 2 129
161 2 649
161 2 491
161 2 299
161 2 882
161 2 0
161 2 0
163 1 0
163 1 137
163 1 131
163 1 0
163 1 0
163 1 0
163 1 451
163 1 55
163 1 0
163 1 0
164 1 0
164 1 924
164 1 227
164 1 878
164 1 585
164 1 879
164 1 0
164 1 0
164 1 0
164 1 0
165 2 0
165 2 684
165 2 120
165 2 517
165 2 623
165 2 169
165 2 96
165 2 146
165 2 0
165 2 0
166 2 0
166 2 368
166 2 953
166 2 691
166 2 306
166 2 962
166 2 739
166 2 0
166 2 0
166 2 0
166 2 0
167 1 0
167 1 618
167 1 197
167 1 0
167 1 0
167 1 0
167 1 0
168 1 0
168 1 268
168 1 21
168 1 139
168 1 260
168 1 0
168 1 0
168 1 0
168 1 0
169 2 0
169 2 210
169 2 901
169 2 952
169 2 629
169 2 0
169 2 0
170 1 0
170 1 959
170 1 671
170 1 209
170 1 75
170 1 76
170 1 0
170 1 0
171 1 0
171 1 103
171 1 946
171 1 631
171 1 353
171 1 443
171 1 427
171 1 0
171 1 0
171 1 0
171 1 0
172 2 0
172 2 100
172 2 347
172 2 225
172 2 358
172 2 696
172 2 3
172 2 836
172 2 547
172 2 0
172 2 0
172 2 0
172 2 0
173 1 0
173 1 770
173 1 422
173 1 0
173 1 0
173 1 0
173 1 552
173 1 375
173 1 0
173 1 0
174 2 0
174 2 256
174 2 244
174 2 533
174 2 963
174 2 278
174 2 787
174 2 65
174 2 0
174 2 0
174 2 0
174 2 0
175 1 0
175 1 333
175 1 0
175 1 0
176 1 0
176 1 379
176 1 768
176 1 159
176 1 343
176 1 0
176 1 0
176 1 0
176 1 0
177 1 0
177 1 711
177 1 344
177 1 0
177 1 0
178 1 0
178 1 483
178 1 452
178 1 258
178 1 926
178 1 0
178 1 0
178 1 0
178 1 0
179 2 0
179 2 52
179 2 592
179 2 575
179 2 1
179 2 521
179 2 0
179 2 0
180 2 0
180 2 115
180 2 821
180 2 206
180 2 519
180 2 121
180 2 896
180 2 231
180 2 0
180 2 0
181 2 0
181 2 215
181 2 174
181 2 444
181 2 147
181 2 774
181 2 702
181 2 315
181 2 888
181 2 0
181 2 0
182 2 0
182 2 228
182 2 350
182 2 0
182 2 0
182 2 0
182 2 0
183 1 0
183 1 403
183 1 851
183 1 931
183 1 363
183 1 892
183 1 0
183 1 0
183 1 0
183 1 0
184 2 0
184 2 20
184 2 132
184 2 769
184 2 388
184 2 736
184 2 0
184 2 0
184 2 0
184 2 0
187 1 0
187 1 261
187 1 16
187 1 262
187 1 0
187 1 0
187 1 0
187 1 599
187 1 138
187 1 0
187 1 0
190 1 0
190 1 312
190 1 302
190 1 833
190 1 658
190 1 0
190 1 0
190 1 0
190 1 0
194 1 0
194 1 213
194 1 0
194 1 0
194 1 0
194 1 219
194 1 0
194 1 0
196 2 0
196 2 637
196 2 766
196 2 500
196 2 469
196 2 19
196 2 0
196 2 0
198 1 0
198 1 729
198 1 968
198 1 270
198 1 0
198 1 0
198 1 0
198 1 0
200 1 0
200 1 614
200 1 13
200 1 0
200 1 0
203 1 0
203 1 0
204 1 0
204 1 0
206 2 0
206 2 822
206 2 0
206 2 0
206 2 0
206 2 0
207 1 0
207 1 688
207 1 540
207 1 424
207 1 0
207 1 0
207 1 0
207 1 551
207 1 395
207 1 0
207 1 0
209 1 0
209 1 185
209 1 987
209 1 958
209 1 51
209 1 0
209 1 0
209 1 0
209 1 431
209 1 0
209 1 0
210 2 0
210 2 780
210 2 985
210 2 50
210 2 762
210 2 192
210 2 957
210 2 0
210 2 0
210 2 0
210 2 0
211 2 0
211 2 956
211 2 474
211 2 179
211 2 421
211 2 0
211 2 77
211 2 869
211 2 0
211 2 0
212 1 0
212 1 708
212 1 274
212 1 0
212 1 0
214 1 0
214 1 2
214 1 0
9816 1 0
9816 1 0
9872 1 0
9872 1 719
9872 1 622
9872 1 573
9872 1 883
9872 1 406
9872 1 994
9872 1 412
9872 1 0
9872 1 0
9872 1 0
9872 1 0
9873 1 0
9873 1 653
9873 1 448
9873 1 196
9873 1 0
9873 1 0
9873 1 0
9873 1 82
9873 1 287
9873 1 0
9873 1 0
9873 1 0
9873 1 0
9817 1 0
9817 1 0
744 1 0
744 1 720
744 1 502
744 1 461
744 1 346
744 1 90
744 1 0
744 1 0
746 2 0
746 2 203
746 2 67
746 2 935
746 2 337
746 2 300
746 2 48
746 2 0
746 2 0
746 2 0
746 2 0
747 1 0
747 1 70
747 1 687
747 1 731
747 1 584
747 1 0
747 1 0
9187 1 0
9187 1 862
9187 1 744
9187 1 839
9187 1 145
9187 1 60
9187 1 6
9187 1 89
9187 1 0
9187 1 0
837 1 0
837 1 971
837 1 786
837 1 0
837 1 0
837 1 0
838 1 0
838 1 457
838 1 818
838 1 24
838 1 0
2551 1 0
2551 1 387
2551 1 445
2551 1 348
2551 1 0
2551 1 503
2551 1 505
2551 1 0
7849 1 0
7849 1 639
7849 1 439
7849 1 0
7849 1 0
600 1 0
600 1 249
600 1 240
600 1 0
600 1 0
600 1 0
600 1 373
600 1 317
600 1 0
600 1 0
600 1 0
601 1 0
601 1 933
601 1 111
601 1 285
601 1 594
601 1 0
601 1 0
602 1 0
602 1 811
602 1 0
1429 1 0
1429 1 428
1429 1 820
1429 1 54
1429 1 732
1429 1 600
1429 1 0
1429 1 0
1429 1 0
1430 1 0
1430 1 903
1430 1 722
1430 1 98
1430 1 740
1430 1 0
1430 1 0
6787 1 0
6787 1 399
6787 1 977
6787 1 680
6787 1 396
6787 1 995
6787 1 0
6787 1 0
6788 1 0
6788 1 402
6788 1 636
6788 1 733
6788 1 438
6788 1 0
6788 1 0
6788 1 0
6788 1 0
6600 1 0
6600 1 773
6600 1 202
6600 1 0
6600 1 0
7504 1 0
7504 1 514
7504 1 277
7504 1 498
7504 1 73
7504 1 548
7504 1 0
7504 1 0
7255 1 0
7255 1 22
7255 1 316
7255 1 325
7255 1 176
7255 1 5
7255 1 155
7255 1 569
7255 1 0
7255 1 0
7256 1 0
7256 1 662
7256 1 112
7256 1 0
3422 1 0
3422 1 813
3422 1 462
3422 1 478
3422 1 0
3422 1 0
3422 1 570
3422 1 8
3422 1 612
3422 1 0
3423 1 0
3423 1 243
3423 1 377
3423 1 326
3423 1 331
3423 1 0
3423 1 0
3423 1 0
3423 1 0
3424 1 0
3424 1 979
3424 1 556
3424 1 0
3424 1 0
9778 1 0
9778 1 354
9778 1 0
9779 1 0
9779 1 598
9779 1 522
9779 1 867
9779 1 267
9779 1 0
9779 1 0
9780 1 0
9780 1 0
9782 1 0
9782 1 0
9783 1 0
9783 1 0
157 1 0
157 1 0
9785 1 0
9785 1 0
9786 1 0
9786 1 0
9787 1 0
9787 1 0
9788 1 0
9788 1 0
9789 1 0
9789 1 0
9790 1 0
9790 1 0
9791 1 0
9791 1 0
9792 1 0
9792 1 0
9793 1 0
9793 1 0
9794 1 0
9794 1 0
9795 1 0
9795 1 0
9796 1 0
9796 1 0
9797 1 0
9797 1 0
9798 1 0
9798 1 0
9799 1 0
9799 1 0
9800 1 0
9800 1 0
9801 1 0
9801 1 0
9802 1 0
9802 1 0
9803 1 0
9803 1 0
9804 1 0
9804 1 0
9805 1 0
9805 1 0
9806 1 0
9806 1 0
9807 1 0
9807 1 0
9808 1 0
9808 1 0
9809 1 0
9809 1 0
9810 1 0
9810 1 0
9811 1 0
9811 1 0
9812 1 0
9812 1 0
9813 1 0
9813 1 0
9814 1 0
9814 1 0
9815 1 0
9815 1 0
9816 1 0
9816 1 0
9817 1 0
9817 1 0
9818 1 0
9818 1 0
9819 1 0
9819 1 0
9820 1 0
9820 1 0
9821 1 0
9821 1 0
9822 1 0
9822 1 0
9823 1 0
9823 1 0
9824 1 0
9824 1 0
9825 1 0
9825 1 0
9826 2 0
9826 2 154
9826 2 37
9826 2 535
9826 2 230
9826 2 0
9716 1 0
9716 1 699
9716 1 646
9716 1 392
9716 1 30
9716 1 628
9716 1 937
9716 1 0
9716 1 0
9716 1 0
7846 1 0
7846 1 907
7846 1 524
7846 1 335
7846 1 279
7846 1 255
7846 1 1064
7846 1 0
7846 1 0
7847 1 0
7847 1 355
7847 1 26
7847 1 889
7847 1 0
7847 1 724
7847 1 74
7847 1 0
7815 1 0
7815 1 804
7815 1 886
7815 1 0
7815 1 0
7815 1 0
7815 1 222
7815 1 509
7815 1 0
7815 1 0
7816 1 0
7816 1 481
7816 1 0
7817 1 0
7817 1 152
7817 1 0
525 1 0
525 1 487
525 1 390
525 1 62
525 1 0
525 1 0
525 1 0
525 1 110
525 1 0
525 1 0
2239 1 0
2239 1 39
2239 1 0
2239 1 681
2239 1 0
2239 1 765
2239 1 0
2239 1 0
2239 1 0
2239 1 0
2240 1 0
2240 1 589
2240 1 359
2240 1 0
2240 1 0
3049 1 0
3049 1 413
3049 1 328
3049 1 282
3049 1 214
3049 1 960
3049 1 0
3049 1 0
5759 1 0
5759 1 941
5759 1 943
5759 1 771
5759 1 492
5759 1 0
5759 1 0
5759 1 685
5759 1 694
5759 1 0
4762 1 0
4762 1 198
4762 1 117
4762 1 416
4762 1 900
4762 1 378
4762 1 280
4762 1 0
4762 1 0
4028 1 0
4028 1 0
2677 1 0
2677 1 108
2677 1 12
2677 1 0
2677 1 0
5852 1 0
5852 1 482
5852 1 303
5852 1 308
5852 1 105
5852 1 961
5852 1 0
5852 1 857
5852 1 0
1241 1 0
1241 1 735
1241 1 72
1241 1 898
1241 1 0
1241 1 0
2830 1 0
2830 1 788
2830 1 374
2830 1 712
2830 1 872
2830 1 0
2830 1 0
2830 1 0
2830 1 68
2830 1 0
2706 1 0
2706 1 405
2706 1 234
2706 1 239
2706 1 583
2706 1 537
2706 1 0
2706 1 877
2706 1 620
2706 1 0
2706 1 0
3541 1 0
3541 1 538
3541 1 446
3541 1 14
3541 1 495
3541 1 852
3541 1 949
3541 1 692
3541 1 0
3541 1 0
1677 1 0
1677 1 796
1677 1 603
1677 1 738
1677 1 0
1678 1 0
1678 1 0
1679 1 0
1679 1 0
1680 1 0
1680 1 0
1681 1 0
1681 1 0
1682 1 0
1682 1 0
1683 1 0
1683 1 0
1684 1 0
1684 1 0
1685 1 0
1685 1 0
1686 1 0
1686 1 0
1687 1 0
1687 1 0
1688 1 0
1688 1 0
1689 1 0
1689 1 0
1690 1 0
1690 1 0
1691 1 0
1691 1 0
1692 1 0
1692 1 0
1693 1 0
1693 1 0
1694 1 0
1694 1 0
1695 1 0
1695 1 0
1696 1 0
1696 1 0
1697 1 0
1697 1 0
1698 1 0
1698 1 0
1699 1 0
1699 1 0
1700 1 0
1700 1 0
1701 1 0
1701 1 0
1702 1 0
1702 1 0
1703 1 0
1703 1 0
1704 1 0
1704 1 0
1705 1 0
1705 1 0
1706 1 0
1706 1 0
1707 1 0
1707 1 0
1708 1 0
1708 1 0
1709 2 0
1709 2 608
1709 2 545
1709 2 513
1709 2 906
1709 2 0
1709 2 0
1709 2 0
1710 1 0
1710 1 371
1710 1 0
1710 1 0
7067 1 0
7067 1 539
7067 1 463
7067 1 693
7067 1 459
7067 1 454
7067 1 0
7067 1 0
7067 1 790
7067 1 0
3254 1 0
3254 1 456
3254 1 102
3254 1 610
3254 1 574
3254 1 419
3254 1 621
3254 1 944
3254 1 669
3254 1 0
3254 1 0
3134 1 0
3134 1 7
3134 1 291
3134 1 992
3134 1 437
3134 1 923
3134 1 436
3134 1 0
1090 1 0
1090 1 9
1090 1 866
1090 1 721
1090 1 0
4137 1 0
4137 1 384
4137 1 775
4137 1 0
4137 1 864
4137 1 0
4137 1 0
4138 1 0
4138 1 15
4138 1 499
4138 1 322
4138 1 0
4138 1 0
4571 1 0
4571 1 794
4571 1 756
4571 1 175
4571 1 376
4571 1 218
4571 1 140
4571 1 847
4571 1 0
4571 1 0
7439 1 0
7439 1 143
7439 1 572
7439 1 527
7439 1 235
7439 1 0
7439 1 0
