0 1 0 0 480  1440 
1 2 0.2076 0.3666 540  720 
2 2 0.05863 0.1687 810  840 
3 2 0.03645 0.0745 780  900 
4 2 0.02595 0.0542 540  600 
5 2 0.0198 0.1117 660  810 
6 2 0.02653 0.0409 690  780 
7 2 0.06097 0.1057 540  660 
8 2 0.01075 0.0455 780  900 
9 2 0.221895 0.3375 540  720 
10 2 0.025 0.2034 780  840 
11 2 0.051942 0.1037 810  930 
12 2 0.04723 0.0964 810  930 
13 2 0.692255 1.1219 810  840 
14 2 0.01055 0.026 600  720 
15 2 0.0505 0.1151 660  720 
16 2 0.348 3.4027 570  660 
17 2 0.4524 4.4235 600  660 
18 2 0.518445 1.4488 570  630 
19 2 0.0208 0.1346 780  840 
20 2 0.0886 0.1477 540  600 
21 2 0.02865 0.0513 540  720 
22 2 0.0105 0.0386 600  660 
23 2 0.0856 0.1566 780  870 
24 2 0.03304 0.1331 810  930 
25 2 0.02366 0.3351 540  720 
26 2 0.08944 0.1272 600  720 
27 2 0.015 0.3662 810  930 
28 2 0.03798 0.051 810  930 
29 2 0.02212 0.798 810  840 
30 2 0.24 0.4176 600  660 
31 2 0.013 0.0368 570  660 
32 2 0.3153 0.6039 660  720 
33 2 0.1716 0.4511 810  840 
34 2 0.04826 0.1466 660  810 
35 2 0.01467 0.1156 600  660 
36 2 0.0124 0.159 600  720 
37 2 0.01817 0.0293 660  780 
38 2 0.06247 0.121 780  840 
39 2 0.0202 0.0515 540  720 
40 2 0.0106 0.0244 660  810 
41 2 0.06498 0.4311 780  840 
42 2 0.0135 0.0942 570  630 
43 2 0.0129 0.0973 810  840 
44 2 0.0129 0.0973 780  930 
45 2 0.012 0.0837 540  660 
46 2 0.02331 0.0956 780  900 
47 2 0.36857 0.5909 810  870 
48 2 0.0294 0.1717 660  810 
49 2 0.657512 1.0689 780  870 
50 2 0.01697 0.026 660  720 
51 2 0.05025 0.262 660  780 
52 2 0.04702 0.3459 570  630 
53 2 0.56436 0.878 780  840 
54 2 0.05526 0.0875 600  660 
55 2 0.09815 0.2089 780  930 
56 2 0.013164 0.3085 690  780 
57 2 0.0878 0.9089 570  660 
58 2 0.03786 0.3001 540  720 
59 2 0.0348 0.2074 600  660 
60 2 0.0252 0.0265 600  720 
61 2 0.0288 0.1882 570  630 
62 2 0.0181 0.103 570  720 
63 2 0.021 0.1357 660  810 
64 2 0.0108 0.0612 690  780 
65 2 0.0134 0.1608 780  900 
66 2 0.0164 0.1584 810  870 
67 2 0.04008 0.1237 570  630 
68 2 0.20093 0.295 810  930 
69 2 0.22901 0.3757 780  840 
70 2 0.03329 0.0594 570  630 
71 2 0.02872 0.0458 690  780 
72 2 0.02904 0.0432 660  720 
73 2 0.0526 0.06 660  720 
74 2 0.3765 0.253 810  930 
75 2 0.01908 0.0726 810  900 
76 2 0.02112 0.04 810  900 
77 2 0.0336 0.062 780  900 
78 2 0.010625 0.0402 660  720 
79 2 0.06506 0.0767 660  780 
80 2 0.03432 0.0902 780  870 
81 2 0.15 0.2468 600  720 
82 2 0.05758 0.0716 780  840 
83 2 0.01536 0.0445 780  930 
84 2 0.0786 0.6139 660  780 
85 2 0.024 0.05 690  780 
86 2 0.492 0.903 810  930 
87 2 0.152 0.315 810  930 
88 2 0.3596 3.5161 540  720 
89 2 0.15171 0.2329 810  840 
90 2 0.0204 0.0621 810  930 
91 2 0.03772 0.3039 780  870 
92 2 0.04418 0.3643 690  780 
93 2 0.09197 0.6076 690  810 
94 2 0.08526 0.3598 810  840 
95 2 0.073 0.2659 810  870 
96 2 0.0238 0.1072 810  870 
97 2 0.427 0.6515 660  780 
98 2 0.1095 1.0035 540  720 
99 2 0.0108 0.0178 690  810 
100 2 0.21378 0.3854 600  660 
101 2 0.2382 2.0293 540  720 
102 2 0.01808 0.1625 540  720 
103 2 0.08408 0.262 540  600 
104 2 0.12216 0.3263 780  930 
105 2 0.192 0.3069 660  810 
106 2 0.152195 0.267 690  780 
107 2 0.323375 0.6364 660  810 
108 2 0.15122 0.3452 810  840 
109 2 0.162891 0.4848 540  600 
110 2 0.1888 0.3324 780  900 
111 2 0.48152 2.6539 540  600 
112 2 0.171 0.297 810  870 
113 2 0.075175 0.4547 540  600 
114 2 0.02764 0.2584 810  930 
115 2 0.03 0.1 570  630 
116 2 0.22925 0.3858 780  840 
117 2 0.15 0.2468 570  720 
118 2 0.19877 0.2965 690  810 
119 2 0.206584 0.3716 780  900 
120 2 0.519 0.9165 540  600 
121 2 0.24687 0.5859 690  810 
122 2 0.159775 0.2796 660  780 
123 2 0.1733 0.667 540  660 
124 2 0.11544 0.2098 780  840 
125 2 0.179128 0.3172 810  930 
126 2 0.126505 0.1876 570  660 
127 2 0.02526 0.0365 780  870 
128 2 0.402725 0.7621 570  660 
129 2 0.153 0.2595 540  660 
130 2 0.240858 0.4389 810  840 
131 2 0.161815 0.2787 570  630 
132 2 0.21457 0.5964 540  660 
133 2 0.167288 0.2766 660  720 
134 2 0.17466 0.3058 540  720 
135 2 0.297287 0.6575 810  900 
136 2 0.151035 0.2572 780  870 
137 2 0.189045 0.3066 570  630 
138 2 0.01293 0.0264 780  900 
139 2 0.19312 0.3998 780  870 
140 2 0.1269 0.1846 690  810 
141 2 0.06055 0.0901 810  930 
142 2 0.025664 0.0388 570  660 
143 2 0.0124 0.1241 570  630 
144 2 0.04136 0.0802 570  720 
145 2 0.010096 0.0753 600  720 
146 2 0.023852 0.0299 810  930 
147 2 0.02246 0.0341 570  720 
148 2 0.01806 0.0217 810  900 
149 2 0.228415 0.4465 540  600 
150 2 0.0236 0.032 660  810 
151 2 0.03 0.1 690  810 
152 2 0.5072 0.9 810  840 
153 2 0.828 6.4765 540  600 
154 2 1.61 12.5932 660  780 
155 2 0.348 0.54 690  810 
156 2 0.023275 0.0213 600  720 
157 2 0.091 0.1753 540  720 
158 2 0.01175 0.0454 600  660 
159 2 0.072 0.6306 600  720 
160 2 0.01758 0.0389 660  810 
161 2 0.0672 0.1128 780  840 
162 2 0.18 0.342 660  810 
163 2 0.048 0.1 810  840 
164 2 0.02024 0.0416 690  810 
165 2 0.333 2.7443 810  870 
166 2 0.123 0.9418 810  900 
167 2 0.0615 0.5417 540  600 
168 2 0.06825 0.5631 660  810 
169 2 0.0288 0.0954 810  870 
170 2 0.0105 0.0346 660  720 
171 2 0.0156 0.0468 780  840 
172 2 0.13905 1.2367 690  780 
173 2 0.0136 0.0322 690  780 
174 2 0.1177 1.2672 540  660 
175 2 0.08312 1.4199 570  720 
176 2 0.01485 0.0825 660  780 
177 2 0.033 0.048 660  780 
178 2 0.03964 0.0719 780  930 
179 2 0.021202 0.1225 570  660 
180 2 0.111481 0.1628 690  810 
181 2 0.03672 0.1398 780  840 
182 2 0.023268 0.0468 810  870 
183 2 0.01014 0.0164 690  810 
184 2 1.75794 2.7668 540  600 
185 2 0.584525 1.0338 540  600 
186 2 0.03504 0.0652 660  720 
187 2 0.0172 0.058 660  780 
188 2 0.148144 0.2932 540  660 
189 2 0.181 0.2962 540  720 
190 2 0.188367 0.3042 570  720 
191 2 0.04744 0.1732 810  930 
192 2 0.04224 0.08 660  780 
193 2 0.01271 0.0743 660  720 
194 2 0.01236 0.0427 540  600 
195 2 0.0263 0.03 810  840 
196 2 0.15628 0.2758 540  660 
197 2 0.22089 0.3692 600  720 
198 2 0.427 0.6553 570  630 
199 2 0.159465 0.3018 600  720 
200 2 0.135615 0.2547 810  900 
201 2 0.017 0.0774 780  930 
202 2 0.19925 0.3131 810  840 
203 2 0.15138 0.3166 540  600 
204 2 0.458324 0.7963 660  810 
205 2 0.169731 0.3162 780  900 
206 2 0.27 0.9 660  810 
207 2 0.141515 0.3067 600  720 
208 2 0.172 0.2543 780  900 
209 2 0.233098 0.4424 810  840 
210 2 0.167725 0.2567 660  720 
211 2 0.0104 0.0271 780  870 
212 2 0.01324 0.0423 810  930 
213 2 0.233843 0.4788 600  720 
214 2 0.154315 0.2805 690  780 
215 2 0.08 0.165 570  630 
216 2 0.248 0.514 690  810 
217 2 0.116 0.24 660  810 
218 2 0.3484 0.7428 690  780 
219 2 0.3084 0.4753 810  870 
220 2 0.42552 0.7946 540  600 
221 2 0.53058 1.1845 810  840 
222 2 0.35206 0.5677 780  900 
223 2 0.25584 0.4341 810  900 
224 2 0.63314 0.901 540  600 
225 2 0.2902 0.4687 600  720 
226 2 0.2869 0.478 660  720 
227 2 0.98664 1.5177 540  660 
228 2 0.07752 0.2258 690  780 
229 2 0.90402 1.4757 780  900 
230 2 0.11838 0.2677 810  900 
231 2 0.44918 0.8249 810  900 
232 2 0.09202 0.2043 660  780 
233 2 0.22008 0.3728 540  720 
234 2 0.2695 0.6045 540  600 
235 2 0.249 0.4469 780  930 
236 2 0.53744 0.8847 690  810 
237 2 1.52578 2.309 540  720 
238 2 0.68506 1.0887 570  660 
239 2 0.45786 0.6916 570  720 
240 2 1.2838 2.3358 600  660 
241 2 0.0284 0.0898 780  900 
242 2 1.13966 1.7748 810  930 
243 2 0.83622 1.2372 540  600 
244 2 0.34886 0.6614 540  660 
245 2 0.31402 0.4957 660  810 
246 2 1.02788 1.5884 660  810 
247 2 1.14354 1.8357 570  660 
248 2 0.56518 0.9934 810  840 
249 2 0.58736 0.9466 600  660 
250 2 0.12896 0.2394 540  660 
251 2 0.13083 1.45 570  630 
252 2 0.2028 0.3875 780  900 
253 2 1.1096 7.4506 660  720 
254 2 0.200762 0.3948 570  720 
255 2 0.33028 0.5786 690  810 
256 2 0.4413 0.736 570  630 
257 2 0.64066 1.1978 780  900 
258 2 0.99912 1.6142 570  660 
259 2 0.37852 0.9054 780  900 
260 2 0.30788 0.6175 810  870 
261 2 0.27358 0.5589 540  600 
262 2 0.60722 0.953 600  660 
263 2 0.01358 0.0584 690  780 
264 2 0.42836 0.6541 660  810 
265 2 0.04638 0.1238 780  930 
266 2 0.1014 0.3298 570  660 
267 2 0.94838 1.4799 660  780 
268 2 1.22922 2.2785 660  720 
269 2 0.14754 0.2168 810  900 
270 2 1.05882 1.7261 810  840 
271 2 0.24104 0.3442 600  660 
272 2 1.6399 2.307 540  720 
273 2 0.14396 0.2614 570  660 
274 2 0.30226 0.6249 810  900 
275 2 0.04428 0.0736 660  720 
276 2 0.53208 0.7957 810  930 
277 2 0.46222 0.844 570  630 
278 2 0.79668 1.3288 690  810 
279 2 0.01008 0.0155 690  780 
280 2 0.71386 1.2858 810  840 
281 2 0.03248 0.0534 600  660 
282 2 0.18336 0.3324 600  660 
283 2 0.14778 0.4309 780  840 
284 2 0.14376 0.318 660  720 
285 2 0.48698 0.6686 690  780 
286 2 0.13476 0.3356 660  780 
287 2 1.5402 2.5964 810  930 
288 2 1.40492 2.1777 570  630 
289 2 0.4605 1.0361 780  900 
290 2 1.6181 2.3341 660  810 
291 2 0.62568 1.2917 570  630 
292 2 0.53138 0.9201 690  810 
293 2 0.32386 0.6175 780  930 
294 2 0.23034 0.3384 570  630 
295 2 0.37158 0.8335 810  930 
296 2 1.95406 3.4996 600  720 
297 2 0.19754 0.3674 810  840 
298 2 0.25872 0.4925 780  930 
299 2 0.02958 0.0828 810  870 
300 2 0.24096 0.5065 660  810 
301 2 0.39898 0.6086 780  870 
302 2 0.026 0.0841 540  660 
303 2 0.27638 0.4391 600  720 
304 2 0.27382 0.4159 780  870 
305 2 0.17436 0.3032 810  900 
306 2 0.62094 1.0421 600  720 
307 2 0.34668 0.881 780  900 
308 2 0.1748 0.3024 660  810 
309 2 0.87262 1.7074 780  930 
310 2 0.21432 0.3194 570  720 
311 2 0.99816 1.8708 810  900 
312 2 0.51986 0.984 570  630 
313 2 0.83118 1.4532 540  600 
314 2 0.37924 0.8145 780  900 
315 2 0.21758 0.5999 780  900 
316 2 0.42048 0.7029 570  720 
317 2 1.54626 2.204 780  900 
318 2 0.36462 0.6038 690  780 
319 2 0.49926 0.7679 690  810 
320 2 0.3786 0.688 570  660 
321 2 0.53764 0.7184 660  720 
322 2 0.02826 0.0997 810  870 
323 2 0.1473 0.2267 780  930 
324 2 0.1169 0.217 660  780 
325 2 0.55948 1.0563 660  810 
326 2 0.37158 0.6483 660  810 
327 2 0.0888 0.1275 540  720 
328 2 0.24374 0.3902 600  660 
329 2 0.34806 0.622 570  660 
330 2 0.51346 0.8333 810  840 
331 2 0.06186 0.3615 690  810 
332 2 0.29114 0.4485 540  660 
333 2 0.18166 0.3318 690  780 
334 2 0.2958 0.5314 540  660 
335 2 0.15204 0.3588 660  720 
336 2 0.93352 1.6593 570  660 
337 2 0.76428 1.2053 660  810 
338 2 0.09196 0.2093 600  720 
339 2 0.81876 1.2827 780  930 
340 2 0.55592 0.8878 570  630 
341 2 0.49298 0.7858 570  660 
342 2 0.06304 0.1729 780  930 
343 2 0.73346 1.4748 540  720 
344 2 0.27962 0.5189 780  840 
345 2 0.38512 0.6209 780  900 
346 2 0.18146 0.588 810  930 
347 2 0.02882 0.0973 540  660 
348 2 0.45782 0.7366 690  780 
349 2 1.4378 2.7187 600  720 
350 2 0.61244 1.1503 660  810 
351 2 1.21386 2.0523 660  720 
352 2 0.01514 0.0535 810  840 
353 2 0.92498 1.4561 660  780 
354 2 0.26328 0.4148 660  720 
355 2 0.08524 0.1432 600  660 
356 2 0.06646 0.1037 810  900 
357 2 0.42252 0.7675 600  660 
358 2 1.13288 1.8114 600  720 
359 2 1.7347 2.888 780  840 
360 2 0.09974 0.1793 780  900 
361 2 0.61094 1.0467 660  780 
362 2 0.23654 0.405 810  840 
363 2 0.03468 0.1495 660  810 
364 2 0.56804 1.0137 570  630 
365 2 1.31804 2.1146 690  780 
366 2 0.63722 1.0845 600  660 
367 2 0.21466 0.3682 810  840 
368 2 0.55876 0.956 540  600 
369 2 0.3671 0.7404 570  660 
370 2 0.14268 0.2194 570  660 
371 2 0.70432 1.3673 810  930 
372 2 0.47982 0.8208 810  870 
373 2 0.44456 0.6963 780  870 
374 2 0.68612 1.1114 540  600 
375 2 0.18542 0.3804 780  930 
376 2 0.63878 1.0059 660  810 
377 2 0.37128 0.5801 660  720 
378 2 0.34188 0.5727 780  870 
379 2 0.23382 0.4613 600  660 
380 2 0.62932 1.092 690  810 
381 2 0.1174 0.2353 810  840 
382 2 0.3542 0.5429 810  840 
383 2 0.2205 0.4668 780  900 
384 2 0.43428 0.7279 570  630 
385 2 0.02496 0.03 600  660 
386 2 0.02736 0.1189 810  900 
387 2 0.9337 1.7232 570  720 
388 2 0.05242 0.1159 540  720 
389 2 0.0857 0.1784 570  720 
390 2 0.3879 0.7503 540  720 
391 2 0.68066 1.3043 690  810 
392 2 0.19272 0.4081 600  720 
393 2 0.16038 0.4503 660  780 
394 2 0.08048 0.2328 540  600 
395 2 0.45934 0.7387 810  930 
396 2 0.11216 0.2803 690  780 
397 2 0.30934 0.4815 780  900 
398 2 0.12544 0.2661 810  870 
399 2 0.1464 0.2272 600  720 
400 2 0.19098 0.3131 570  720 
401 2 0.08352 0.1354 780  900 
402 2 0.01 0.0182 570  720 
403 2 0.2513 0.4956 570  630 
404 2 0.93376 1.4915 570  660 
405 2 0.2535 0.4641 540  720 
406 2 0.20894 0.34 780  840 
407 2 0.02224 0.0584 600  660 
408 2 0.29046 0.4789 570  660 
409 2 0.14242 0.2079 570  630 
410 2 0.14204 0.3475 540  720 
411 2 0.4531 0.8275 600  660 
412 2 0.0681 0.172 810  930 
413 2 0.63968 1.2843 570  720 
414 2 0.14996 0.2332 690  780 
415 2 0.16444 0.2704 780  930 
416 2 0.05912 0.1088 600  660 
417 2 0.39832 0.6243 780  840 
418 2 0.22868 0.3277 660  810 
419 2 0.24745 1.8008 570  720 
420 2 0.048 0.0792 570  660 
421 2 0.173841 0.3197 660  720 
422 2 0.19588 0.4018 570  630 
423 2 0.01957 0.0268 660  810 
424 2 1.14672 1.9047 600  660 
425 2 0.1691 0.2946 660  720 
426 2 1.02551 1.5584 570  720 
427 2 0.167806 0.3168 690  810 
428 2 0.18507 0.4684 570  720 
429 2 0.151403 0.2689 570  660 
430 2 0.17732 0.3441 570  720 
431 2 0.0973 0.4035 810  900 
432 2 0.271326 0.7891 690  780 
433 2 0.244913 0.4047 780  930 
434 2 0.247967 0.4008 810  930 
435 2 0.16859 0.286 690  810 
436 2 0.072 0.6043 780  930 
437 2 0.246 2.0252 660  780 
438 2 0.1026 0.8663 780  870 
439 2 0.0822 0.6728 810  900 
440 2 0.17578 0.2948 690  810 
441 2 0.186209 0.3568 600  660 
442 2 0.01968 0.0194 660  720 
443 2 0.174864 0.5003 690  810 
444 2 0.15803 0.287 570  660 
445 2 0.2025 2.6265 660  720 
446 2 0.3688 0.577 540  720 
447 2 0.22071 0.3751 690  810 
448 2 0.22148 0.3468 540  720 
449 2 0.235425 0.3893 540  600 
450 2 0.174095 0.2023 660  720 
451 2 0.152258 0.2995 810  870 
452 2 0.15493 0.313 570  720 
453 2 0.18408 0.3315 540  660 
454 2 0.2036 0.3671 690  810 
455 2 0.261575 0.5859 780  840 
456 2 0.180245 0.3471 540  600 
457 2 0.138 1.0794 780  840 
458 2 0.17466 0.3058 540  660 
459 2 0.15849 0.2766 690  780 
460 2 0.01068 0.0122 540  660 
461 2 0.1074 0.4501 780  900 
462 2 0.11576 0.4685 540  660 
463 2 0.427 0.6553 570  720 
464 2 0.174964 0.2683 570  720 
465 2 0.74092 0.8807 690  810 
466 2 0.2936 3.8229 570  720 
467 2 0.185 0.3252 570  720 
468 2 0.175875 0.5354 660  810 
469 2 0.157195 0.3262 780  840 
470 2 0.159406 0.2642 690  810 
471 2 0.22959 0.397 780  930 
472 2 0.238699 0.582 780  900 
473 2 0.298224 0.4553 540  720 
474 2 0.153685 0.2652 570  630 
475 2 0.145995 0.2013 780  930 
476 2 0.158275 0.2426 810  870 
477 2 0.1074 0.4501 780  900 
478 2 0.599 0.9073 570  660 
479 2 0.2544 0.237 810  870 
480 2 0.5088 0.474 810  930 
481 2 1.0176 0.948 810  870 
482 2 0.01008 0.0407 600  660 
483 2 0.02625 0.0541 570  630 
484 2 0.03922 0.0609 660  720 
485 2 0.0579 0.0908 660  780 
486 2 0.414 3.2382 690  780 
487 2 0.5136 0.5362 540  600 
488 2 0.03 0.0618 600  720 
489 2 0.1892 0.3807 660  720 
490 2 0.0384 0.0468 780  930 
491 2 0.0696 0.6805 810  930 
492 2 0.1744 1.4556 570  720 
493 2 0.0105 0.893 660  780 
494 2 0.0824 0.7312 780  900 
495 2 0.01327 0.0815 690  810 
496 2 0.2256 0.3534 780  840 
497 2 0.20049 0.3726 540  600 
498 2 0.186368 0.3281 600  720 
499 2 0.04024 0.0658 810  900 
500 2 0.0503 0.0822 540  660 
501 2 0.21385 0.3243 570  630 
502 2 0.08292 0.1101 570  630 
503 2 0.04218 0.3401 780  930 
504 2 0.04623 0.19 810  930 
505 2 0.12599 0.2188 810  870 
506 2 0.01134 0.069 810  900 
507 2 0.011658 0.0233 570  660 
508 2 0.012 0.0778 810  900 
509 2 0.0831 0.1781 810  900 
510 2 0.010275 0.1469 780  870 
511 2 0.01923 0.0528 600  660 
512 2 0.22615 0.3522 780  900 
513 2 0.340275 0.568 780  870 
514 2 0.223551 0.5138 570  630 
515 2 0.01044 0.0943 780  870 
516 2 0.17451 0.3934 810  930 
517 2 0.208889 0.3838 600  720 
518 2 0.20203 0.3668 540  600 
519 2 0.15078 0.3806 690  780 
520 2 0.17149 0.3503 810  900 
521 2 0.0256 0.0476 810  840 
522 2 0.1879 0.2903 570  720 
523 2 0.18443 0.5565 690  780 
524 2 0.1708 0.2606 660  780 
525 2 0.188865 0.286 780  930 
526 2 0.140295 0.2748 780  840 
527 2 0.17715 0.3008 780  840 
528 2 0.01536 0.0285 600  720 
529 2 0.162823 0.2854 570  630 
530 2 0.125475 0.4302 810  870 
531 2 0.406132 0.7118 600  720 
532 2 0.250241 0.5637 660  810 
533 2 0.455088 0.7071 570  720 
534 2 0.28866 0.4392 540  600 
535 2 0.163 0.2861 810  930 
536 2 0.192575 0.3859 810  900 
537 2 0.219294 0.3446 660  810 
538 2 0.1879 0.2903 540  720 
539 2 0.11566 0.1991 540  720 
540 2 0.16532 0.3102 600  660 
541 2 0.28505 0.5185 600  660 
542 2 0.025175 0.0426 570  630 
543 2 0.172425 0.2499 570  720 
544 2 0.150538 0.2755 690  810 
545 2 0.211634 0.4313 780  930 
546 2 0.0128 0.0194 810  840 
547 2 0.180455 0.318 810  900 
548 2 0.219095 0.3608 690  780 
549 2 0.155294 0.3518 660  720 
550 2 0.29165 0.4525 810  840 
551 2 0.1116 0.1501 810  900 
552 2 0.0517 0.1002 780  840 
553 2 0.04536 0.0693 540  660 
554 2 0.01416 0.0151 570  720 
555 2 0.041784 0.0895 600  720 
556 2 0.095 0.1545 810  870 
557 2 0.08786 0.7108 810  840 
558 2 0.015 0.1883 780  870 
559 2 0.09765 0.1495 570  660 
560 2 0.03154 0.1059 780  840 
561 2 0.10061 0.1437 810  840 
562 2 0.045228 0.0831 540  660 
563 2 0.12605 0.1969 690  810 
564 2 0.0173 0.0284 540  600 
565 2 0.06062 0.0909 540  600 
566 2 0.77438 1.24 660  720 
567 2 0.03376 0.0572 600  720 
568 2 0.037 0.244 810  840 
569 2 0.04 0.271 780  840 
570 2 0.528 3.8841 690  810 
571 2 0.0252 0.0654 690  780 
572 2 0.0126 0.028 780  870 
573 2 0.015 0.0717 600  720 
574 2 0.011 0.2 570  660 
575 2 0.029 0.2 540  660 
576 2 0.22914 2.2843 810  870 
577 2 0.0345 0.1875 570  660 
578 2 0.039 0.4018 570  720 
579 2 0.0264 0.5867 780  930 
580 2 0.03242 0.3178 570  720 
581 2 0.08032 0.1682 780  870 
582 2 0.0695 0.4242 570  720 
583 2 0.0298 0.1351 660  720 
584 2 0.07233 0.5148 810  870 
585 2 0.01275 0.0707 780  930 
586 2 0.10615 1.4726 690  810 
587 2 0.06177 0.5102 810  900 
588 2 0.05246 0.064 810  870 
589 2 0.0498 0.5142 660  810 
590 2 0.0396 0.0639 810  900 
591 2 0.3545 2.9843 810  870 
592 2 0.15039 0.2501 600  660 
593 2 0.03824 0.0727 540  720 
594 2 0.2565 0.8893 780  900 
595 2 0.0307 0.0509 780  930 
596 2 0.7628 1.1438 570  630 
597 2 0.017 0.1447 570  660 
598 2 0.10978 0.167 570  720 
599 2 0.032525 0.0489 780  840 
600 2 0.5116 0.7941 780  930 
601 2 0.0226 0.1332 690  810 
602 2 0.066276 0.9147 660  720 
603 2 0.0142 0.0995 570  630 
604 2 0.03463 0.0817 810  870 
605 2 0.048706 0.0817 540  600 
606 2 0.02022 0.1782 540  600 
607 2 0.02184 0.4118 810  930 
608 2 1.29042 12.864 660  780 
609 2 0.07633 0.45 570  720 
610 2 0.056288 0.3383 570  630 
611 2 0.931592 1.4919 690  780 
612 2 0.0264 0.0502 810  840 
613 2 0.53755 0.8366 570  720 
614 2 0.04374 0.0652 690  780 
615 2 0.152835 0.23 540  720 
616 2 0.44925 0.6805 660  780 
617 2 0.2253 0.5682 780  930 
618 2 1.69446 4.7239 660  810 
619 2 0.13518 0.3409 780  930 
620 2 0.375255 0.6037 810  930 
621 2 0.64689 1.0154 690  780 
622 2 0.3504 0.493 540  720 
623 2 0.02328 0.0345 570  720 
624 2 0.1854 0.2587 780  900 
625 2 0.072 0.6306 540  600 
626 2 1.155125 1.8828 780  930 
627 2 0.5888 0.8695 540  720 
628 2 0.10808 0.1785 660  810 
629 2 0.573546 0.8964 780  930 
630 2 0.174964 0.2683 810  930 
631 2 0.0134 0.0697 540  660 
632 2 0.12 0.25 780  900 
633 2 0.136 0.282 690  810 
634 2 0.168 0.33 570  630 
635 2 0.0783 0.6541 540  720 
636 2 0.111 0.9942 540  720 
637 2 0.3726 1.0996 540  720 
638 2 0.58374 1.7227 810  900 
639 2 0.3726 1.0996 810  870 
640 2 0.3726 1.0996 540  600 
641 2 0.2484 0.733 780  840 
642 2 0.2484 0.733 600  720 
643 2 1.91268 5.6444 570  660 
644 2 0.1801 0.2778 570  660 
645 2 1.3506 3.6595 570  630 
646 2 0.76792 2.0873 540  600 
647 2 0.0182 0.082 690  780 
648 2 0.05424 0.2722 690  780 
649 2 0.01152 0.0692 570  720 
650 2 0.04656 0.2839 810  870 
651 2 0.01746 0.0607 660  780 
652 2 0.81072 2.9798 810  900 
653 2 1.07538 6.2689 540  720 
654 2 0.0621 0.1833 810  900 
655 2 0.99822 2.3408 600  720 
656 2 0.02359 0.0691 780  840 
657 2 2.0467 3.249 570  630 
658 2 0.0128 0.0199 570  720 
659 2 0.184994 0.342 660  810 
660 2 0.0216 0.0356 570  660 
661 2 0.7575 5.5125 810  840 
662 2 0.15999 0.3031 810  870 
663 2 0.30377 0.8616 660  720 
664 2 0.184 1.4392 660  810 
665 2 0.01545 0.0905 600  660 
666 2 0.096 1.3886 600  660 
667 2 0.44577 1.0145 780  870 
668 2 0.0173 0.0903 810  930 
669 2 0.078623 0.5777 780  930 
670 2 0.04484 0.0715 570  630 
671 2 0.01469 0.0357 690  780 
672 2 0.01109 0.0154 780  840 
673 2 0.03296 0.0582 570  660 
674 2 0.06038 0.0956 600  720 
675 2 0.017 0.0216 810  930 
676 2 0.06075 0.0576 690  810 
677 2 0.10896 0.1984 780  840 
678 2 0.02485 0.047 810  870 
679 2 0.02 0.0242 810  900 
680 2 0.04028 0.0682 690  780 
681 2 0.186 0.2803 660  720 
682 2 0.0468 0.0763 600  660 
683 2 0.15438 0.2728 690  780 
684 2 0.0108 0.0178 540  600 
685 2 1.05 1.3259 690  810 
686 2 1.05 1.3259 660  780 
687 2 0.244505 0.5589 660  720 
688 2 0.03346 0.3 540  600 
689 2 0.07342 0.75 690  780 
690 2 0.02128 0.25 570  630 
691 2 0.01017 0.12 540  720 
692 2 0.0105 0.08 810  930 
693 2 0.133 1.1263 660  780 
694 2 0.02052 0.35 810  870 
695 2 0.26133 0.4221 570  630 
696 2 0.0309 0.2742 690  780 
697 2 0.08401 0.95 570  630 
698 2 0.03107 0.2 570  630 
699 2 0.02719 0.12 540  660 
700 2 0.02794 0.2 690  780 
701 2 0.12046 1.25 690  810 
702 2 0.05938 0.7 780  870 
703 2 0.06719 0.75 600  660 
704 2 0.03468 0.55 810  870 
705 2 0.11099 1.25 780  840 
706 2 0.1929 2.15 810  900 
707 2 0.10441 0.2447 660  720 
708 2 0.04424 0.0913 810  900 
709 2 0.06325 0.1978 780  840 
710 2 0.26837 0.6872 690  780 
711 2 0.5309 1.3299 780  840 
712 2 0.20544 0.6121 600  660 
713 2 0.1157 1.3294 810  870 
714 2 0.2362 0.4884 780  840 
715 2 0.03669 0.0807 600  660 
716 2 0.06674 0.2256 660  810 
717 2 0.309375 0.515 660  810 
718 2 2.3056 3.5095 810  840 
719 2 0.0552 0.1224 570  630 
720 2 0.01805 0.0829 570  630 
721 2 0.11864 0.7978 690  780 
722 2 0.06985 0.5042 540  600 
723 2 0.025238 0.179 660  780 
724 2 0.017725 0.0404 780  900 
725 2 1.38132 1.9981 660  720 
726 2 0.65474 1.0643 660  810 
727 2 0.8 1.3903 780  900 
728 2 0.57924 0.9328 540  720 
729 2 0.34192 0.5765 600  660 
730 2 1.66496 2.5993 540  720 
731 2 0.33024 0.5303 810  840 
732 2 0.16668 0.3071 780  930 
733 2 1.46378 2.4378 570  660 
734 2 0.0941 0.1806 780  930 
735 2 0.13634 0.31 660  720 
736 2 0.19614 0.3567 570  720 
737 2 0.17552 0.3604 810  870 
738 2 0.17906 0.2975 570  630 
739 2 0.52452 0.9317 780  870 
740 2 1.34712 2.0785 810  840 
741 2 0.91556 1.5102 570  720 
742 2 0.14528 0.2432 810  900 
743 2 0.1623 0.2472 570  630 
744 2 0.26926 0.5063 540  600 
745 2 2.3512 3.4563 690  780 
746 2 0.20932 0.3345 570  630 
747 2 0.04654 0.1034 570  630 
748 2 0.28196 0.4299 810  840 
749 2 0.5064 0.8067 690  780 
750 2 0.275 0.5668 780  870 
751 2 0.36238 0.6173 540  660 
752 2 0.65716 1.0552 660  780 
753 2 0.04078 0.0948 780  870 
754 2 0.32808 0.5683 570  720 
755 2 0.5904 1.1023 540  720 
756 2 0.2453 0.5935 570  630 
757 2 0.102 0.1776 810  840 
758 2 0.5955 0.8994 780  870 
759 2 0.39362 0.6877 660  780 
760 2 0.03566 0.068 660  780 
761 2 0.8858 1.511 780  900 
762 2 0.1655 0.2864 660  810 
763 2 0.09914 0.1922 540  600 
764 2 0.41754 0.6117 570  630 
765 2 0.23862 0.5916 810  840 
766 2 0.5959 1.0429 540  720 
767 2 0.179 0.3064 570  660 
768 2 0.19982 0.3931 570  720 
769 2 0.47418 0.7852 570  720 
770 2 0.05484 0.1161 540  600 
771 2 0.52742 0.8809 570  720 
772 2 0.03446 0.0646 780  930 
773 2 1.5295 2.6761 570  630 
774 2 0.40932 0.7395 780  870 
775 2 0.59008 1.0637 600  660 
776 2 0.5758 1.1349 810  930 
777 2 1.52242 2.6614 570  660 
778 2 0.41276 0.7084 660  810 
779 2 0.51524 0.9137 810  900 
780 2 0.31512 0.5118 600  660 
781 2 0.13306 0.2449 540  720 
782 2 0.2706 0.5067 540  600 
783 2 0.03446 0.0702 690  810 
784 2 0.14296 0.2728 810  930 
785 2 0.97332 1.6431 780  900 
786 2 1.59766 2.7288 780  900 
787 2 0.0373 0.0944 780  870 
788 2 0.4633 0.6692 540  600 
789 2 0.08056 0.1355 810  930 
790 2 1.9828 4.4404 780  900 
791 2 0.0396 0.0869 780  840 
792 2 0.50508 1.1159 540  660 
793 2 0.3579 0.573 810  840 
794 2 0.10426 0.1817 570  660 
795 2 0.63934 1.0772 810  870 
796 2 0.18886 0.3675 540  660 
797 2 0.03836 0.0717 570  630 
798 2 0.03372 0.0781 660  780 
799 2 0.41316 0.6286 810  930 
800 2 0.12246 0.2356 660  780 
801 2 0.38048 0.5378 600  720 
802 2 1.1938 2.0248 540  720 
803 2 0.93782 1.4653 780  840 
804 2 1.92586 3.363 540  660 
805 2 0.22896 0.3853 570  660 
806 2 0.46594 0.7133 660  720 
807 2 0.28046 0.562 780  930 
808 2 0.27654 0.5587 690  810 
809 2 0.12098 0.2295 540  660 
810 2 0.03352 0.0736 810  870 
811 2 0.30676 0.5347 810  840 
812 2 0.0222 0.0393 810  900 
813 2 1.04662 1.6756 540  660 
814 2 0.04118 0.0754 660  720 
815 2 0.25662 0.4427 780  900 
816 2 0.38032 1.2421 540  660 
817 2 0.30634 0.7147 600  660 
818 2 0.819 1.5873 810  840 
819 2 0.25692 0.5111 570  660 
820 2 0.59448 0.9504 600  660 
821 2 0.31802 0.5587 570  630 
822 2 2.18692 3.5475 810  930 
823 2 0.58716 0.9305 660  780 
824 2 0.48864 0.8241 810  930 
825 2 0.3945 0.5742 570  660 
826 2 0.75004 1.3688 570  720 
827 2 0.89352 1.5112 570  660 
828 2 1.4294 2.1731 600  660 
829 2 0.05756 0.1243 810  930 
830 2 0.53764 1.1191 540  600 
831 2 0.35362 0.5673 540  660 
832 2 0.0433 0.0976 600  720 
833 2 0.07034 0.1571 660  780 
834 2 0.15446 0.328 660  780 
835 2 0.12852 0.3605 780  930 
836 2 0.2415 0.3236 780  900 
837 2 0.51304 0.7242 780  930 
838 2 0.11692 0.2002 780  900 
839 2 0.35846 0.6253 570  720 
840 2 1.53764 2.5209 660  780 
841 2 0.0358 0.0808 570  630 
842 2 0.2257 0.3933 780  840 
843 2 0.41764 0.6866 600  660 
844 2 0.33996 0.6065 780  900 
845 2 0.05636 0.104 810  930 
846 2 0.56924 0.8743 660  720 
847 2 0.3116 0.4969 810  900 
848 2 0.06874 0.1222 780  870 
849 2 0.06118 0.175 570  630 
850 2 0.05124 0.0849 540  660 
851 2 0.0584 0.1068 570  660 
852 2 0.13068 0.2645 780  930 
853 2 0.77298 1.2241 540  600 
854 2 0.12326 0.2103 600  720 
855 2 0.09262 0.1405 660  810 
856 2 0.48564 0.7465 540  600 
857 2 0.06328 0.1134 810  930 
858 2 0.11104 0.2305 780  930 
859 2 0.2255 0.3951 570  720 
860 2 0.31382 0.5394 660  720 
861 2 0.2306 0.4274 690  810 
862 2 0.184072 0.4341 540  600 
863 2 0.27114 0.4783 540  660 
864 2 0.018892 0.0323 810  870 
865 2 0.26199 0.4564 570  630 
866 2 0.1613 0.2846 600  660 
867 2 0.16723 0.2909 600  720 
868 2 0.207836 0.426 570  660 
869 2 0.0146 0.0248 810  900 
870 2 0.32945 0.6776 570  630 
871 2 0.73345 2.3334 570  660 
872 2 0.5745 1.2306 660  720 
873 2 0.28265 0.4943 780  840 
874 2 0.20544 0.2472 600  660 
875 2 0.045 0.15 690  810 
876 2 0.04272 0.0588 780  840 
877 2 0.0545 0.3875 810  840 
878 2 0.15675 1.0509 600  720 
879 2 0.32474 1.9532 780  870 
880 2 0.168194 0.2588 780  930 
881 2 0.283 0.479 780  870 
882 2 0.017895 0.2676 780  930 
883 2 0.1708 0.2606 780  930 
884 2 0.380774 0.8011 570  660 
885 2 0.08642 0.154 810  900 
886 2 0.010458 0.0705 540  600 
887 2 0.07454 0.1377 540  720 
888 2 0.299 2.3387 810  930 
889 2 0.66995 5.2659 780  930 
890 2 0.07482 0.1997 780  870 
891 2 0.01655 0.0304 570  660 
892 2 0.26359 1.9727 780  900 
893 2 0.07452 0.105 540  660 
894 2 0.195 0.2971 570  720 
895 2 0.275885 0.51 810  930 
896 2 0.168715 0.2864 810  840 
897 2 0.46975 0.7258 780  900 
898 2 0.12743 0.2067 810  840 
899 2 0.06366 0.0892 540  660 
900 2 0.1824 0.2771 660  720 
901 2 0.19888 0.394 660  720 
902 2 0.254245 0.5021 660  720 
903 2 0.05664 0.0889 540  600 
904 2 0.23844 0.3721 810  840 
905 2 0.1004 0.1524 780  900 
906 2 0.02024 0.0416 810  930 
907 2 0.01518 0.0312 600  660 
908 2 0.01518 0.0312 570  720 
909 2 0.03634 0.0657 810  840 
910 2 0.0254 0.0484 570  720 
911 2 0.21636 0.3768 540  720 
912 2 0.15902 0.2896 810  840 
913 2 0.163895 0.2543 810  870 
914 2 0.14435 0.2633 570  630 
915 2 0.54094 0.9143 780  930 
916 2 0.1982 0.3277 570  630 
917 2 0.39089 0.709 660  720 
918 2 0.0143 0.0952 810  900 
919 2 0.0106 0.0415 810  900 
920 2 0.16571 0.2531 810  870 
921 2 0.265376 0.5304 660  810 
922 2 0.2208 0.2723 540  720 
923 2 0.15822 0.272 780  870 
924 2 0.3415 0.3915 600  720 
925 2 0.0768 0.1427 540  660 
926 2 0.71696 1.3074 600  720 
927 2 0.18483 0.356 540  660 
928 2 0.20632 0.3853 810  900 
929 2 0.15067 0.259 780  870 
930 2 0.15967 0.3283 570  630 
931 2 0.19558 0.3229 540  720 
932 2 0.149055 0.2602 780  870 
933 2 0.19763 0.3515 540  660 
934 2 0.17665 0.303 600  660 
935 2 0.21567 0.3832 660  780 
936 2 0.15056 0.2482 780  870 
937 2 0.2135 0.3258 780  840 
938 2 0.2995 0.4536 540  660 
939 2 0.189338 0.331 660  720 
940 2 0.187065 0.3355 780  870 
941 2 0.1509 0.3002 540  660 
942 2 0.16409 0.2725 780  900 
943 2 0.17583 0.3177 570  630 
944 2 0.25158 0.456 780  840 
945 2 0.1709 0.2788 780  840 
946 2 0.29083 0.5124 540  720 
947 2 0.16685 0.2612 570  660 
948 2 0.194 0.2937 810  840 
949 2 0.14915 0.2615 810  870 
950 2 0.18408 0.3315 570  630 
951 2 0.193685 0.3362 660  780 
952 2 0.48497 0.8551 810  840 
953 2 0.101 0.2377 540  600 
954 2 0.012 0.2 690  780 
955 2 0.069 0.2 540  600 
956 2 0.096 0.2 540  600 
957 2 0.0223 0.3033 810  870 
958 2 0.0215 0.14 540  660 
959 2 0.0129 0.084 690  780 
960 2 0.01652 0.1506 810  870 
961 2 0.010154 0.4219 810  900 
962 2 0.101 0.2377 690  780 
963 2 0.01226 0.0438 660  780 
964 2 0.016872 0.1382 780  900 
965 2 0.019728 0.1362 780  930 
966 2 0.0847 0.2817 600  660 
967 2 0.11984 0.357 810  930 
968 2 0.2484 0.733 600  660 
969 2 0.02796 0.097 780  840 
970 2 0.16112 0.3768 780  900 
971 2 0.0266 0.0624 780  870 
972 2 0.25814 0.6851 600  720 
973 2 1.69446 4.7239 690  810 
974 2 0.02796 0.097 660  780 
975 2 0.03012 0.07 690  810 
976 2 1.104 8.5536 660  720 
977 2 0.02796 0.097 660  780 
978 2 0.8 4.998 660  780 
979 2 1.6 9.996 810  870 
980 2 0.02796 0.097 810  840 
981 2 0.67068 1.9792 570  630 
982 2 0.621 1.8326 540  600 
983 2 0.309 1.0075 780  930 
984 2 0.15014 0.3978 780  840 
985 2 0.02796 0.097 600  660 
986 2 1.77606 5.2413 570  630 
987 2 1.242 3.6652 600  660 
988 2 0.1242 0.3665 570  630 
989 2 1.39104 4.105 540  600 
990 2 0.202 0.4754 780  870 
991 2 0.7052 1.6505 570  660 
992 2 0.07329 0.1467 660  810 
993 2 1.104 8.5536 810  870 
994 2 0.02796 0.097 810  930 
995 2 0.02796 0.097 780  840 
996 2 0.31102 0.9203 540  600 
997 2 0.0566 0.3791 570  720 
998 2 0.08877 0.1336 600  660 
999 2 0.0612 0.09 540  600 
1000 2 0.075 0.25 780  870 
1001 3 0 0 480  1440 
1002 3 0 0 480  1440 
1003 3 0 0 480  1440 
1004 3 0 0 480  1440 
1005 3 0 0 480  1440 
1006 3 0 0 480  1440 
1007 3 0 0 480  1440 
1008 3 0 0 480  1440 
1009 3 0 0 480  1440 
1010 3 0 0 480  1440 
1011 3 0 0 480  1440 
1012 3 0 0 480  1440 
1013 3 0 0 480  1440 
1014 3 0 0 480  1440 
1015 3 0 0 480  1440 
1016 3 0 0 480  1440 
1017 3 0 0 480  1440 
1018 3 0 0 480  1440 
1019 3 0 0 480  1440 
1020 3 0 0 480  1440 
1021 3 0 0 480  1440 
1022 3 0 0 480  1440 
1023 3 0 0 480  1440 
1024 3 0 0 480  1440 
1025 3 0 0 480  1440 
1026 3 0 0 480  1440 
1027 3 0 0 480  1440 
1028 3 0 0 480  1440 
1029 3 0 0 480  1440 
1030 3 0 0 480  1440 
1031 3 0 0 480  1440 
1032 3 0 0 480  1440 
1033 3 0 0 480  1440 
1034 3 0 0 480  1440 
1035 3 0 0 480  1440 
1036 3 0 0 480  1440 
1037 3 0 0 480  1440 
1038 3 0 0 480  1440 
1039 3 0 0 480  1440 
1040 3 0 0 480  1440 
1041 3 0 0 480  1440 
1042 3 0 0 480  1440 
1043 3 0 0 480  1440 
1044 3 0 0 480  1440 
1045 3 0 0 480  1440 
1046 3 0 0 480  1440 
1047 3 0 0 480  1440 
1048 3 0 0 480  1440 
1049 3 0 0 480  1440 
1050 3 0 0 480  1440 
1051 3 0 0 480  1440 
1052 3 0 0 480  1440 
1053 3 0 0 480  1440 
1054 3 0 0 480  1440 
1055 3 0 0 480  1440 
1056 3 0 0 480  1440 
1057 3 0 0 480  1440 
1058 3 0 0 480  1440 
1059 3 0 0 480  1440 
1060 3 0 0 480  1440 
1061 3 0 0 480  1440 
1062 3 0 0 480  1440 
1063 3 0 0 480  1440 
1064 3 0 0 480  1440 
1065 3 0 0 480  1440 
1066 3 0 0 480  1440 
1067 3 0 0 480  1440 
1068 3 0 0 480  1440 
1069 3 0 0 480  1440 
1070 3 0 0 480  1440 
1071 3 0 0 480  1440 
1072 3 0 0 480  1440 
1073 3 0 0 480  1440 
1074 3 0 0 480  1440 
1075 3 0 0 480  1440 
1076 3 0 0 480  1440 
1077 3 0 0 480  1440 
1078 3 0 0 480  1440 
1079 3 0 0 480  1440 
1080 3 0 0 480  1440 
1081 3 0 0 480  1440 
1082 3 0 0 480  1440 
1083 3 0 0 480  1440 
1084 3 0 0 480  1440 
1085 3 0 0 480  1440 
1086 3 0 0 480  1440 
1087 3 0 0 480  1440 
1088 3 0 0 480  1440 
1089 3 0 0 480  1440 
1090 3 0 0 480  1440 
1091 3 0 0 480  1440 
1092 3 0 0 480  1440 
1093 3 0 0 480  1440 
1094 3 0 0 480  1440 
1095 3 0 0 480  1440 
1096 3 0 0 480  1440 
1097 3 0 0 480  1440 
1098 3 0 0 480  1440 
1099 3 0 0 480  1440 
1100 3 0 0 480  1440 
